#ProcessMD C:\home_movies_work\cfile.txt mode=1 cycle=5 remove=1 threshold=1.0 run length=3
#original frame count = 5693, decimated frame count = 3609
0 0 500000000.000000
1 0 5.395838
2 0 6.411003
3 1 0.000000
4 0 3.506369
5 1 0.000000
6 0 2.008102
7 0 2.363093
8 1 0.000000
9 0 1.685244
10 0 1.682357
11 1 0.000000
12 0 1.819286
13 0 1.616875
14 1 0.000000
15 0 1.722715
16 1 0.000000
17 0 2.015329
18 0 1.833948
19 1 0.000000
20 0 1.744037
21 0 1.935740
22 1 0.000000
23 0 1.737086
24 1 0.000000
25 0 1.850548
26 0 1.978738
27 1 0.000000
28 0 1.658780
29 0 1.562308
30 1 0.000000
31 0 1.676348
32 0 1.786989
33 1 0.000000
34 0 1.568479
35 1 0.000000
36 0 2.126096
37 0 1.547805
38 1 0.000000
39 0 1.553943
40 0 1.776942
41 1 0.000000
42 0 1.848609
43 1 0.000000
44 0 1.616376
45 0 1.775559
46 1 0.000000
47 0 1.714197
48 0 1.555905
49 1 0.000000
50 0 1.645264
51 0 1.828028
52 1 0.000000
53 0 1.765565
54 1 0.000000
55 0 1.696054
56 0 1.859776
57 1 0.000000
58 0 1.564830
59 0 1.610828
60 1 0.000000
61 0 2.044398
62 1 0.000000
63 0 1.628427
64 0 1.622982
65 1 0.000000
66 0 1.789042
67 0 1.670098
68 1 0.000000
69 0 1.602397
70 0 1.684869
71 1 0.000000
72 0 1.875071
73 1 0.000000
74 0 1.704836
75 0 2.026532
76 1 0.000000
77 0 1.884668
78 0 1.659128
79 1 0.000000
80 0 1.987832
81 1 0.000000
82 0 1.915871
83 0 1.777629
84 1 0.000000
85 0 2.001100
86 0 1.906070
87 1 0.000000
88 0 1.715464
89 0 1.853440
90 1 0.000000
91 0 2.130681
92 1 0.000000
93 0 1.803193
94 0 1.942756
95 1 0.000000
96 0 1.854161
97 0 1.778550
98 1 0.000000
99 0 2.036048
100 1 0.000000
101 0 1.981111
102 0 1.947648
103 1 0.000000
104 0 2.029064
105 0 2.014236
106 1 0.000000
107 0 1.808990
108 0 1.799536
109 1 0.000000
110 0 2.448748
111 1 0.000000
112 0 1.948881
113 0 1.841894
114 1 0.000000
115 0 2.029045
116 0 1.725121
117 1 0.000000
118 0 1.787204
119 1 0.000000
120 0 2.599590
121 0 1.971645
122 1 0.000000
123 0 1.968260
124 0 2.083380
125 1 0.000000
126 0 1.794751
127 0 1.877762
128 1 0.000000
129 0 2.453033
130 1 0.000000
131 0 1.968597
132 0 1.838274
133 1 0.000000
134 0 2.243338
135 0 1.836638
136 1 0.000000
137 0 1.749022
138 1 0.000000
139 0 2.321103
140 0 1.848718
141 1 0.000000
142 0 1.852860
143 0 2.207160
144 1 0.000000
145 0 1.898990
146 0 1.831195
147 1 0.000000
148 0 2.430775
149 1 0.000000
150 0 1.745372
151 0 1.788628
152 1 0.000000
153 0 2.448772
154 0 1.834023
155 1 0.000000
156 0 1.871666
157 1 0.000000
158 0 2.282742
159 0 1.782820
160 1 0.000000
161 0 1.741696
162 0 2.016632
163 1 0.000000
164 0 1.688433
165 0 1.701071
166 1 0.000000
167 0 2.095428
168 1 0.000000
169 0 1.809658
170 0 1.828949
171 1 0.000000
172 0 2.300655
173 0 1.822108
174 1 0.000000
175 0 1.867259
176 1 0.000000
177 0 2.414700
178 0 1.869835
179 1 0.000000
180 0 1.893150
181 0 2.147343
182 1 0.000000
183 0 1.760673
184 0 1.875600
185 1 0.000000
186 0 2.128040
187 1 0.000000
188 0 1.877338
189 0 1.813971
190 1 0.000000
191 0 2.132077
192 0 1.777959
193 1 0.000000
194 0 1.737661
195 1 0.000000
196 0 2.159114
197 0 1.817532
198 1 0.000000
199 0 1.743868
200 0 2.070418
201 1 0.000000
202 0 1.715288
203 0 1.665004
204 1 0.000000
205 0 2.274099
206 1 0.000000
207 0 1.664349
208 0 1.631214
209 1 0.000000
210 0 2.172060
211 0 1.647275
212 1 0.000000
213 0 1.635100
214 1 0.000000
215 0 2.029184
216 0 1.843736
217 1 0.000000
218 0 1.954073
219 0 9.606946
220 1 0.000000
221 0 2.464697
222 0 2.277498
223 1 0.000000
224 0 5.265401
225 1 0.000000
226 0 5.475808
227 0 1.938249
228 1 0.000000
229 0 2.390680
230 0 1.883054
231 1 0.000000
232 0 2.203808
233 1 0.000000
234 0 2.383485
235 0 2.471283
236 1 0.000000
237 0 2.604030
238 0 2.467854
239 1 0.000000
240 0 2.161611
241 0 2.016710
242 1 0.000000
243 0 2.777024
244 1 0.000000
245 0 2.096561
246 0 2.367994
247 1 0.000000
248 0 2.488645
249 0 2.149858
250 1 0.000000
251 0 2.079367
252 1 0.000000
253 0 2.189929
254 0 1.931763
255 1 0.000000
256 0 1.984736
257 0 2.226512
258 1 0.000000
259 0 2.087933
260 0 2.125129
261 1 0.000000
262 0 2.348096
263 1 0.000000
264 0 2.428384
265 0 2.281563
266 1 0.000000
267 0 2.236819
268 0 1.884621
269 1 0.000000
270 0 1.627812
271 1 0.000000
272 0 2.066168
273 0 2.195752
274 1 0.000000
275 0 2.229140
276 0 2.383129
277 1 0.000000
278 0 2.321119
279 0 2.614285
280 1 0.000000
281 0 3.118175
282 1 0.000000
283 0 3.044176
284 0 2.774817
285 1 0.000000
286 0 2.896698
287 0 3.017563
288 1 0.000000
289 0 3.074125
290 1 0.000000
291 0 3.320538
292 0 3.179311
293 1 0.000000
294 0 3.133406
295 0 3.344437
296 1 0.000000
297 0 3.425534
298 0 3.292075
299 1 0.000000
300 0 3.700387
301 1 0.000000
302 0 3.370337
303 0 3.147714
304 1 0.000000
305 0 3.107181
306 0 3.074267
307 1 0.000000
308 0 2.993339
309 0 2.982141
310 1 0.000000
311 0 3.345649
312 1 0.000000
313 0 3.051205
314 0 3.583069
315 1 0.000000
316 0 3.781983
317 0 3.244054
318 1 0.000000
319 0 4.087292
320 1 0.000000
321 0 3.875374
322 0 4.307913
323 1 0.000000
324 0 4.070604
325 0 4.060333
326 1 0.000000
327 0 3.617503
328 0 3.606890
329 1 0.000000
330 0 3.837574
331 1 0.000000
332 0 3.582114
333 0 3.506901
334 1 0.000000
335 0 3.431027
336 0 3.255871
337 1 0.000000
338 0 3.130616
339 1 0.000000
340 0 3.242074
341 0 3.074350
342 1 0.000000
343 0 3.532063
344 0 2.842583
345 1 0.000000
346 0 2.601676
347 0 2.474280
348 1 0.000000
349 0 2.756983
350 1 0.000000
351 0 2.828294
352 0 2.860626
353 1 0.000000
354 0 3.076785
355 0 2.633429
356 1 0.000000
357 0 3.008566
358 1 0.000000
359 0 3.950963
360 0 2.361099
361 1 0.000000
362 0 3.033572
363 0 3.196576
364 1 0.000000
365 0 2.761260
366 0 3.306062
367 1 0.000000
368 0 3.379292
369 1 0.000000
370 0 3.293209
371 0 3.083662
372 1 0.000000
373 0 3.153349
374 0 3.107274
375 1 0.000000
376 0 3.256815
377 1 0.000000
378 0 3.567724
379 0 4.410536
380 1 0.000000
381 0 2.919884
382 0 3.092164
383 1 0.000000
384 0 2.652658
385 0 2.951955
386 1 0.000000
387 0 3.059522
388 1 0.000000
389 0 4.298084
390 0 3.074676
391 1 0.000000
392 0 3.847907
393 0 2.838373
394 1 0.000000
395 0 2.392090
396 1 0.000000
397 0 3.296279
398 0 3.443712
399 1 0.000000
400 0 3.216787
401 0 3.279338
402 1 0.000000
403 0 3.019628
404 0 2.453515
405 1 0.000000
406 0 3.316555
407 1 0.000000
408 0 2.405607
409 0 2.596715
410 1 0.000000
411 0 2.963114
412 0 2.689352
413 1 0.000000
414 0 2.362129
415 1 0.000000
416 0 2.786456
417 0 2.450265
418 1 0.000000
419 0 2.481190
420 0 2.849879
421 1 0.000000
422 0 2.622833
423 0 2.366979
424 1 0.000000
425 0 2.480914
426 1 0.000000
427 0 2.220246
428 0 2.928750
429 1 0.000000
430 0 2.640150
431 0 2.193945
432 1 0.000000
433 0 2.324948
434 1 0.000000
435 0 2.552926
436 0 2.359598
437 1 0.000000
438 0 2.239347
439 0 2.338220
440 1 0.000000
441 0 2.272902
442 0 2.561623
443 1 0.000000
444 0 2.812387
445 1 0.000000
446 0 2.357874
447 0 2.665720
448 1 0.000000
449 0 2.417748
450 0 2.560669
451 1 0.000000
452 0 2.320299
453 0 2.363159
454 1 0.000000
455 0 2.994600
456 1 0.000000
457 0 2.349371
458 0 2.368495
459 1 0.000000
460 0 2.781201
461 0 2.192525
462 1 0.000000
463 0 2.457137
464 1 0.000000
465 0 2.385236
466 0 2.547074
467 1 0.000000
468 0 2.515726
469 0 2.346522
470 1 0.000000
471 0 2.247260
472 0 2.223967
473 1 0.000000
474 0 2.734011
475 1 0.000000
476 0 2.027146
477 0 2.314998
478 1 0.000000
479 0 2.350557
480 0 2.072113
481 1 0.000000
482 0 2.292509
483 1 0.000000
484 0 2.654337
485 0 2.414088
486 1 0.000000
487 0 2.390789
488 0 2.579806
489 1 0.000000
490 0 2.331150
491 0 2.260376
492 1 0.000000
493 0 2.528088
494 1 0.000000
495 0 2.192983
496 0 2.148412
497 1 0.000000
498 0 2.449964
499 0 2.461860
500 1 0.000000
501 0 2.461142
502 1 0.000000
503 0 2.780674
504 0 2.398781
505 1 0.000000
506 0 2.327176
507 0 2.659086
508 1 0.000000
509 0 2.358784
510 0 2.249059
511 1 0.000000
512 0 2.713891
513 1 0.000000
514 0 2.490738
515 0 2.255510
516 1 0.000000
517 0 2.688423
518 0 2.497046
519 1 0.000000
520 0 2.554003
521 1 0.000000
522 0 2.724224
523 0 2.518666
524 1 0.000000
525 0 2.686737
526 0 2.996069
527 1 0.000000
528 0 2.370560
529 0 2.546017
530 1 0.000000
531 0 2.831346
532 1 0.000000
533 0 2.445979
534 0 3.321097
535 1 0.000000
536 0 2.657303
537 0 2.440795
538 1 0.000000
539 0 2.319611
540 1 0.000000
541 0 2.396016
542 0 2.947880
543 1 0.000000
544 0 2.766339
545 0 2.972842
546 1 0.000000
547 0 3.207473
548 0 2.465682
549 1 0.000000
550 0 2.493972
551 1 0.000000
552 0 2.318748
553 0 2.464842
554 1 0.000000
555 0 2.312376
556 0 2.357579
557 1 0.000000
558 0 2.062112
559 0 2.208176
560 1 0.000000
561 0 2.411025
562 1 0.000000
563 0 2.129708
564 0 2.475559
565 1 0.000000
566 0 2.237353
567 0 2.100107
568 1 0.000000
569 0 2.442376
570 1 0.000000
571 0 2.535806
572 0 2.241792
573 1 0.000000
574 0 2.581917
575 0 2.512695
576 1 0.000000
577 0 2.229245
578 0 2.198795
579 1 0.000000
580 0 2.607270
581 1 0.000000
582 0 2.187383
583 0 2.392215
584 1 0.000000
585 0 2.518120
586 0 2.421094
587 1 0.000000
588 0 2.519765
589 1 0.000000
590 0 3.149844
591 0 2.638864
592 1 0.000000
593 0 2.505521
594 0 2.994446
595 1 0.000000
596 0 2.472483
597 0 2.529014
598 1 0.000000
599 0 3.265214
600 1 0.000000
601 0 3.531142
602 0 3.630270
603 1 0.000000
604 0 3.770820
605 0 3.411567
606 1 0.000000
607 0 3.269435
608 1 0.000000
609 0 3.650433
610 0 3.008778
611 1 0.000000
612 0 3.113820
613 0 3.341807
614 1 0.000000
615 0 3.116001
616 0 2.675888
617 1 0.000000
618 0 3.703955
619 1 0.000000
620 0 2.694705
621 0 2.956411
622 1 0.000000
623 0 3.354098
624 0 2.529305
625 1 0.000000
626 0 3.140917
627 1 0.000000
628 0 12.711117
629 0 5.908170
630 1 0.000000
631 0 3.016685
632 0 3.675915
633 1 0.000000
634 0 3.804655
635 0 2.185281
636 1 0.000000
637 0 2.288782
638 1 0.000000
639 0 2.887879
640 0 1.840847
641 1 0.000000
642 0 2.098232
643 0 2.081908
644 1 0.000000
645 0 2.242078
646 1 0.000000
647 0 2.144119
648 0 2.076676
649 1 0.000000
650 0 2.378333
651 0 2.059201
652 1 0.000000
653 0 2.123413
654 0 2.089157
655 1 0.000000
656 0 1.930006
657 1 0.000000
658 0 2.323254
659 0 1.969346
660 1 0.000000
661 0 2.391702
662 0 2.251707
663 1 0.000000
664 0 2.181220
665 0 2.254950
666 1 0.000000
667 0 2.406378
668 1 0.000000
669 0 1.783211
670 0 2.001293
671 1 0.000000
672 0 2.432849
673 0 1.888590
674 1 0.000000
675 0 2.116465
676 1 0.000000
677 0 2.381727
678 0 2.196083
679 1 0.000000
680 0 1.822319
681 0 2.298127
682 1 0.000000
683 0 2.065797
684 0 2.096354
685 1 0.000000
686 0 2.068047
687 1 0.000000
688 0 2.266970
689 0 2.391158
690 1 0.000000
691 0 2.245272
692 0 1.946316
693 1 0.000000
694 0 2.146871
695 1 0.000000
696 0 2.550914
697 0 2.299761
698 1 0.000000
699 0 2.198104
700 0 2.319506
701 1 0.000000
702 0 2.144207
703 0 2.093017
704 1 0.000000
705 0 2.201620
706 1 0.000000
707 0 2.109504
708 0 2.210782
709 1 0.000000
710 0 2.279424
711 0 1.967589
712 1 0.000000
713 0 1.913247
714 1 0.000000
715 0 1.978422
716 0 2.074780
717 1 0.000000
718 0 1.867723
719 0 2.191974
720 1 0.000000
721 0 2.213907
722 0 1.828315
723 1 0.000000
724 0 2.092862
725 1 0.000000
726 0 2.154788
727 0 2.266685
728 1 0.000000
729 0 2.018885
730 0 1.909959
731 1 0.000000
732 0 1.930206
733 1 0.000000
734 0 1.903274
735 0 2.141178
736 1 0.000000
737 0 1.835883
738 0 1.862638
739 1 0.000000
740 0 1.988717
741 0 1.835414
742 1 0.000000
743 0 1.886494
744 1 0.000000
745 0 2.193195
746 0 1.882436
747 1 0.000000
748 0 1.916532
749 0 2.624649
750 1 0.000000
751 0 1.922649
752 0 2.008455
753 1 0.000000
754 0 2.011223
755 1 0.000000
756 0 1.787895
757 0 2.069137
758 1 0.000000
759 0 2.336577
760 0 1.768771
761 1 0.000000
762 0 1.752475
763 1 0.000000
764 0 2.159929
765 0 2.049096
766 1 0.000000
767 0 1.859052
768 0 2.130692
769 1 0.000000
770 0 1.800063
771 0 2.031272
772 1 0.000000
773 0 2.338838
774 1 0.000000
775 0 1.926960
776 0 2.046472
777 1 0.000000
778 0 2.124022
779 0 1.832698
780 1 0.000000
781 0 1.727674
782 1 0.000000
783 0 2.186935
784 0 1.860670
785 1 0.000000
786 0 1.799719
787 0 2.108001
788 1 0.000000
789 0 1.848183
790 0 1.848023
791 1 0.000000
792 0 1.942346
793 1 0.000000
794 0 1.907048
795 0 2.037486
796 1 0.000000
797 0 1.953083
798 0 1.998053
799 1 0.000000
800 0 1.733188
801 1 0.000000
802 0 1.811722
803 0 1.892553
804 1 0.000000
805 0 1.775729
806 0 2.146407
807 1 0.000000
808 0 1.842860
809 0 1.699776
810 1 0.000000
811 0 2.023777
812 1 0.000000
813 0 2.180531
814 0 1.834655
815 1 0.000000
816 0 1.955035
817 0 2.060425
818 1 0.000000
819 0 1.751374
820 0 1.746365
821 1 0.000000
822 0 2.129755
823 1 0.000000
824 0 1.899853
825 0 2.047766
826 1 0.000000
827 0 2.144545
828 0 1.951138
829 1 0.000000
830 0 1.939198
831 1 0.000000
832 0 2.248381
833 0 2.045106
834 1 0.000000
835 0 2.020542
836 0 2.372733
837 1 0.000000
838 0 2.621250
839 0 1.916595
840 1 0.000000
841 0 2.231245
842 1 0.000000
843 0 2.054415
844 0 2.207331
845 1 0.000000
846 0 2.109031
847 0 2.076606
848 1 0.000000
849 0 2.209959
850 1 0.000000
851 0 2.569251
852 0 2.510611
853 1 0.000000
854 0 2.188494
855 0 2.458255
856 1 0.000000
857 0 2.266408
858 0 2.040137
859 1 0.000000
860 0 3.294500
861 1 0.000000
862 0 5.479992
863 0 13.984217
864 1 0.000000
865 0 4.067703
866 0 2.889380
867 1 0.000000
868 0 3.869441
869 1 0.000000
870 0 3.650161
871 0 3.485163
872 1 0.000000
873 0 3.179190
874 0 2.877922
875 1 0.000000
876 0 2.745864
877 0 2.791100
878 1 0.000000
879 0 2.894424
880 1 0.000000
881 0 3.054410
882 0 2.799994
883 1 0.000000
884 0 3.009482
885 0 2.784423
886 1 0.000000
887 0 2.323500
888 0 2.307193
889 1 0.000000
890 0 2.783130
891 1 0.000000
892 0 2.188830
893 0 2.664859
894 1 0.000000
895 0 2.082165
896 0 2.371889
897 1 0.000000
898 0 1.898607
899 1 0.000000
900 0 2.251120
901 0 1.964827
902 1 0.000000
903 0 2.140083
904 0 2.582998
905 1 0.000000
906 0 2.012080
907 0 2.149306
908 1 0.000000
909 0 3.199109
910 1 0.000000
911 0 1.955366
912 0 1.967996
913 1 0.000000
914 0 2.284224
915 0 1.901186
916 1 0.000000
917 0 2.028909
918 1 0.000000
919 0 2.350314
920 0 2.107197
921 1 0.000000
922 0 1.966478
923 0 2.168685
924 1 0.000000
925 0 2.088826
926 0 1.827884
927 1 0.000000
928 0 2.046597
929 1 0.000000
930 0 1.807835
931 0 1.859108
932 1 0.000000
933 0 2.531166
934 0 2.430067
935 1 0.000000
936 0 1.968997
937 1 0.000000
938 0 2.446258
939 0 2.697544
940 1 0.000000
941 0 1.940616
942 0 2.130748
943 1 0.000000
944 0 2.076170
945 0 1.908309
946 1 0.000000
947 0 1.946645
948 1 0.000000
949 0 2.032684
950 0 2.390951
951 1 0.000000
952 0 2.206340
953 0 2.360705
954 1 0.000000
955 0 2.451230
956 0 2.237334
957 1 0.000000
958 0 2.658091
959 1 0.000000
960 0 2.781531
961 0 2.602813
962 1 0.000000
963 0 2.249410
964 0 1.986430
965 1 0.000000
966 0 2.059700
967 1 0.000000
968 0 2.103433
969 0 2.318674
970 1 0.000000
971 0 2.620820
972 0 2.123542
973 1 0.000000
974 0 2.062175
975 0 2.253568
976 1 0.000000
977 0 2.440199
978 1 0.000000
979 0 2.057063
980 0 2.578784
981 1 0.000000
982 0 2.477214
983 0 2.102022
984 1 0.000000
985 0 2.167348
986 1 0.000000
987 0 2.370180
988 0 2.714899
989 1 0.000000
990 0 2.396983
991 0 3.095324
992 1 0.000000
993 0 1.978993
994 0 1.789053
995 1 0.000000
996 0 2.230931
997 1 0.000000
998 0 2.352065
999 0 2.120027
1000 1 0.000000
1001 0 2.303572
1002 0 2.106767
1003 1 0.000000
1004 0 2.409296
1005 1 0.000000
1006 0 2.307702
1007 0 2.104105
1008 1 0.000000
1009 0 2.035433
1010 0 2.781239
1011 1 0.000000
1012 0 2.065443
1013 0 2.101924
1014 1 0.000000
1015 0 2.829242
1016 1 0.000000
1017 0 2.627220
1018 0 2.890359
1019 1 0.000000
1020 0 2.363635
1021 0 2.051283
1022 1 0.000000
1023 0 1.985236
1024 1 0.000000
1025 0 2.464434
1026 0 2.155863
1027 1 0.000000
1028 0 3.075074
1029 0 2.491406
1030 1 0.000000
1031 0 2.069261
1032 0 1.981347
1033 1 0.000000
1034 0 2.166266
1035 1 0.000000
1036 0 1.971041
1037 0 2.298798
1038 1 0.000000
1039 0 2.092105
1040 0 2.188401
1041 1 0.000000
1042 0 1.804627
1043 1 0.000000
1044 0 1.909075
1045 0 2.129040
1046 1 0.000000
1047 0 1.896751
1048 0 1.781825
1049 1 0.000000
1050 0 2.095378
1051 0 1.648595
1052 1 0.000000
1053 0 1.721220
1054 1 0.000000
1055 0 2.353268
1056 0 1.751242
1057 1 0.000000
1058 0 1.928517
1059 0 1.996980
1060 1 0.000000
1061 0 1.844276
1062 0 1.716121
1063 1 0.000000
1064 0 1.985436
1065 1 0.000000
1066 0 2.074377
1067 0 1.927112
1068 1 0.000000
1069 0 2.060805
1070 0 2.013708
1071 1 0.000000
1072 0 1.777198
1073 1 0.000000
1074 0 2.355235
1075 0 1.965675
1076 1 0.000000
1077 0 2.208683
1078 0 2.027264
1079 1 0.000000
1080 0 1.899753
1081 0 1.920884
1082 1 0.000000
1083 0 2.143829
1084 1 0.000000
1085 0 2.390258
1086 0 2.391329
1087 1 0.000000
1088 0 2.170349
1089 0 2.071903
1090 1 0.000000
1091 0 1.990440
1092 1 0.000000
1093 0 1.856046
1094 0 2.260153
1095 1 0.000000
1096 0 1.996550
1097 0 2.079829
1098 1 0.000000
1099 0 2.564654
1100 0 1.823828
1101 1 0.000000
1102 0 2.270617
1103 1 0.000000
1104 0 1.924749
1105 0 1.709095
1106 1 0.000000
1107 0 1.863308
1108 0 1.962587
1109 1 0.000000
1110 0 2.120431
1111 0 2.039572
1112 1 0.000000
1113 0 1.856824
1114 1 0.000000
1115 0 1.798563
1116 0 1.850585
1117 1 0.000000
1118 0 2.204504
1119 0 1.852288
1120 1 0.000000
1121 0 1.705857
1122 1 0.000000
1123 0 1.841656
1124 0 1.682049
1125 1 0.000000
1126 0 1.633048
1127 0 1.977319
1128 1 0.000000
1129 0 1.828349
1130 0 1.907995
1131 1 0.000000
1132 0 2.123335
1133 1 0.000000
1134 0 2.065689
1135 0 2.010036
1136 1 0.000000
1137 0 2.791531
1138 0 15.839033
1139 1 0.000000
1140 0 7.489535
1141 1 0.000000
1142 0 5.180495
1143 0 6.298614
1144 1 0.000000
1145 0 7.358571
1146 0 4.429083
1147 1 0.000000
1148 0 6.096512
1149 0 5.554145
1150 1 0.000000
1151 0 2.727825
1152 1 0.000000
1153 0 2.848218
1154 0 2.227980
1155 1 0.000000
1156 0 4.139524
1157 0 3.820314
1158 1 0.000000
1159 0 2.768006
1160 1 0.000000
1161 0 2.284188
1162 0 2.553848
1163 1 0.000000
1164 0 3.008918
1165 0 2.084720
1166 1 0.000000
1167 0 3.510079
1168 0 3.586686
1169 1 0.000000
1170 0 2.865264
1171 1 0.000000
1172 0 3.900637
1173 0 3.824326
1174 1 0.000000
1175 0 4.065112
1176 0 4.639926
1177 1 0.000000
1178 0 3.293816
1179 1 0.000000
1180 0 2.420517
1181 0 2.829543
1182 1 0.000000
1183 0 4.352277
1184 0 3.230138
1185 1 0.000000
1186 0 2.467243
1187 0 2.462490
1188 1 0.000000
1189 0 2.051640
1190 1 0.000000
1191 0 2.785821
1192 0 2.583725
1193 1 0.000000
1194 0 1.912022
1195 0 3.462297
1196 1 0.000000
1197 0 3.939253
1198 0 3.492162
1199 1 0.000000
1200 0 3.482613
1201 1 0.000000
1202 0 2.061450
1203 0 3.426928
1204 1 0.000000
1205 0 2.233012
1206 0 2.381975
1207 1 0.000000
1208 0 3.155609
1209 1 0.000000
1210 0 2.834087
1211 0 2.737990
1212 1 0.000000
1213 0 4.422147
1214 0 4.122759
1215 1 0.000000
1216 0 4.415728
1217 0 3.332989
1218 1 0.000000
1219 0 4.090827
1220 1 0.000000
1221 0 2.409024
1222 0 3.700693
1223 1 0.000000
1224 0 4.437001
1225 0 4.407660
1226 1 0.000000
1227 0 4.175555
1228 0 3.286753
1229 1 0.000000
1230 0 4.401689
1231 1 0.000000
1232 0 3.340834
1233 0 4.961473
1234 1 0.000000
1235 0 4.450213
1236 0 5.435740
1237 1 0.000000
1238 0 5.503989
1239 1 0.000000
1240 0 5.611173
1241 0 6.374325
1242 1 0.000000
1243 0 5.423324
1244 0 5.870095
1245 1 0.000000
1246 0 4.891154
1247 0 4.873082
1248 1 0.000000
1249 0 5.515823
1250 1 0.000000
1251 0 4.543445
1252 0 5.204028
1253 1 0.000000
1254 0 6.172722
1255 0 2.084226
1256 1 0.000000
1257 0 4.013656
1258 1 0.000000
1259 0 4.750038
1260 0 4.579724
1261 1 0.000000
1262 0 4.001132
1263 0 4.634882
1264 1 0.000000
1265 0 4.151330
1266 0 3.703571
1267 1 0.000000
1268 0 5.449271
1269 1 0.000000
1270 0 4.220943
1271 0 4.196866
1272 1 0.000000
1273 0 4.654593
1274 0 5.612858
1275 1 0.000000
1276 0 5.413193
1277 1 0.000000
1278 0 5.348708
1279 0 5.186609
1280 1 0.000000
1281 0 5.226246
1282 0 4.829254
1283 1 0.000000
1284 0 4.178690
1285 0 3.769273
1286 1 0.000000
1287 0 4.267785
1288 1 0.000000
1289 0 3.740130
1290 0 4.166147
1291 1 0.000000
1292 0 3.068035
1293 0 4.120937
1294 1 0.000000
1295 0 3.962850
1296 0 3.985339
1297 1 0.000000
1298 0 4.385175
1299 1 0.000000
1300 0 4.083869
1301 0 3.240744
1302 1 0.000000
1303 0 4.259551
1304 0 3.681379
1305 1 0.000000
1306 0 4.376228
1307 1 0.000000
1308 0 3.817876
1309 0 3.916777
1310 1 0.000000
1311 0 4.252215
1312 0 4.367833
1313 1 0.000000
1314 0 3.879007
1315 0 4.317668
1316 1 0.000000
1317 0 3.873801
1318 1 0.000000
1319 0 4.225358
1320 0 3.896285
1321 1 0.000000
1322 0 4.349892
1323 0 2.929558
1324 1 0.000000
1325 0 3.940067
1326 1 0.000000
1327 0 2.084487
1328 0 2.883189
1329 1 0.000000
1330 0 3.245077
1331 0 7.993798
1332 1 0.000000
1333 0 30.766497
1334 0 20.262873
1335 1 0.000000
1336 0 10.915831
1337 1 0.000000
1338 0 8.896866
1339 0 9.337107
1340 1 0.000000
1341 0 8.230761
1342 0 4.288670
1343 1 0.000000
1344 0 4.717338
1345 0 3.990458
1346 1 0.000000
1347 0 5.422494
1348 1 0.000000
1349 0 3.287635
1350 0 2.361772
1351 1 0.000000
1352 0 3.224245
1353 0 3.963527
1354 1 0.000000
1355 0 5.179907
1356 1 0.000000
1357 0 3.255740
1358 0 3.679231
1359 1 0.000000
1360 0 3.580517
1361 0 3.278120
1362 1 0.000000
1363 0 3.211131
1364 0 2.740273
1365 1 0.000000
1366 0 2.698872
1367 1 0.000000
1368 0 2.094585
1369 0 2.388641
1370 1 0.000000
1371 0 4.077554
1372 0 2.492483
1373 1 0.000000
1374 0 2.465083
1375 1 0.000000
1376 0 3.020368
1377 0 2.500649
1378 1 0.000000
1379 0 2.576029
1380 0 3.213997
1381 1 0.000000
1382 0 2.420741
1383 0 2.385659
1384 1 0.000000
1385 0 2.183754
1386 1 0.000000
1387 0 2.141974
1388 0 2.961190
1389 1 0.000000
1390 0 2.331709
1391 0 2.368745
1392 1 0.000000
1393 0 1.797874
1394 0 2.256096
1395 1 0.000000
1396 0 2.924427
1397 1 0.000000
1398 0 2.651269
1399 0 6.021941
1400 1 0.000000
1401 0 5.989811
1402 0 3.718397
1403 1 0.000000
1404 0 3.166103
1405 1 0.000000
1406 0 3.028340
1407 0 2.156049
1408 1 0.000000
1409 0 2.931548
1410 0 2.349376
1411 1 0.000000
1412 0 2.953019
1413 0 3.746506
1414 1 0.000000
1415 0 2.501231
1416 1 0.000000
1417 0 2.332268
1418 0 2.015784
1419 1 0.000000
1420 0 2.106925
1421 0 1.949081
1422 1 0.000000
1423 0 2.305803
1424 1 0.000000
1425 0 3.011989
1426 0 3.051426
1427 1 0.000000
1428 0 2.502894
1429 0 2.460765
1430 1 0.000000
1431 0 3.444271
1432 0 2.709412
1433 1 0.000000
1434 0 2.836091
1435 1 0.000000
1436 0 2.579079
1437 0 2.598614
1438 1 0.000000
1439 0 3.938986
1440 0 2.128981
1441 1 0.000000
1442 0 1.819576
1443 0 2.098775
1444 1 0.000000
1445 0 2.120700
1446 1 0.000000
1447 0 1.915525
1448 0 2.634655
1449 1 0.000000
1450 0 2.033869
1451 0 1.960995
1452 1 0.000000
1453 0 1.859529
1454 1 0.000000
1455 0 2.002970
1456 0 1.872124
1457 1 0.000000
1458 0 1.959557
1459 0 2.335720
1460 1 0.000000
1461 0 2.431164
1462 0 2.031752
1463 1 0.000000
1464 0 2.325007
1465 1 0.000000
1466 0 2.149243
1467 0 1.835174
1468 1 0.000000
1469 0 2.191493
1470 0 2.278031
1471 1 0.000000
1472 0 2.461046
1473 1 0.000000
1474 0 2.348797
1475 0 2.926059
1476 1 0.000000
1477 0 2.304172
1478 0 2.540973
1479 1 0.000000
1480 0 2.243482
1481 0 1.807564
1482 1 0.000000
1483 0 2.539532
1484 1 0.000000
1485 0 2.497392
1486 0 1.821584
1487 1 0.000000
1488 0 2.420836
1489 0 1.918448
1490 1 0.000000
1491 0 2.271982
1492 0 2.014413
1493 1 0.000000
1494 0 2.442763
1495 1 0.000000
1496 0 2.499115
1497 0 2.412771
1498 1 0.000000
1499 0 1.992233
1500 0 1.942078
1501 1 0.000000
1502 0 2.558662
1503 1 0.000000
1504 0 1.975493
1505 0 2.106004
1506 1 0.000000
1507 0 2.419856
1508 0 2.185207
1509 1 0.000000
1510 0 1.900968
1511 0 1.956708
1512 1 0.000000
1513 0 2.483533
1514 1 0.000000
1515 0 1.885447
1516 0 2.005083
1517 1 0.000000
1518 0 2.527355
1519 0 2.315033
1520 1 0.000000
1521 0 2.107342
1522 1 0.000000
1523 0 2.743100
1524 0 2.063107
1525 1 0.000000
1526 0 2.348138
1527 0 2.624938
1528 1 0.000000
1529 0 2.076391
1530 0 2.213563
1531 1 0.000000
1532 0 2.539039
1533 1 0.000000
1534 0 2.006960
1535 0 2.559142
1536 1 0.000000
1537 0 2.332356
1538 0 1.887454
1539 1 0.000000
1540 0 1.859015
1541 1 0.000000
1542 0 2.734902
1543 0 2.196041
1544 1 0.000000
1545 0 2.045939
1546 0 2.316118
1547 1 0.000000
1548 0 2.022710
1549 0 2.305641
1550 1 0.000000
1551 0 2.144368
1552 1 0.000000
1553 0 2.133682
1554 0 2.123353
1555 1 0.000000
1556 0 2.424530
1557 0 2.098504
1558 1 0.000000
1559 0 2.045082
1560 0 1.903354
1561 1 0.000000
1562 0 2.756309
1563 1 0.000000
1564 0 2.517032
1565 0 2.763258
1566 1 0.000000
1567 0 2.230581
1568 0 2.031035
1569 1 0.000000
1570 0 2.188462
1571 1 0.000000
1572 0 2.419479
1573 0 2.426052
1574 1 0.000000
1575 0 2.492532
1576 0 2.191990
1577 1 0.000000
1578 0 1.762256
1579 0 1.724340
1580 1 0.000000
1581 0 2.140659
1582 1 0.000000
1583 0 1.902392
1584 0 2.024986
1585 1 0.000000
1586 0 2.428464
1587 0 1.961690
1588 1 0.000000
1589 0 1.938712
1590 1 0.000000
1591 0 2.465689
1592 0 2.239705
1593 1 0.000000
1594 0 1.995932
1595 0 2.488809
1596 1 0.000000
1597 0 2.051659
1598 0 1.949194
1599 1 0.000000
1600 0 2.285720
1601 1 0.000000
1602 0 1.905415
1603 0 1.810681
1604 1 0.000000
1605 0 2.049844
1606 0 2.021954
1607 1 0.000000
1608 0 2.207819
1609 0 2.038842
1610 1 0.000000
1611 0 2.093948
1612 1 0.000000
1613 0 1.771141
1614 0 2.073050
1615 1 0.000000
1616 0 1.988225
1617 0 1.691781
1618 1 0.000000
1619 0 1.755267
1620 1 0.000000
1621 0 2.332719
1622 0 1.889253
1623 1 0.000000
1624 0 2.041222
1625 0 2.430908
1626 1 0.000000
1627 0 2.450724
1628 0 1.702857
1629 1 0.000000
1630 0 2.183858
1631 1 0.000000
1632 0 1.845753
1633 0 2.185418
1634 1 0.000000
1635 0 2.730104
1636 0 1.889480
1637 1 0.000000
1638 0 2.484437
1639 1 0.000000
1640 0 2.216688
1641 0 4.303206
1642 1 0.000000
1643 0 7.000750
1644 0 10.445724
1645 1 0.000000
1646 0 2.927716
1647 0 2.849775
1648 1 0.000000
1649 0 2.052211
1650 1 0.000000
1651 0 3.768761
1652 0 2.416516
1653 1 0.000000
1654 0 2.688145
1655 0 2.383491
1656 1 0.000000
1657 0 2.106942
1658 0 2.266253
1659 1 0.000000
1660 0 2.536612
1661 1 0.000000
1662 0 2.215296
1663 0 2.984158
1664 1 0.000000
1665 0 2.878235
1666 0 2.105333
1667 1 0.000000
1668 0 1.973327
1669 1 0.000000
1670 0 3.047258
1671 0 2.711350
1672 1 0.000000
1673 0 2.229663
1674 0 2.443755
1675 1 0.000000
1676 0 2.157704
1677 0 2.124855
1678 1 0.000000
1679 0 2.661345
1680 1 0.000000
1681 0 1.863539
1682 0 1.976777
1683 1 0.000000
1684 0 2.511270
1685 0 2.133013
1686 1 0.000000
1687 0 1.747797
1688 1 0.000000
1689 0 2.781421
1690 0 2.350363
1691 1 0.000000
1692 0 1.971299
1693 0 2.121076
1694 1 0.000000
1695 0 2.126971
1696 0 1.820134
1697 1 0.000000
1698 0 1.809050
1699 1 0.000000
1700 0 2.254444
1701 0 2.892185
1702 1 0.000000
1703 0 2.024088
1704 0 1.480391
1705 1 0.000000
1706 0 1.389535
1707 1 0.000000
1708 0 1.450697
1709 0 1.555574
1710 1 0.000000
1711 0 1.623435
1712 0 1.517862
1713 1 0.000000
1714 0 1.430117
1715 0 1.552993
1716 1 0.000000
1717 0 1.547568
1718 1 0.000000
1719 0 1.844744
1720 0 1.496982
1721 1 0.000000
1722 0 1.500213
1723 0 1.433032
1724 1 0.000000
1725 0 1.415528
1726 0 1.579440
1727 1 0.000000
1728 0 1.703961
1729 1 0.000000
1730 0 1.620433
1731 0 1.615370
1732 1 0.000000
1733 0 1.832481
1734 0 1.637697
1735 1 0.000000
1736 0 1.566216
1737 1 0.000000
1738 0 1.845518
1739 0 1.471055
1740 1 0.000000
1741 0 1.643771
1742 0 1.789408
1743 1 0.000000
1744 0 1.518382
1745 0 1.585789
1746 1 0.000000
1747 0 1.466471
1748 1 0.000000
1749 0 1.505322
1750 0 1.728939
1751 1 0.000000
1752 0 1.704638
1753 0 1.433703
1754 1 0.000000
1755 0 1.453201
1756 1 0.000000
1757 0 1.703763
1758 0 1.530929
1759 1 0.000000
1760 0 1.689894
1761 0 1.620321
1762 1 0.000000
1763 0 1.609470
1764 0 1.661083
1765 1 0.000000
1766 0 1.607484
1767 1 0.000000
1768 0 1.503610
1769 0 1.423271
1770 1 0.000000
1771 0 1.449498
1772 0 1.593474
1773 1 0.000000
1774 0 1.453667
1775 1 0.000000
1776 0 1.413236
1777 0 1.564099
1778 1 0.000000
1779 0 1.441257
1780 0 1.444964
1781 1 0.000000
1782 0 1.656500
1783 0 1.529041
1784 1 0.000000
1785 0 1.472236
1786 1 0.000000
1787 0 1.746918
1788 0 1.490052
1789 1 0.000000
1790 0 1.410662
1791 0 1.551333
1792 1 0.000000
1793 0 1.413996
1794 1 0.000000
1795 0 1.404164
1796 0 1.641697
1797 1 0.000000
1798 0 1.540967
1799 0 1.465821
1800 1 0.000000
1801 0 1.640084
1802 0 1.439524
1803 1 0.000000
1804 0 1.378377
1805 1 0.000000
1806 0 1.523328
1807 0 1.443366
1808 1 0.000000
1809 0 1.378295
1810 0 1.504454
1811 1 0.000000
1812 0 1.462244
1813 0 1.468681
1814 1 0.000000
1815 0 1.464583
1816 1 0.000000
1817 0 1.526902
1818 0 1.500443
1819 1 0.000000
1820 0 1.610599
1821 0 1.575788
1822 1 0.000000
1823 0 1.370904
1824 1 0.000000
1825 0 1.442452
1826 0 1.597054
1827 1 0.000000
1828 0 1.524218
1829 0 1.398429
1830 1 0.000000
1831 0 1.580515
1832 0 1.543927
1833 1 0.000000
1834 0 1.785914
1835 1 0.000000
1836 0 1.970774
1837 0 1.628711
1838 1 0.000000
1839 0 1.743997
1840 0 1.876172
1841 1 0.000000
1842 0 1.427147
1843 0 1.606638
1844 1 0.000000
1845 0 1.760899
1846 1 0.000000
1847 0 1.477714
1848 0 1.523233
1849 1 0.000000
1850 0 1.773414
1851 0 1.464434
1852 1 0.000000
1853 0 1.566345
1854 0 1.525100
1855 1 0.000000
1856 0 1.715104
1857 1 0.000000
1858 0 1.563740
1859 0 1.611002
1860 1 0.000000
1861 0 1.624642
1862 0 1.516806
1863 1 0.000000
1864 0 1.818633
1865 1 0.000000
1866 0 2.008353
1867 0 1.964219
1868 1 0.000000
1869 0 1.655155
1870 0 1.627245
1871 1 0.000000
1872 0 1.419734
1873 0 1.717014
1874 1 0.000000
1875 0 1.786458
1876 1 0.000000
1877 0 1.857159
1878 0 1.467226
1879 1 0.000000
1880 0 1.913755
1881 0 1.723775
1882 1 0.000000
1883 0 1.589118
1884 1 0.000000
1885 0 1.957523
1886 0 1.485561
1887 1 0.000000
1888 0 1.568307
1889 0 1.759381
1890 1 0.000000
1891 0 1.467007
1892 0 1.473824
1893 1 0.000000
1894 0 1.803091
1895 1 0.000000
1896 0 1.435567
1897 0 1.493222
1898 1 0.000000
1899 0 1.664774
1900 0 1.527512
1901 1 0.000000
1902 0 1.579252
1903 0 1.623043
1904 1 0.000000
1905 0 1.921997
1906 1 0.000000
1907 0 1.577438
1908 0 1.651249
1909 1 0.000000
1910 0 1.724515
1911 0 1.603232
1912 1 0.000000
1913 0 1.766654
1914 1 0.000000
1915 0 1.673889
1916 0 1.545076
1917 1 0.000000
1918 0 1.762491
1919 0 1.690389
1920 1 0.000000
1921 0 2.945428
1922 0 10.020245
1923 0 1.375165
1924 0 2.673364
1925 1 0.000000
1926 0 3.692234
1927 0 4.214935
1928 1 0.000000
1929 0 2.532178
1930 0 3.845800
1931 1 0.000000
1932 0 3.534376
1933 1 0.000000
1934 0 3.360329
1935 0 3.222928
1936 1 0.000000
1937 0 1.834316
1938 0 2.098259
1939 1 0.000000
1940 0 1.743660
1941 0 2.001976
1942 1 0.000000
1943 0 2.310564
1944 1 0.000000
1945 0 2.250994
1946 0 1.866643
1947 1 0.000000
1948 0 2.642234
1949 0 2.282437
1950 1 0.000000
1951 0 1.856773
1952 1 0.000000
1953 0 2.397105
1954 0 2.985161
1955 1 0.000000
1956 0 2.972039
1957 0 1.915616
1958 1 0.000000
1959 0 2.264136
1960 0 1.847089
1961 1 0.000000
1962 0 1.749606
1963 1 0.000000
1964 0 2.063618
1965 0 1.912458
1966 1 0.000000
1967 0 2.321770
1968 0 2.043291
1969 1 0.000000
1970 0 2.287949
1971 0 2.425884
1972 1 0.000000
1973 0 2.842249
1974 1 0.000000
1975 0 2.433060
1976 0 2.395282
1977 1 0.000000
1978 0 2.735925
1979 0 2.239171
1980 1 0.000000
1981 0 1.954595
1982 1 0.000000
1983 0 2.208464
1984 0 1.793436
1985 1 0.000000
1986 0 1.777921
1987 0 2.052495
1988 1 0.000000
1989 0 2.870771
1990 0 2.988310
1991 1 0.000000
1992 0 3.033367
1993 1 0.000000
1994 0 3.225100
1995 0 2.911700
1996 1 0.000000
1997 0 2.677433
1998 0 2.300669
1999 1 0.000000
2000 0 2.036500
2001 1 0.000000
2002 0 2.118121
2003 0 3.084331
2004 1 0.000000
2005 0 2.867612
2006 0 2.283926
2007 1 0.000000
2008 0 2.884209
2009 0 2.312191
2010 1 0.000000
2011 0 2.721232
2012 1 0.000000
2013 0 3.851133
2014 0 2.603187
2015 1 0.000000
2016 0 3.632425
2017 0 2.988683
2018 1 0.000000
2019 0 2.032330
2020 0 2.222111
2021 1 0.000000
2022 0 2.586356
2023 1 0.000000
2024 0 2.370272
2025 0 2.179044
2026 1 0.000000
2027 0 3.057348
2028 0 2.309810
2029 1 0.000000
2030 0 3.251288
2031 1 0.000000
2032 0 3.661120
2033 0 3.143930
2034 1 0.000000
2035 0 3.252075
2036 0 3.599323
2037 1 0.000000
2038 0 3.119761
2039 0 2.866392
2040 1 0.000000
2041 0 3.568176
2042 1 0.000000
2043 0 3.382384
2044 0 2.791584
2045 1 0.000000
2046 0 2.599959
2047 0 3.283000
2048 1 0.000000
2049 0 2.889940
2050 0 2.723137
2051 1 0.000000
2052 0 3.835702
2053 1 0.000000
2054 0 2.129814
2055 0 2.117465
2056 1 0.000000
2057 0 2.620891
2058 0 3.497860
2059 1 0.000000
2060 0 2.331728
2061 1 0.000000
2062 0 3.117224
2063 0 2.580312
2064 1 0.000000
2065 0 2.630095
2066 0 3.486654
2067 1 0.000000
2068 0 3.100635
2069 0 2.664650
2070 1 0.000000
2071 0 3.407661
2072 1 0.000000
2073 0 3.015640
2074 0 3.724909
2075 1 0.000000
2076 0 4.278386
2077 0 3.446543
2078 1 0.000000
2079 0 2.965248
2080 1 0.000000
2081 0 3.254096
2082 0 2.579207
2083 1 0.000000
2084 0 3.240646
2085 0 3.447104
2086 1 0.000000
2087 0 2.699334
2088 0 2.474153
2089 1 0.000000
2090 0 2.594326
2091 1 0.000000
2092 0 2.279401
2093 0 3.073976
2094 1 0.000000
2095 0 3.000786
2096 0 3.028429
2097 1 0.000000
2098 0 1.970692
2099 0 3.146459
2100 1 0.000000
2101 0 3.225398
2102 1 0.000000
2103 0 3.683687
2104 0 3.669964
2105 1 0.000000
2106 0 2.895239
2107 0 2.787777
2108 1 0.000000
2109 0 3.196939
2110 1 0.000000
2111 0 3.041218
2112 0 3.568876
2113 1 0.000000
2114 0 2.308372
2115 0 3.679323
2116 1 0.000000
2117 0 2.759626
2118 0 2.218642
2119 1 0.000000
2120 0 3.235233
2121 1 0.000000
2122 0 2.942139
2123 0 2.250756
2124 1 0.000000
2125 0 2.936244
2126 0 2.599855
2127 1 0.000000
2128 0 2.651464
2129 0 3.652093
2130 1 0.000000
2131 0 3.297205
2132 1 0.000000
2133 0 3.692979
2134 0 4.169167
2135 1 0.000000
2136 0 3.942829
2137 0 4.718498
2138 1 0.000000
2139 0 3.213975
2140 0 3.476778
2141 1 0.000000
2142 0 3.624016
2143 1 0.000000
2144 0 4.567879
2145 0 3.919984
2146 1 0.000000
2147 0 3.343663
2148 0 3.125794
2149 1 0.000000
2150 0 3.319758
2151 1 0.000000
2152 0 3.517740
2153 0 3.463239
2154 1 0.000000
2155 0 2.855782
2156 0 2.860212
2157 1 0.000000
2158 0 2.384013
2159 1 0.000000
2160 0 2.833219
2161 0 3.291077
2162 1 0.000000
2163 0 2.428595
2164 0 2.860939
2165 1 0.000000
2166 0 2.251106
2167 0 2.327684
2168 1 0.000000
2169 0 2.844324
2170 1 0.000000
2171 0 2.910159
2172 0 3.226736
2173 1 0.000000
2174 0 3.158123
2175 0 2.881740
2176 1 0.000000
2177 0 3.343012
2178 1 0.000000
2179 0 3.605511
2180 0 3.768132
2181 1 0.000000
2182 0 2.789682
2183 0 3.008500
2184 1 0.000000
2185 0 2.726087
2186 0 2.273346
2187 1 0.000000
2188 0 3.478845
2189 1 0.000000
2190 0 2.625976
2191 0 2.609762
2192 1 0.000000
2193 0 2.416844
2194 0 3.876498
2195 1 0.000000
2196 0 2.159067
2197 0 2.950587
2198 1 0.000000
2199 0 2.784732
2200 1 0.000000
2201 0 3.325545
2202 0 2.864255
2203 1 0.000000
2204 0 2.860812
2205 0 2.497257
2206 1 0.000000
2207 0 2.412211
2208 1 0.000000
2209 0 3.242691
2210 0 4.370393
2211 1 0.000000
2212 0 3.066697
2213 0 2.747175
2214 1 0.000000
2215 0 2.264360
2216 0 2.190858
2217 1 0.000000
2218 0 2.790854
2219 1 0.000000
2220 0 2.664122
2221 0 2.884034
2222 1 0.000000
2223 0 4.035827
2224 0 3.809236
2225 1 0.000000
2226 0 2.435534
2227 1 0.000000
2228 0 2.401629
2229 0 3.447492
2230 1 0.000000
2231 0 3.314519
2232 0 3.056403
2233 1 0.000000
2234 0 2.993632
2235 0 2.730453
2236 1 0.000000
2237 0 2.241391
2238 1 0.000000
2239 0 2.476502
2240 0 2.141404
2241 1 0.000000
2242 0 2.117441
2243 0 2.283375
2244 1 0.000000
2245 0 2.828029
2246 0 2.191482
2247 1 0.000000
2248 0 2.310005
2249 1 0.000000
2250 0 1.867670
2251 0 2.792676
2252 1 0.000000
2253 0 2.130616
2254 0 1.881792
2255 1 0.000000
2256 0 1.934078
2257 1 0.000000
2258 0 2.787150
2259 0 2.571778
2260 1 0.000000
2261 0 1.771145
2262 0 2.536123
2263 1 0.000000
2264 0 2.195421
2265 0 1.837191
2266 1 0.000000
2267 0 2.343309
2268 1 0.000000
2269 0 1.807056
2270 0 2.476613
2271 1 0.000000
2272 0 2.884222
2273 0 2.843004
2274 1 0.000000
2275 0 1.755963
2276 1 0.000000
2277 0 3.035963
2278 0 2.206054
2279 1 0.000000
2280 0 2.385802
2281 0 2.868306
2282 1 0.000000
2283 0 3.010492
2284 0 1.826242
2285 1 0.000000
2286 0 1.943555
2287 1 0.000000
2288 0 2.915123
2289 0 1.842015
2290 1 0.000000
2291 0 2.067196
2292 0 2.539022
2293 1 0.000000
2294 0 2.524658
2295 0 1.857811
2296 1 0.000000
2297 0 2.752906
2298 1 0.000000
2299 0 2.433745
2300 0 2.386082
2301 1 0.000000
2302 0 2.564218
2303 0 2.605186
2304 1 0.000000
2305 0 2.063520
2306 1 0.000000
2307 0 2.566656
2308 0 1.943410
2309 1 0.000000
2310 0 2.449549
2311 0 2.356415
2312 1 0.000000
2313 0 2.329543
2314 0 1.707138
2315 1 0.000000
2316 0 3.153397
2317 1 0.000000
2318 0 2.555106
2319 0 1.924842
2320 1 0.000000
2321 0 2.008003
2322 0 2.183854
2323 1 0.000000
2324 0 2.112182
2325 1 0.000000
2326 0 2.344230
2327 0 2.196776
2328 1 0.000000
2329 0 1.979892
2330 0 1.854446
2331 1 0.000000
2332 0 2.152551
2333 0 2.270874
2334 1 0.000000
2335 0 2.857864
2336 1 0.000000
2337 0 2.602406
2338 0 2.358320
2339 1 0.000000
2340 0 2.027508
2341 0 2.247606
2342 1 0.000000
2343 0 3.041444
2344 0 2.423971
2345 1 0.000000
2346 0 2.726911
2347 1 0.000000
2348 0 1.881574
2349 0 1.847169
2350 1 0.000000
2351 0 2.234560
2352 0 2.510045
2353 1 0.000000
2354 0 2.125627
2355 1 0.000000
2356 0 3.093839
2357 0 2.243509
2358 1 0.000000
2359 0 3.703976
2360 0 2.369776
2361 1 0.000000
2362 0 2.094108
2363 0 1.881437
2364 1 0.000000
2365 0 2.536075
2366 1 0.000000
2367 0 2.318030
2368 0 2.251906
2369 1 0.000000
2370 0 2.811623
2371 0 2.717152
2372 1 0.000000
2373 0 2.478356
2374 0 3.260109
2375 1 0.000000
2376 0 2.428256
2377 1 0.000000
2378 0 1.889668
2379 0 2.633577
2380 1 0.000000
2381 0 2.639841
2382 0 2.508796
2383 1 0.000000
2384 0 3.948641
2385 1 0.000000
2386 0 4.454020
2387 0 4.965312
2388 1 0.000000
2389 0 14.563717
2390 0 3.117357
2391 1 0.000000
2392 0 1.732100
2393 0 1.743191
2394 1 0.000000
2395 0 1.471885
2396 1 0.000000
2397 0 1.606608
2398 0 1.640741
2399 1 0.000000
2400 0 1.875163
2401 0 1.703634
2402 1 0.000000
2403 0 1.464242
2404 1 0.000000
2405 0 1.441680
2406 0 1.436943
2407 1 0.000000
2408 0 1.495420
2409 0 1.441372
2410 1 0.000000
2411 0 1.460610
2412 0 1.410049
2413 1 0.000000
2414 0 1.572915
2415 1 0.000000
2416 0 1.527166
2417 0 1.691010
2418 1 0.000000
2419 0 1.579228
2420 0 1.592385
2421 1 0.000000
2422 0 1.555259
2423 1 0.000000
2424 0 1.593123
2425 0 1.470842
2426 1 0.000000
2427 0 1.487031
2428 0 1.628555
2429 1 0.000000
2430 0 1.558674
2431 0 1.666606
2432 1 0.000000
2433 0 1.599069
2434 1 0.000000
2435 0 1.626475
2436 0 1.557524
2437 1 0.000000
2438 0 1.671620
2439 0 1.494452
2440 1 0.000000
2441 0 1.701091
2442 0 2.000358
2443 1 0.000000
2444 0 2.377181
2445 1 0.000000
2446 0 2.724094
2447 0 2.802773
2448 1 0.000000
2449 0 2.332414
2450 0 2.552634
2451 1 0.000000
2452 0 2.835722
2453 1 0.000000
2454 0 2.790296
2455 0 3.341316
2456 1 0.000000
2457 0 2.724954
2458 0 2.676906
2459 1 0.000000
2460 0 2.422579
2461 0 2.613556
2462 1 0.000000
2463 0 2.480802
2464 1 0.000000
2465 0 2.850328
2466 0 2.692556
2467 1 0.000000
2468 0 2.575856
2469 0 3.126281
2470 1 0.000000
2471 0 2.719877
2472 0 2.864211
2473 1 0.000000
2474 0 3.450022
2475 1 0.000000
2476 0 3.421847
2477 0 3.748862
2478 1 0.000000
2479 0 3.776433
2480 0 3.342061
2481 1 0.000000
2482 0 3.412887
2483 1 0.000000
2484 0 3.626777
2485 0 3.278246
2486 1 0.000000
2487 0 3.051347
2488 0 2.958044
2489 1 0.000000
2490 0 2.689705
2491 0 2.608437
2492 1 0.000000
2493 0 3.020746
2494 1 0.000000
2495 0 2.976080
2496 0 3.930967
2497 1 0.000000
2498 0 4.308846
2499 0 4.128883
2500 1 0.000000
2501 0 4.107256
2502 1 0.000000
2503 0 3.903178
2504 0 4.732351
2505 1 0.000000
2506 0 3.923584
2507 0 3.448807
2508 1 0.000000
2509 0 3.619989
2510 0 4.208280
2511 1 0.000000
2512 0 11.754429
2513 0 1.581585
2514 0 2.611733
2515 0 8.269685
2516 0 13.059384
2517 0 7.064878
2518 1 0.000000
2519 0 7.860994
2520 1 0.000000
2521 0 17.851614
2522 1 0.000000
2523 0 17.750050
2524 0 4.314436
2525 0 4.357475
2526 1 0.000000
2527 0 4.338612
2528 0 4.556001
2529 1 0.000000
2530 0 3.807431
2531 0 3.965916
2532 1 0.000000
2533 0 3.938404
2534 1 0.000000
2535 0 3.767382
2536 0 3.691872
2537 1 0.000000
2538 0 3.635775
2539 0 3.956992
2540 1 0.000000
2541 0 3.862511
2542 0 4.085214
2543 1 0.000000
2544 0 4.600300
2545 1 0.000000
2546 0 4.089363
2547 1 0.377000
2548 0 4.995878
2549 1 0.000000
2550 0 3.553870
2551 0 3.762722
2552 1 0.000000
2553 0 4.685846
2554 1 0.000000
2555 0 4.153172
2556 0 4.358332
2557 1 0.000000
2558 0 4.687436
2559 0 4.253848
2560 1 0.000000
2561 0 4.203429
2562 1 0.000000
2563 0 3.991009
2564 0 3.643106
2565 1 0.000000
2566 0 4.337197
2567 0 3.842616
2568 1 0.000000
2569 0 3.935516
2570 0 3.951886
2571 0 1.849672
2572 0 3.395016
2573 1 0.000000
2574 0 3.187736
2575 0 3.212531
2576 1 0.000000
2577 0 3.913215
2578 0 3.206387
2579 1 0.000000
2580 0 3.030185
2581 1 0.000000
2582 0 3.026606
2583 0 3.249192
2584 1 0.000000
2585 0 3.158037
2586 0 3.052346
2587 1 0.000000
2588 0 3.389187
2589 0 2.835835
2590 1 0.000000
2591 0 2.780757
2592 0 3.172255
2593 1 0.000000
2594 0 3.312083
2595 0 2.610221
2596 1 0.000000
2597 0 2.833945
2598 0 2.585195
2599 0 1.008935
2600 0 2.315816
2601 1 0.000000
2602 0 2.696398
2603 0 2.585114
2604 1 0.000000
2605 0 2.247401
2606 1 0.000000
2607 0 2.378902
2608 0 2.257873
2609 1 0.000000
2610 0 2.361612
2611 0 2.367344
2612 1 0.000000
2613 0 2.732517
2614 1 0.000000
2615 0 2.403184
2616 0 3.153951
2617 1 0.000000
2618 0 2.530331
2619 0 2.565682
2620 1 0.000000
2621 0 2.949320
2622 0 3.598112
2623 1 0.000000
2624 0 3.666323
2625 1 0.000000
2626 0 4.501075
2627 0 4.332452
2628 1 0.000000
2629 0 4.101652
2630 0 4.726897
2631 1 0.000000
2632 0 38.463612
2633 1 0.000000
2634 0 11.769786
2635 0 6.995399
2636 1 0.000000
2637 0 5.427448
2638 0 5.461025
2639 1 0.000000
2640 0 5.763666
2641 0 6.737341
2642 1 0.000000
2643 0 6.066800
2644 1 0.000000
2645 0 6.432345
2646 0 5.050645
2647 1 0.000000
2648 0 4.338763
2649 0 4.298604
2650 1 0.000000
2651 0 4.325750
2652 1 0.000000
2653 0 3.814992
2654 0 4.538026
2655 1 0.000000
2656 0 4.943145
2657 0 3.840048
2658 1 0.000000
2659 0 4.027351
2660 0 4.372518
2661 1 0.000000
2662 0 4.874191
2663 1 0.000000
2664 0 3.630675
2665 0 4.182523
2666 1 0.000000
2667 0 5.305585
2668 0 5.203388
2669 1 0.000000
2670 0 4.657990
2671 1 0.000000
2672 0 4.678789
2673 0 3.763217
2674 1 0.000000
2675 0 3.855952
2676 0 5.190525
2677 1 0.000000
2678 0 4.159787
2679 0 4.075071
2680 1 0.000000
2681 0 4.042585
2682 1 0.000000
2683 0 3.859065
2684 0 3.972251
2685 1 0.000000
2686 0 4.177155
2687 0 4.634690
2688 1 0.000000
2689 0 3.820759
2690 0 4.595101
2691 1 0.000000
2692 0 4.182732
2693 1 0.000000
2694 0 4.854100
2695 0 4.129360
2696 1 0.000000
2697 0 4.344709
2698 0 4.592665
2699 1 0.000000
2700 0 4.740007
2701 1 0.000000
2702 0 3.801912
2703 0 4.971411
2704 1 0.000000
2705 0 3.839636
2706 0 5.128418
2707 1 0.000000
2708 0 4.257522
2709 0 4.028901
2710 1 0.000000
2711 0 5.586549
2712 1 0.000000
2713 0 4.801933
2714 0 4.897568
2715 1 0.000000
2716 0 4.962325
2717 0 4.128758
2718 0 1.622147
2719 0 3.652749
2720 0 5.447430
2721 1 0.000000
2722 0 4.731229
2723 1 0.000000
2724 0 4.867421
2725 0 5.305648
2726 1 0.000000
2727 0 4.712164
2728 0 4.415746
2729 1 0.000000
2730 0 4.836250
2731 1 0.000000
2732 0 4.269629
2733 0 4.169277
2734 1 0.000000
2735 0 4.521887
2736 0 4.159554
2737 1 0.000000
2738 0 4.970405
2739 0 5.183133
2740 1 0.000000
2741 0 8.233866
2742 1 0.000000
2743 0 7.173295
2744 0 3.718426
2745 0 7.300041
2746 0 2.109013
2747 0 4.572835
2748 1 0.000000
2749 0 7.243110
2750 0 7.812499
2751 1 0.000000
2752 0 10.297010
2753 1 0.000000
2754 0 7.512757
2755 0 9.539452
2756 1 0.000000
2757 0 8.213606
2758 0 4.454877
2759 1 0.000000
2760 0 3.884594
2761 1 0.000000
2762 0 3.578449
2763 0 4.386154
2764 1 0.000000
2765 0 4.823937
2766 0 4.015911
2767 1 0.000000
2768 0 4.344847
2769 1 0.000000
2770 0 4.380331
2771 0 4.104442
2772 1 0.000000
2773 0 4.424541
2774 0 5.015073
2775 1 0.000000
2776 0 4.032873
2777 0 4.216569
2778 1 0.000000
2779 0 3.807100
2780 1 0.000000
2781 0 3.841377
2782 0 4.434634
2783 1 0.000000
2784 0 4.607290
2785 0 5.019138
2786 1 0.000000
2787 0 4.818040
2788 0 4.314814
2789 1 0.000000
2790 0 4.924735
2791 1 0.000000
2792 0 4.474262
2793 0 4.751250
2794 1 0.000000
2795 0 4.855568
2796 0 4.860576
2797 1 0.000000
2798 0 4.464716
2799 1 0.000000
2800 0 4.992916
2801 0 4.572230
2802 1 0.000000
2803 0 4.037472
2804 0 5.148497
2805 1 0.000000
2806 0 4.818269
2807 0 4.975896
2808 1 0.000000
2809 0 5.231851
2810 1 0.000000
2811 0 4.645129
2812 0 4.223781
2813 1 0.000000
2814 0 4.696959
2815 0 4.200139
2816 1 0.000000
2817 0 4.434816
2818 0 4.315845
2819 1 0.000000
2820 0 5.256358
2821 1 0.000000
2822 0 4.634429
2823 0 6.297952
2824 1 0.000000
2825 0 4.887355
2826 0 4.563471
2827 1 0.000000
2828 0 4.852961
2829 1 0.000000
2830 0 4.708874
2831 0 4.144352
2832 1 0.000000
2833 0 4.382111
2834 0 4.652794
2835 1 0.000000
2836 0 4.434204
2837 0 4.281033
2838 1 0.000000
2839 0 4.595234
2840 1 0.000000
2841 0 4.261543
2842 0 4.008927
2843 1 0.000000
2844 0 4.592900
2845 0 3.925026
2846 1 0.000000
2847 0 3.748178
2848 1 0.000000
2849 0 4.989491
2850 0 4.533746
2851 1 0.000000
2852 0 4.538266
2853 0 4.432340
2854 1 0.000000
2855 0 5.032891
2856 0 5.017910
2857 1 0.000000
2858 0 6.211004
2859 1 0.000000
2860 0 5.400633
2861 0 5.111553
2862 1 0.000000
2863 0 5.659209
2864 0 5.401263
2865 1 0.000000
2866 0 4.227693
2867 0 4.319204
2868 1 0.000000
2869 0 4.175254
2870 1 0.000000
2871 0 3.762377
2872 0 3.872796
2873 1 0.000000
2874 0 4.025557
2875 0 3.479823
2876 1 0.000000
2877 0 4.179268
2878 1 0.000000
2879 0 4.248458
2880 0 4.183539
2881 1 0.000000
2882 0 4.453722
2883 0 5.197986
2884 1 0.000000
2885 0 4.638888
2886 0 3.995827
2887 1 0.000000
2888 0 4.262454
2889 1 0.000000
2890 0 4.322555
2891 0 5.077656
2892 1 0.000000
2893 0 4.926402
2894 0 4.555182
2895 1 0.000000
2896 0 4.777885
2897 0 4.405754
2898 1 0.000000
2899 0 5.757016
2900 1 0.000000
2901 0 5.055961
2902 0 5.101348
2903 1 0.000000
2904 0 5.798516
2905 0 4.649307
2906 1 0.000000
2907 0 4.959775
2908 1 0.000000
2909 0 5.434807
2910 0 4.809815
2911 1 0.000000
2912 0 4.837807
2913 0 5.999754
2914 1 0.000000
2915 0 5.093488
2916 0 5.598008
2917 1 0.000000
2918 0 6.045420
2919 1 0.000000
2920 0 4.966962
2921 0 4.390492
2922 1 0.000000
2923 0 4.628288
2924 0 4.286158
2925 1 0.000000
2926 0 3.601421
2927 1 0.000000
2928 0 3.786504
2929 0 3.506691
2930 1 0.000000
2931 0 4.557063
2932 0 4.464407
2933 1 0.000000
2934 0 4.397547
2935 0 3.547590
2936 1 0.000000
2937 0 4.336950
2938 1 0.000000
2939 0 4.426490
2940 0 3.748011
2941 1 0.000000
2942 0 3.815728
2943 0 4.181042
2944 1 0.000000
2945 0 3.179266
2946 0 3.416807
2947 1 0.000000
2948 0 4.186796
2949 1 0.000000
2950 0 3.175190
2951 0 2.945542
2952 1 0.000000
2953 0 3.926981
2954 0 3.513581
2955 1 0.000000
2956 0 2.826920
2957 1 0.000000
2958 0 3.040144
2959 0 2.978791
2960 1 0.000000
2961 0 3.066721
2962 0 3.959004
2963 1 0.000000
2964 0 2.687777
2965 0 3.007288
2966 1 0.000000
2967 0 4.556635
2968 1 0.000000
2969 0 2.972482
2970 0 3.370615
2971 1 0.000000
2972 0 4.855147
2973 0 3.486570
2974 1 0.000000
2975 0 2.930991
2976 1 0.000000
2977 0 3.024670
2978 0 3.463265
2979 1 0.000000
2980 0 2.977038
2981 0 3.406880
2982 1 0.000000
2983 0 3.691355
2984 0 2.743011
2985 1 0.000000
2986 0 3.501560
2987 1 0.000000
2988 0 4.188409
2989 0 4.464294
2990 1 0.000000
2991 0 6.296780
2992 0 32.677250
2993 1 0.000000
2994 0 4.118330
2995 0 3.048170
2996 1 0.000000
2997 0 4.036867
2998 1 0.000000
2999 0 2.676127
3000 0 1.935892
3001 1 0.000000
3002 0 4.316003
3003 0 2.514194
3004 1 0.000000
3005 0 2.522472
3006 1 0.000000
3007 0 3.669808
3008 0 2.206368
3009 1 0.000000
3010 0 2.065791
3011 0 3.193036
3012 1 0.000000
3013 0 2.733460
3014 0 1.967242
3015 1 0.000000
3016 0 3.494197
3017 1 0.000000
3018 0 3.294579
3019 0 1.946439
3020 1 0.000000
3021 0 2.614395
3022 0 2.230882
3023 1 0.000000
3024 0 2.676059
3025 0 2.590753
3026 1 0.000000
3027 0 2.705313
3028 1 0.000000
3029 0 2.306133
3030 0 2.855266
3031 1 0.000000
3032 0 4.456825
3033 0 2.801052
3034 1 0.000000
3035 0 2.992972
3036 1 0.000000
3037 0 3.797157
3038 0 3.354887
3039 1 0.000000
3040 0 2.395048
3041 0 2.992405
3042 1 0.000000
3043 0 2.373011
3044 0 3.755546
3045 1 0.000000
3046 0 3.182516
3047 1 0.000000
3048 0 2.423612
3049 0 2.234482
3050 1 0.000000
3051 0 2.810952
3052 0 3.313108
3053 1 0.000000
3054 0 2.555196
3055 0 2.441354
3056 1 0.000000
3057 0 3.367085
3058 1 0.000000
3059 0 2.312804
3060 0 2.744133
3061 1 0.000000
3062 0 2.972700
3063 0 2.081211
3064 1 0.000000
3065 0 2.318056
3066 1 0.000000
3067 0 3.768198
3068 0 3.451237
3069 1 0.000000
3070 0 3.953077
3071 0 3.720415
3072 1 0.000000
3073 0 2.349259
3074 0 2.960046
3075 1 0.000000
3076 0 2.457666
3077 1 0.000000
3078 0 3.379158
3079 0 3.233969
3080 1 0.000000
3081 0 3.632207
3082 0 3.034748
3083 1 0.000000
3084 0 2.309735
3085 0 2.600848
3086 1 0.000000
3087 0 3.389370
3088 1 0.000000
3089 0 2.520155
3090 0 3.294643
3091 1 0.000000
3092 0 2.648360
3093 0 2.184487
3094 1 0.000000
3095 0 2.507713
3096 1 0.000000
3097 0 2.953457
3098 0 2.767995
3099 1 0.000000
3100 0 2.636557
3101 0 2.834017
3102 1 0.000000
3103 0 1.834941
3104 0 1.863534
3105 1 0.000000
3106 0 2.623679
3107 1 0.000000
3108 0 2.164711
3109 0 2.554833
3110 1 0.000000
3111 0 4.097901
3112 0 2.236701
3113 1 0.000000
3114 0 2.027572
3115 1 0.000000
3116 0 2.459068
3117 0 2.296987
3118 1 0.000000
3119 0 2.114416
3120 0 2.539907
3121 1 0.000000
3122 0 2.288744
3123 0 2.272976
3124 1 0.000000
3125 0 2.689977
3126 1 0.000000
3127 0 2.728039
3128 0 1.801684
3129 1 0.000000
3130 0 1.948180
3131 0 1.960081
3132 1 0.000000
3133 0 2.110752
3134 0 1.701165
3135 1 0.000000
3136 0 3.371550
3137 1 0.000000
3138 0 1.796206
3139 0 2.131650
3140 1 0.000000
3141 0 2.747412
3142 0 1.835823
3143 1 0.000000
3144 0 2.032895
3145 1 0.000000
3146 0 1.841993
3147 0 2.055902
3148 1 0.000000
3149 0 1.582507
3150 0 2.448031
3151 1 0.000000
3152 0 1.527012
3153 0 1.555319
3154 1 0.000000
3155 0 2.308463
3156 1 0.000000
3157 0 1.969052
3158 0 1.725139
3159 1 0.000000
3160 0 2.345795
3161 0 1.594978
3162 1 0.000000
3163 0 1.659636
3164 0 1.770161
3165 1 0.000000
3166 0 2.245649
3167 1 0.000000
3168 0 1.596364
3169 0 2.117121
3170 1 0.000000
3171 0 2.323354
3172 0 1.720080
3173 1 0.000000
3174 0 1.836187
3175 1 0.000000
3176 0 2.136514
3177 0 1.710775
3178 1 0.000000
3179 0 1.870076
3180 0 2.452741
3181 1 0.000000
3182 0 1.872890
3183 0 2.005328
3184 1 0.000000
3185 0 2.165717
3186 1 0.000000
3187 0 1.789576
3188 0 1.807813
3189 1 0.000000
3190 0 2.290007
3191 0 1.569522
3192 1 0.000000
3193 0 1.703430
3194 1 0.000000
3195 0 2.251223
3196 0 1.664455
3197 1 0.000000
3198 0 1.709432
3199 0 2.530410
3200 1 0.000000
3201 0 1.906191
3202 0 1.572802
3203 1 0.000000
3204 0 1.768271
3205 1 0.000000
3206 0 2.019569
3207 0 2.046797
3208 1 0.000000
3209 0 2.115858
3210 0 1.967586
3211 1 0.000000
3212 0 1.494836
3213 0 1.545734
3214 1 0.000000
3215 0 2.100398
3216 1 0.000000
3217 0 1.662627
3218 0 1.756779
3219 1 0.000000
3220 0 2.380727
3221 0 1.681438
3222 1 0.000000
3223 0 1.566427
3224 1 0.000000
3225 0 2.371620
3226 0 1.620642
3227 1 0.000000
3228 0 1.744643
3229 0 2.162594
3230 1 0.000000
3231 0 1.736317
3232 0 1.530861
3233 1 0.000000
3234 0 2.203148
3235 1 0.000000
3236 0 1.925015
3237 0 1.975420
3238 1 0.000000
3239 0 2.117131
3240 0 1.872028
3241 1 0.000000
3242 0 1.598825
3243 1 0.000000
3244 0 1.894022
3245 0 2.127786
3246 1 0.000000
3247 0 1.805684
3248 0 1.921719
3249 1 0.000000
3250 0 2.003355
3251 0 1.779291
3252 1 0.000000
3253 0 1.563400
3254 1 0.000000
3255 0 2.230379
3256 0 1.546041
3257 1 0.000000
3258 0 1.643334
3259 0 2.255520
3260 1 0.000000
3261 0 1.598045
3262 0 1.873083
3263 1 0.000000
3264 0 2.364229
3265 1 0.000000
3266 0 2.069639
3267 0 1.646639
3268 1 0.000000
3269 0 2.128454
3270 0 1.725105
3271 1 0.000000
3272 0 1.826333
3273 1 0.000000
3274 0 2.105966
3275 0 1.951072
3276 1 0.000000
3277 0 3.615139
3278 0 3.971070
3279 1 0.000000
3280 0 15.504638
3281 0 4.037362
3282 1 0.000000
3283 0 2.603794
3284 1 0.000000
3285 0 2.474148
3286 0 2.416642
3287 1 0.000000
3288 0 2.332535
3289 0 2.304728
3290 1 0.000000
3291 0 1.943815
3292 0 1.993293
3293 1 0.000000
3294 0 2.541081
3295 1 0.000000
3296 0 2.339827
3297 0 2.444750
3298 1 0.000000
3299 0 2.452525
3300 0 1.988704
3301 1 0.000000
3302 0 2.248181
3303 1 0.000000
3304 0 2.511755
3305 0 2.218408
3306 1 0.000000
3307 0 2.095295
3308 0 2.524053
3309 1 0.000000
3310 0 2.517159
3311 0 1.953171
3312 1 0.000000
3313 0 2.443881
3314 1 0.000000
3315 0 2.070164
3316 0 2.188425
3317 1 0.000000
3318 0 2.169197
3319 0 2.702889
3320 1 0.000000
3321 0 2.091382
3322 0 2.150229
3323 1 0.000000
3324 0 2.262713
3325 1 0.000000
3326 0 2.395853
3327 0 1.941990
3328 1 0.000000
3329 0 2.352566
3330 0 1.964055
3331 1 0.000000
3332 0 1.959345
3333 1 0.000000
3334 0 2.653182
3335 0 2.032029
3336 1 0.000000
3337 0 2.020545
3338 0 2.091106
3339 1 0.000000
3340 0 2.240541
3341 0 2.149652
3342 1 0.000000
3343 0 2.183610
3344 1 0.000000
3345 0 2.322366
3346 0 2.089257
3347 1 0.000000
3348 0 2.425987
3349 0 2.127810
3350 1 0.000000
3351 0 2.100288
3352 0 2.057404
3353 1 0.000000
3354 0 2.278057
3355 1 0.000000
3356 0 2.024850
3357 0 2.352291
3358 1 0.000000
3359 0 2.083168
3360 0 1.814662
3361 1 0.000000
3362 0 2.103845
3363 1 0.000000
3364 0 2.154859
3365 0 1.914789
3366 1 0.000000
3367 0 2.275197
3368 0 2.259318
3369 1 0.000000
3370 0 1.988854
3371 0 1.887301
3372 1 0.000000
3373 0 2.224133
3374 1 0.000000
3375 0 2.030383
3376 0 1.998463
3377 1 0.000000
3378 0 2.264213
3379 0 2.102333
3380 1 0.000000
3381 0 1.831645
3382 0 2.071982
3383 1 0.000000
3384 0 1.995373
3385 1 0.000000
3386 0 1.995405
3387 0 2.208848
3388 1 0.000000
3389 0 1.899447
3390 0 1.891546
3391 1 0.000000
3392 0 2.006941
3393 1 0.000000
3394 0 2.045104
3395 0 1.924549
3396 1 0.000000
3397 0 2.146575
3398 0 2.165192
3399 1 0.000000
3400 0 1.831383
3401 0 1.894027
3402 1 0.000000
3403 0 2.336964
3404 1 0.000000
3405 0 2.142508
3406 0 1.941443
3407 1 0.000000
3408 0 2.370235
3409 0 1.862975
3410 1 0.000000
3411 0 1.938394
3412 1 0.000000
3413 0 2.561430
3414 0 1.952098
3415 1 0.000000
3416 0 1.965888
3417 0 2.116805
3418 1 0.000000
3419 0 1.820535
3420 0 1.791263
3421 1 0.000000
3422 0 2.035805
3423 1 0.000000
3424 0 2.090291
3425 0 2.560028
3426 1 0.000000
3427 0 2.899267
3428 0 2.836018
3429 1 0.000000
3430 0 2.443503
3431 0 2.420524
3432 1 0.000000
3433 0 2.720746
3434 1 0.000000
3435 0 2.494965
3436 0 2.388364
3437 1 0.000000
3438 0 2.395242
3439 0 2.485689
3440 1 0.000000
3441 0 2.348249
3442 1 0.000000
3443 0 2.502543
3444 0 2.083136
3445 1 0.000000
3446 0 1.756683
3447 0 2.420449
3448 1 0.000000
3449 0 2.274154
3450 0 2.528001
3451 1 0.000000
3452 0 2.556874
3453 1 0.000000
3454 0 2.356315
3455 0 2.257366
3456 1 0.000000
3457 0 2.423718
3458 0 2.394987
3459 1 0.000000
3460 0 2.536583
3461 1 0.000000
3462 0 2.366035
3463 0 2.298721
3464 1 0.000000
3465 0 2.198708
3466 0 2.289498
3467 1 0.000000
3468 0 2.340284
3469 0 2.110678
3470 1 0.000000
3471 0 2.158833
3472 1 0.000000
3473 0 2.581153
3474 0 2.492551
3475 1 0.000000
3476 0 2.033490
3477 0 2.417815
3478 1 0.000000
3479 0 2.014131
3480 0 2.031612
3481 1 0.000000
3482 0 2.452805
3483 1 0.000000
3484 0 2.013102
3485 0 2.065802
3486 1 0.000000
3487 0 2.195460
3488 0 1.876586
3489 1 0.000000
3490 0 2.210188
3491 0 2.162927
3492 1 0.000000
3493 0 2.278272
3494 1 0.000000
3495 0 2.054382
3496 0 2.162144
3497 1 0.000000
3498 0 2.097312
3499 0 2.274645
3500 1 0.000000
3501 0 2.042788
3502 1 0.000000
3503 0 2.337566
3504 0 1.843951
3505 1 0.000000
3506 0 2.033086
3507 0 2.358955
3508 1 0.000000
3509 0 1.887877
3510 0 2.321736
3511 1 0.000000
3512 0 2.263600
3513 1 0.000000
3514 0 3.161962
3515 0 7.829984
3516 1 0.000000
3517 0 30.588285
3518 0 7.807710
3519 1 0.000000
3520 0 2.574099
3521 1 0.000000
3522 0 2.829153
3523 0 1.853168
3524 1 0.000000
3525 0 2.135718
3526 0 3.001188
3527 1 0.000000
3528 0 2.738995
3529 0 2.080637
3530 1 0.000000
3531 0 2.700506
3532 1 0.000000
3533 0 2.084451
3534 0 2.003435
3535 1 0.000000
3536 0 2.395181
3537 0 2.606910
3538 1 0.000000
3539 0 2.252150
3540 1 0.000000
3541 0 1.922995
3542 0 2.883865
3543 1 0.000000
3544 0 1.521011
3545 0 1.527214
3546 1 0.000000
3547 0 3.018901
3548 0 1.539285
3549 1 0.000000
3550 0 2.415618
3551 1 0.000000
3552 0 3.231229
3553 0 2.141919
3554 1 0.000000
3555 0 1.850957
3556 0 2.839598
3557 1 0.000000
3558 0 1.658242
3559 0 1.854553
3560 1 0.000000
3561 0 2.193163
3562 1 0.000000
3563 0 1.942643
3564 0 1.663425
3565 1 0.000000
3566 0 2.643965
3567 0 2.494755
3568 1 0.000000
3569 0 2.050493
3570 1 0.000000
3571 0 2.403928
3572 0 2.408155
3573 1 0.000000
3574 0 1.917473
3575 0 2.534785
3576 1 0.000000
3577 0 2.964959
3578 0 1.706185
3579 1 0.000000
3580 0 1.547024
3581 1 0.000000
3582 0 2.691311
3583 0 1.537139
3584 1 0.000000
3585 0 1.640068
3586 0 2.587782
3587 1 0.000000
3588 0 1.556783
3589 0 1.514748
3590 1 0.000000
3591 0 2.568328
3592 1 0.000000
3593 0 1.699277
3594 0 1.683992
3595 1 0.000000
3596 0 2.365844
3597 0 1.874213
3598 1 0.000000
3599 0 1.654300
3600 0 1.607748
3601 1 0.000000
3602 0 2.478908
3603 1 0.000000
3604 0 1.604298
3605 0 2.304451
3606 1 0.000000
3607 0 2.396906
3608 0 1.697189
3609 1 0.000000
3610 0 1.778688
3611 1 0.000000
3612 0 2.500772
3613 0 1.749277
3614 1 0.000000
3615 0 1.741209
3616 0 2.482453
3617 1 0.000000
3618 0 1.764932
3619 0 1.706895
3620 1 0.000000
3621 0 2.722887
3622 1 0.000000
3623 0 1.884700
3624 0 1.679431
3625 1 0.000000
3626 0 2.736242
3627 0 1.796273
3628 1 0.000000
3629 0 1.774029
3630 1 0.000000
3631 0 2.783227
3632 0 1.865875
3633 1 0.000000
3634 0 1.791040
3635 0 2.650692
3636 1 0.000000
3637 0 2.354344
3638 0 2.006310
3639 1 0.000000
3640 0 2.485188
3641 1 0.000000
3642 0 2.626159
3643 0 1.967572
3644 1 0.000000
3645 0 2.490172
3646 0 2.640875
3647 1 0.000000
3648 0 2.071285
3649 0 2.193251
3650 1 0.000000
3651 0 3.716584
3652 1 0.000000
3653 0 2.431214
3654 0 2.431717
3655 1 0.000000
3656 0 3.193986
3657 0 2.008653
3658 1 0.000000
3659 0 2.150420
3660 1 0.000000
3661 0 3.401826
3662 0 2.023441
3663 1 0.000000
3664 0 2.322220
3665 0 3.444842
3666 1 0.000000
3667 0 2.279761
3668 0 2.145234
3669 1 0.000000
3670 0 2.795529
3671 1 0.000000
3672 0 2.707378
3673 0 2.432356
3674 1 0.000000
3675 0 2.831637
3676 0 2.893203
3677 1 0.000000
3678 0 2.624075
3679 0 2.455682
3680 1 0.000000
3681 0 3.992569
3682 1 0.000000
3683 0 2.784803
3684 0 2.685391
3685 1 0.000000
3686 0 3.741140
3687 0 2.477729
3688 1 0.000000
3689 0 2.670787
3690 1 0.000000
3691 0 3.784364
3692 0 2.503155
3693 1 0.000000
3694 0 3.067420
3695 0 4.099450
3696 1 0.000000
3697 0 3.162874
3698 0 3.262516
3699 1 0.000000
3700 0 3.713102
3701 1 0.000000
3702 0 2.895256
3703 0 2.832421
3704 1 0.000000
3705 0 3.002219
3706 0 2.883359
3707 1 0.000000
3708 0 2.621842
3709 0 2.560834
3710 1 0.000000
3711 0 3.561698
3712 1 0.000000
3713 0 2.752935
3714 0 3.013318
3715 1 0.000000
3716 0 3.883274
3717 0 2.744428
3718 1 0.000000
3719 0 2.660220
3720 1 0.000000
3721 0 3.619240
3722 0 2.965485
3723 1 0.000000
3724 0 2.933001
3725 0 3.514569
3726 1 0.000000
3727 0 2.833530
3728 0 2.530572
3729 1 0.000000
3730 0 3.197198
3731 1 0.000000
3732 0 2.968600
3733 0 2.817328
3734 1 0.000000
3735 0 3.667213
3736 0 3.214947
3737 1 0.000000
3738 0 2.980152
3739 1 0.000000
3740 0 3.050090
3741 0 3.298551
3742 1 0.000000
3743 0 2.869943
3744 0 3.129145
3745 1 0.000000
3746 0 3.372657
3747 0 2.953385
3748 1 0.000000
3749 0 2.740691
3750 1 0.000000
3751 0 3.131031
3752 0 3.092377
3753 1 0.000000
3754 0 2.792625
3755 0 3.536893
3756 1 0.000000
3757 0 3.065262
3758 0 2.632207
3759 1 0.000000
3760 0 3.691753
3761 1 0.000000
3762 0 3.318800
3763 0 3.516434
3764 1 0.000000
3765 0 3.824908
3766 0 3.173535
3767 1 0.000000
3768 0 3.738273
3769 1 0.000000
3770 0 4.244112
3771 0 3.765539
3772 1 0.000000
3773 0 3.754870
3774 0 4.008897
3775 1 0.000000
3776 0 3.306995
3777 0 3.293974
3778 1 0.000000
3779 0 2.934172
3780 1 0.000000
3781 0 2.448777
3782 0 2.784659
3783 1 0.000000
3784 0 3.111760
3785 0 2.771794
3786 1 0.000000
3787 0 2.420990
3788 0 2.700634
3789 1 0.000000
3790 0 3.733408
3791 1 0.000000
3792 0 3.200401
3793 0 3.574640
3794 1 0.000000
3795 0 5.089806
3796 0 22.533455
3797 1 0.000000
3798 0 3.849376
3799 1 0.000000
3800 0 4.369037
3801 0 2.570642
3802 1 0.000000
3803 0 1.661003
3804 0 2.848420
3805 1 0.000000
3806 0 2.182363
3807 0 2.174877
3808 1 0.000000
3809 0 2.957065
3810 1 0.000000
3811 0 2.694284
3812 0 2.615166
3813 1 0.000000
3814 0 2.959115
3815 0 2.813075
3816 1 0.000000
3817 0 1.551293
3818 0 1.705519
3819 1 0.000000
3820 0 3.040323
3821 1 0.000000
3822 0 1.554351
3823 0 1.989312
3824 1 0.000000
3825 0 2.377999
3826 0 1.965591
3827 1 0.000000
3828 0 1.648456
3829 1 0.000000
3830 0 3.636451
3831 0 2.040839
3832 1 0.000000
3833 0 2.750297
3834 0 2.762440
3835 1 0.000000
3836 0 2.267719
3837 0 1.917201
3838 1 0.000000
3839 0 3.318483
3840 1 0.000000
3841 0 1.814823
3842 0 1.771485
3843 1 0.000000
3844 0 2.181192
3845 0 1.944719
3846 1 0.000000
3847 0 1.855931
3848 1 0.000000
3849 0 2.142547
3850 0 2.211258
3851 1 0.000000
3852 0 1.562270
3853 0 1.892612
3854 1 0.000000
3855 0 2.344798
3856 0 1.508332
3857 1 0.000000
3858 0 1.655054
3859 1 0.000000
3860 0 2.678162
3861 0 2.064457
3862 1 0.000000
3863 0 1.518977
3864 0 2.778052
3865 1 0.000000
3866 0 1.558905
3867 1 0.000000
3868 0 1.586362
3869 0 2.975566
3870 1 0.000000
3871 0 2.029578
3872 0 1.783798
3873 1 0.000000
3874 0 2.625190
3875 0 1.850821
3876 1 0.000000
3877 0 1.836302
3878 1 0.000000
3879 0 2.312297
3880 0 2.018187
3881 1 0.000000
3882 0 1.553799
3883 0 1.998249
3884 1 0.000000
3885 0 2.584483
3886 0 1.573980
3887 1 0.000000
3888 0 2.050193
3889 1 0.000000
3890 0 2.569143
3891 0 1.694974
3892 1 0.000000
3893 0 1.625632
3894 0 3.218377
3895 1 0.000000
3896 0 2.255906
3897 1 0.000000
3898 0 1.533705
3899 0 2.777788
3900 1 0.000000
3901 0 1.746316
3902 0 1.560142
3903 1 0.000000
3904 0 2.603108
3905 0 1.659716
3906 1 0.000000
3907 0 1.615844
3908 1 0.000000
3909 0 2.747853
3910 0 1.668479
3911 1 0.000000
3912 0 1.769183
3913 0 2.457723
3914 1 0.000000
3915 0 1.769219
3916 0 1.627639
3917 1 0.000000
3918 0 2.303658
3919 1 0.000000
3920 0 2.411586
3921 0 1.954944
3922 1 0.000000
3923 0 2.418301
3924 0 3.004217
3925 1 0.000000
3926 0 1.996876
3927 1 0.000000
3928 0 2.033655
3929 0 3.145214
3930 1 0.000000
3931 0 2.225270
3932 0 2.250552
3933 1 0.000000
3934 0 3.380682
3935 0 2.679268
3936 1 0.000000
3937 0 3.557277
3938 1 0.000000
3939 0 4.002114
3940 0 2.945445
3941 1 0.000000
3942 0 2.855132
3943 0 4.065092
3944 1 0.000000
3945 0 3.834664
3946 0 3.655063
3947 1 0.000000
3948 0 3.827005
3949 1 0.000000
3950 0 3.442487
3951 0 2.956078
3952 1 0.000000
3953 0 3.973408
3954 0 4.348641
3955 1 0.000000
3956 0 4.006632
3957 0 4.071641
3958 1 0.000000
3959 0 4.562643
3960 1 0.000000
3961 0 4.082624
3962 0 4.059717
3963 1 0.000000
3964 0 4.332992
3965 0 1.840732
3966 1 0.000000
3967 0 2.653206
3968 1 0.000000
3969 0 3.279807
3970 0 1.862117
3971 1 0.000000
3972 0 1.748277
3973 0 3.651204
3974 1 0.000000
3975 0 2.735300
3976 0 2.312840
3977 1 0.000000
3978 0 2.323200
3979 1 0.000000
3980 0 1.979589
3981 0 1.783950
3982 1 0.000000
3983 0 2.557607
3984 0 2.006389
3985 1 0.000000
3986 0 2.037683
3987 1 0.000000
3988 0 2.082012
3989 0 2.574245
3990 1 0.000000
3991 0 2.473515
3992 0 2.146259
3993 1 0.000000
3994 0 2.622909
3995 0 1.550215
3996 1 0.000000
3997 0 2.149559
3998 1 0.000000
3999 0 3.046198
4000 0 1.765599
4001 1 0.000000
4002 0 1.637123
4003 0 3.402134
4004 1 0.000000
4005 0 1.623881
4006 1 0.000000
4007 0 1.563076
4008 0 3.078422
4009 1 0.000000
4010 0 1.717772
4011 0 1.705913
4012 1 0.000000
4013 0 2.637477
4014 0 1.873502
4015 1 0.000000
4016 0 1.781633
4017 1 0.000000
4018 0 2.288178
4019 0 2.326692
4020 1 0.000000
4021 0 1.783160
4022 0 2.397182
4023 1 0.000000
4024 0 2.448189
4025 1 0.000000
4026 0 1.673732
4027 0 1.753780
4028 1 0.000000
4029 0 3.299016
4030 0 1.891430
4031 1 0.000000
4032 0 1.776117
4033 0 2.905334
4034 1 0.000000
4035 0 1.679104
4036 1 0.000000
4037 0 1.698154
4038 0 3.774977
4039 1 0.000000
4040 0 1.835106
4041 0 2.118346
4042 1 0.000000
4043 0 3.110385
4044 0 1.889601
4045 1 0.000000
4046 0 1.757799
4047 1 0.000000
4048 0 3.117996
4049 0 2.320095
4050 1 0.000000
4051 0 33.943344
4052 0 12.849415
4053 1 0.000000
4054 0 2.800788
4055 0 2.573734
4056 1 0.000000
4057 0 3.276278
4058 1 0.000000
4059 0 6.568074
4060 0 3.182792
4061 1 0.000000
4062 0 4.668269
4063 0 2.792279
4064 1 0.000000
4065 0 2.686151
4066 0 2.217849
4067 1 0.000000
4068 0 2.665472
4069 1 0.000000
4070 0 2.588665
4071 0 2.363608
4072 1 0.000000
4073 0 2.532507
4074 0 2.281449
4075 1 0.000000
4076 0 2.541924
4077 1 0.000000
4078 0 2.762101
4079 0 2.881256
4080 1 0.000000
4081 0 2.940265
4082 0 3.102309
4083 1 0.000000
4084 0 2.997603
4085 0 2.598827
4086 1 0.000000
4087 0 3.009888
4088 1 0.000000
4089 0 3.728502
4090 0 3.613649
4091 1 0.000000
4092 0 4.299847
4093 0 4.405138
4094 1 0.000000
4095 0 4.473659
4096 0 4.707314
4097 1 0.000000
4098 0 4.689331
4099 1 0.000000
4100 0 4.400999
4101 0 4.426517
4102 1 0.000000
4103 0 4.264947
4104 0 3.635082
4105 1 0.000000
4106 0 4.407840
4107 1 0.000000
4108 0 3.034615
4109 0 2.736013
4110 1 0.000000
4111 0 3.097162
4112 0 3.240285
4113 1 0.000000
4114 0 2.593084
4115 0 2.436929
4116 1 0.000000
4117 0 2.542401
4118 1 0.000000
4119 0 2.213449
4120 0 2.353408
4121 1 0.000000
4122 0 2.925165
4123 0 2.886154
4124 1 0.000000
4125 0 2.571275
4126 0 2.291379
4127 1 0.000000
4128 0 2.200935
4129 1 0.000000
4130 0 2.025188
4131 0 2.135981
4132 1 0.000000
4133 0 2.484007
4134 0 2.569507
4135 1 0.000000
4136 0 2.274109
4137 1 0.000000
4138 0 2.218026
4139 0 2.163558
4140 1 0.000000
4141 0 1.816640
4142 0 2.745673
4143 1 0.000000
4144 0 2.202811
4145 0 1.966950
4146 1 0.000000
4147 0 1.812940
4148 1 0.000000
4149 0 1.831223
4150 0 1.867346
4151 1 0.000000
4152 0 2.050118
4153 0 1.751330
4154 1 0.000000
4155 0 1.654907
4156 0 1.655447
4157 1 0.000000
4158 0 1.959753
4159 1 0.000000
4160 0 1.669059
4161 0 1.986515
4162 1 0.000000
4163 0 2.067973
4164 0 1.735145
4165 1 0.000000
4166 0 1.761854
4167 1 0.000000
4168 0 2.299420
4169 0 2.026178
4170 1 0.000000
4171 0 2.159056
4172 0 2.417340
4173 1 0.000000
4174 0 2.043861
4175 0 1.958724
4176 1 0.000000
4177 0 2.045245
4178 1 0.000000
4179 0 1.963447
4180 0 3.164984
4181 1 0.000000
4182 0 12.210689
4183 0 2.078863
4184 1 0.000000
4185 0 1.710587
4186 0 2.023420
4187 1 0.000000
4188 0 1.971769
4189 1 0.000000
4190 0 2.256312
4191 0 1.860281
4192 1 0.000000
4193 0 2.250356
4194 0 1.750533
4195 1 0.000000
4196 0 1.670063
4197 1 0.000000
4198 0 1.826936
4199 0 1.742093
4200 1 0.000000
4201 0 1.893383
4202 0 1.810033
4203 1 0.000000
4204 0 1.646379
4205 0 1.869452
4206 1 0.000000
4207 0 1.822667
4208 1 0.000000
4209 0 1.734816
4210 0 1.909153
4211 1 0.000000
4212 0 2.110568
4213 0 2.051365
4214 1 0.000000
4215 0 1.746307
4216 0 2.062353
4217 1 0.000000
4218 0 1.927573
4219 1 0.000000
4220 0 1.930922
4221 0 1.774410
4222 1 0.000000
4223 0 1.676897
4224 0 1.693788
4225 1 0.000000
4226 0 1.830950
4227 1 0.000000
4228 0 1.868735
4229 0 1.775209
4230 1 0.000000
4231 0 1.785201
4232 0 1.888830
4233 1 0.000000
4234 0 1.778267
4235 0 1.665476
4236 1 0.000000
4237 0 1.831980
4238 1 0.000000
4239 0 1.880616
4240 0 1.627775
4241 1 0.000000
4242 0 1.926240
4243 0 1.893729
4244 1 0.000000
4245 0 1.732154
4246 0 1.680234
4247 1 0.000000
4248 0 2.067106
4249 1 0.000000
4250 0 1.616727
4251 0 1.691632
4252 1 0.000000
4253 0 1.716275
4254 0 1.684776
4255 1 0.000000
4256 0 1.785954
4257 1 0.000000
4258 0 2.162399
4259 0 1.737356
4260 1 0.000000
4261 0 1.829494
4262 0 1.899346
4263 1 0.000000
4264 0 1.611256
4265 0 1.632581
4266 1 0.000000
4267 0 1.995543
4268 1 0.000000
4269 0 1.767244
4270 0 1.769481
4271 1 0.000000
4272 0 2.183649
4273 0 1.814497
4274 1 0.000000
4275 0 1.731256
4276 1 0.000000
4277 0 1.978421
4278 0 2.170441
4279 1 0.000000
4280 0 1.997642
4281 0 2.030434
4282 1 0.000000
4283 0 1.784075
4284 0 1.753008
4285 1 0.000000
4286 0 1.986130
4287 1 0.000000
4288 0 2.091779
4289 0 2.113217
4290 1 0.000000
4291 0 2.236780
4292 0 2.226479
4293 1 0.000000
4294 0 2.202821
4295 0 2.050777
4296 1 0.000000
4297 0 2.575261
4298 1 0.000000
4299 0 2.320090
4300 0 2.089715
4301 1 0.000000
4302 0 2.156465
4303 0 1.860515
4304 1 0.000000
4305 0 1.838864
4306 1 0.000000
4307 0 1.999158
4308 0 1.682506
4309 1 0.000000
4310 0 1.678094
4311 0 2.031635
4312 1 0.000000
4313 0 1.653689
4314 0 1.784071
4315 1 0.000000
4316 0 1.856417
4317 1 0.000000
4318 0 1.877993
4319 0 1.758136
4320 1 0.000000
4321 0 1.915454
4322 0 1.962578
4323 1 0.000000
4324 0 1.754223
4325 0 1.683764
4326 1 0.000000
4327 0 1.955968
4328 1 0.000000
4329 0 1.835057
4330 0 1.845178
4331 1 0.000000
4332 0 1.989338
4333 0 1.828333
4334 1 0.000000
4335 0 1.745202
4336 1 0.000000
4337 0 2.133155
4338 0 1.880776
4339 1 0.000000
4340 0 2.072552
4341 0 2.090722
4342 1 0.000000
4343 0 2.104619
4344 0 1.877142
4345 1 0.000000
4346 0 1.904100
4347 1 0.000000
4348 0 2.159767
4349 0 2.295750
4350 1 0.000000
4351 0 2.111892
4352 0 2.050357
4353 1 0.000000
4354 0 1.586774
4355 1 0.000000
4356 0 1.631394
4357 0 1.917637
4358 1 0.000000
4359 0 1.761312
4360 0 1.726220
4361 1 0.000000
4362 0 1.810486
4363 0 1.606087
4364 1 0.000000
4365 0 1.706526
4366 1 0.000000
4367 0 2.192449
4368 0 1.819276
4369 1 0.000000
4370 0 1.887541
4371 0 2.091459
4372 1 0.000000
4373 0 1.759675
4374 0 1.894073
4375 1 0.000000
4376 0 2.053973
4377 1 0.000000
4378 0 2.007283
4379 0 1.988838
4380 1 0.000000
4381 0 2.193504
4382 0 2.216696
4383 1 0.000000
4384 0 2.215572
4385 0 2.488825
4386 1 0.000000
4387 0 3.450347
4388 1 0.000000
4389 0 3.152657
4390 0 3.322326
4391 1 0.000000
4392 0 3.584055
4393 0 3.499125
4394 1 0.000000
4395 0 3.405421
4396 1 0.000000
4397 0 3.011131
4398 0 3.680074
4399 1 0.000000
4400 0 3.770889
4401 0 2.782922
4402 1 0.000000
4403 0 3.120469
4404 0 2.744574
4405 1 0.000000
4406 0 2.741404
4407 1 0.000000
4408 0 2.056401
4409 0 2.519167
4410 1 0.000000
4411 0 2.324628
4412 0 1.911495
4413 1 0.000000
4414 0 2.104985
4415 1 0.000000
4416 0 2.025140
4417 0 2.003983
4418 1 0.000000
4419 0 1.967281
4420 0 2.291498
4421 1 0.000000
4422 0 2.398557
4423 0 2.677703
4424 1 0.000000
4425 0 3.119508
4426 1 0.000000
4427 0 12.502626
4428 0 3.228858
4429 1 0.000000
4430 0 3.134783
4431 0 3.299278
4432 1 0.000000
4433 0 2.506600
4434 0 2.756131
4435 1 0.000000
4436 0 3.393187
4437 1 0.000000
4438 0 2.624037
4439 0 2.895529
4440 1 0.000000
4441 0 3.039216
4442 0 2.748098
4443 1 0.000000
4444 0 2.782634
4445 1 0.000000
4446 0 3.088453
4447 0 2.935856
4448 1 0.000000
4449 0 2.595054
4450 0 2.571825
4451 1 0.000000
4452 0 2.652889
4453 0 2.248158
4454 1 0.000000
4455 0 2.773438
4456 1 0.000000
4457 0 2.801389
4458 0 2.450142
4459 1 0.000000
4460 0 2.224382
4461 0 2.641110
4462 1 0.000000
4463 0 2.267349
4464 0 2.415707
4465 1 0.000000
4466 0 2.841819
4467 1 0.000000
4468 0 2.258299
4469 0 2.704270
4470 1 0.000000
4471 0 2.615554
4472 0 2.322982
4473 1 0.000000
4474 0 2.149824
4475 1 0.000000
4476 0 2.324739
4477 0 2.030543
4478 1 0.000000
4479 0 1.762669
4480 0 2.066263
4481 1 0.000000
4482 0 2.021647
4483 0 1.769859
4484 1 0.000000
4485 0 1.889032
4486 1 0.000000
4487 0 2.353216
4488 0 1.750978
4489 1 0.000000
4490 0 1.749466
4491 0 1.925859
4492 1 0.000000
4493 0 1.749338
4494 0 1.634264
4495 1 0.000000
4496 0 2.311820
4497 1 0.000000
4498 0 1.620043
4499 0 1.875651
4500 1 0.000000
4501 0 2.498199
4502 0 1.555569
4503 1 0.000000
4504 0 1.684671
4505 1 0.000000
4506 0 2.592776
4507 0 1.755999
4508 1 0.000000
4509 0 1.542532
4510 0 2.108629
4511 1 0.000000
4512 0 1.989912
4513 0 1.576289
4514 1 0.000000
4515 0 1.540613
4516 0 2.125256
4517 1 0.000000
4518 0 1.690946
4519 1 0.000000
4520 0 1.740561
4521 0 1.867817
4522 1 0.000000
4523 0 1.539585
4524 1 0.000000
4525 0 1.583402
4526 0 2.153135
4527 1 0.000000
4528 0 2.093733
4529 0 1.736146
4530 1 0.000000
4531 0 2.198690
4532 0 1.664720
4533 1 0.000000
4534 0 1.803621
4535 1 0.000000
4536 0 2.218115
4537 0 1.551311
4538 1 0.000000
4539 0 1.609997
4540 0 1.995947
4541 1 0.000000
4542 0 1.938612
4543 0 1.554482
4544 1 0.000000
4545 0 1.758140
4546 1 0.000000
4547 0 1.744954
4548 0 1.523589
4549 1 0.000000
4550 0 1.805951
4551 0 2.012208
4552 1 0.000000
4553 0 1.717559
4554 1 0.000000
4555 0 1.579659
4556 0 1.992595
4557 1 0.000000
4558 0 1.522792
4559 0 1.629185
4560 1 0.000000
4561 0 2.051508
4562 0 1.556419
4563 1 0.000000
4564 0 1.474388
4565 1 0.000000
4566 0 2.172728
4567 0 1.617700
4568 1 0.000000
4569 0 1.606597
4570 0 2.114507
4571 1 0.000000
4572 0 1.678354
4573 1 0.000000
4574 0 1.589899
4575 0 1.808868
4576 1 0.000000
4577 0 1.734355
4578 0 1.571535
4579 1 0.000000
4580 0 1.809337
4581 0 1.755626
4582 1 0.000000
4583 0 1.625839
4584 1 0.000000
4585 0 1.609068
4586 0 2.099362
4587 1 0.000000
4588 0 1.513121
4589 0 1.685094
4590 1 0.000000
4591 0 1.989039
4592 0 1.494692
4593 1 0.000000
4594 0 1.831230
4595 1 0.000000
4596 0 2.241942
4597 0 1.604543
4598 1 0.000000
4599 0 1.575227
4600 0 1.990829
4601 1 0.000000
4602 0 1.559173
4603 1 0.000000
4604 0 1.513492
4605 0 1.903327
4606 1 0.000000
4607 0 1.810970
4608 0 1.640625
4609 1 0.000000
4610 0 1.767666
4611 0 2.137329
4612 1 0.000000
4613 0 1.525909
4614 1 0.000000
4615 0 1.719421
4616 0 2.294720
4617 1 0.000000
4618 0 1.565951
4619 0 1.529660
4620 1 0.000000
4621 0 2.544745
4622 1 0.000000
4623 0 1.556688
4624 0 1.485619
4625 1 0.000000
4626 0 2.062502
4627 0 1.621901
4628 1 0.000000
4629 0 1.671017
4630 0 2.200512
4631 1 0.000000
4632 0 3.262899
4633 0 13.994629
4634 1 0.000000
4635 0 3.322136
4636 1 0.000000
4637 0 3.078376
4638 0 2.319943
4639 1 0.000000
4640 0 2.445299
4641 0 2.191172
4642 1 0.000000
4643 0 1.737451
4644 1 0.000000
4645 0 1.486212
4646 0 2.066154
4647 1 0.000000
4648 0 1.743362
4649 0 2.138451
4650 1 0.000000
4651 0 1.897276
4652 0 1.694049
4653 1 0.000000
4654 0 1.681548
4655 1 0.000000
4656 0 2.002804
4657 0 1.860691
4658 1 0.000000
4659 0 1.884215
4660 0 1.924542
4661 1 0.000000
4662 0 1.856821
4663 0 1.817621
4664 1 0.000000
4665 0 1.789604
4666 1 0.000000
4667 0 2.126862
4668 0 2.170795
4669 1 0.000000
4670 0 2.005876
4671 0 1.799062
4672 1 0.000000
4673 0 1.639087
4674 0 1.676929
4675 1 0.000000
4676 0 1.804939
4677 1 0.000000
4678 0 1.719161
4679 0 1.883458
4680 1 0.000000
4681 0 1.791026
4682 0 1.682143
4683 1 0.000000
4684 0 1.724248
4685 1 0.000000
4686 0 2.005931
4687 0 1.691685
4688 1 0.000000
4689 0 1.726702
4690 0 1.829816
4691 1 0.000000
4692 0 1.679997
4693 0 1.679350
4694 1 0.000000
4695 0 2.593929
4696 1 0.000000
4697 0 2.292247
4698 0 2.276430
4699 1 0.000000
4700 0 2.420773
4701 0 1.927392
4702 1 0.000000
4703 0 2.219326
4704 1 0.000000
4705 0 2.207428
4706 0 2.599847
4707 1 0.000000
4708 0 2.484588
4709 0 2.737502
4710 1 0.000000
4711 0 2.461271
4712 0 2.549405
4713 1 0.000000
4714 0 2.496924
4715 1 0.000000
4716 0 2.760641
4717 0 2.419395
4718 1 0.000000
4719 0 2.457693
4720 0 2.771614
4721 1 0.000000
4722 0 2.462472
4723 0 2.591294
4724 1 0.000000
4725 0 2.942157
4726 1 0.000000
4727 0 2.858699
4728 0 2.730659
4729 1 0.000000
4730 0 2.845055
4731 0 2.769171
4732 1 0.000000
4733 0 2.336130
4734 0 2.546179
4735 1 0.000000
4736 0 2.691056
4737 1 0.000000
4738 0 2.652348
4739 0 2.620023
4740 1 0.000000
4741 0 2.790667
4742 0 2.258360
4743 1 0.000000
4744 0 2.678034
4745 1 0.000000
4746 0 2.457728
4747 0 2.583110
4748 1 0.000000
4749 0 2.409312
4750 0 2.810972
4751 1 0.000000
4752 0 2.308145
4753 0 2.427530
4754 1 0.000000
4755 0 2.398851
4756 1 0.000000
4757 0 2.856297
4758 0 2.483413
4759 1 0.000000
4760 0 2.447369
4761 0 2.378903
4762 1 0.000000
4763 0 3.103955
4764 1 0.000000
4765 0 2.715464
4766 0 3.132971
4767 1 0.000000
4768 0 2.957937
4769 0 2.529489
4770 1 0.000000
4771 0 2.752838
4772 0 2.300561
4773 1 0.000000
4774 0 2.500299
4775 1 0.000000
4776 0 2.832785
4777 0 2.969920
4778 1 0.000000
4779 0 2.971961
4780 0 2.963792
4781 1 0.000000
4782 0 2.435935
4783 0 2.676803
4784 1 0.000000
4785 0 2.747041
4786 1 0.000000
4787 0 2.623293
4788 0 2.791874
4789 1 0.000000
4790 0 2.803231
4791 0 2.820618
4792 1 0.000000
4793 0 2.837706
4794 0 2.596628
4795 1 0.000000
4796 0 3.049227
4797 1 0.000000
4798 0 2.606692
4799 0 2.673813
4800 1 0.000000
4801 0 2.819300
4802 0 2.722276
4803 1 0.000000
4804 0 2.710931
4805 1 0.000000
4806 0 3.141994
4807 0 3.101987
4808 1 0.000000
4809 0 2.948877
4810 0 2.875078
4811 1 0.000000
4812 0 2.297121
4813 0 2.364585
4814 1 0.000000
4815 0 3.240609
4816 1 0.000000
4817 0 3.286398
4818 0 2.755791
4819 1 0.000000
4820 0 2.634834
4821 0 2.708985
4822 1 0.000000
4823 0 3.181552
4824 0 2.321991
4825 1 0.000000
4826 0 3.677796
4827 1 0.000000
4828 0 2.918951
4829 0 3.036513
4830 1 0.000000
4831 0 2.934185
4832 0 2.749144
4833 1 0.000000
4834 0 2.724727
4835 1 0.000000
4836 0 3.858683
4837 0 3.134669
4838 1 0.000000
4839 0 2.831086
4840 0 2.894914
4841 1 0.000000
4842 0 2.954925
4843 0 2.924885
4844 1 0.000000
4845 0 3.645216
4846 1 0.000000
4847 0 2.922308
4848 0 3.012637
4849 1 0.000000
4850 0 3.398264
4851 0 2.954908
4852 1 0.000000
4853 0 3.508275
4854 1 0.000000
4855 0 2.794015
4856 0 3.753019
4857 1 0.000000
4858 0 3.503535
4859 0 3.519548
4860 1 0.000000
4861 0 3.303544
4862 0 3.225691
4863 1 0.000000
4864 0 2.930137
4865 1 0.000000
4866 0 3.237006
4867 0 3.370336
4868 1 0.000000
4869 0 3.717582
4870 0 3.854899
4871 1 0.000000
4872 0 3.102778
4873 0 3.360659
4874 1 0.000000
4875 0 3.371147
4876 1 0.000000
4877 0 3.112180
4878 0 3.109313
4879 1 0.000000
4880 0 3.142196
4881 0 3.201342
4882 1 0.000000
4883 0 3.045180
4884 0 3.675187
4885 1 0.000000
4886 0 3.569745
4887 1 0.000000
4888 0 3.295724
4889 0 3.239753
4890 1 0.000000
4891 0 2.897358
4892 0 3.303461
4893 1 0.000000
4894 0 2.913109
4895 1 0.000000
4896 0 3.864459
4897 0 3.172680
4898 1 0.000000
4899 0 3.426265
4900 0 3.691061
4901 1 0.000000
4902 0 3.538556
4903 0 3.438437
4904 1 0.000000
4905 0 3.566361
4906 1 0.000000
4907 0 3.270596
4908 0 4.133335
4909 1 0.000000
4910 0 4.013209
4911 0 3.695223
4912 1 0.000000
4913 0 3.404284
4914 0 3.179572
4915 1 0.000000
4916 0 3.111817
4917 1 0.000000
4918 0 3.307793
4919 0 3.207170
4920 1 0.000000
4921 0 4.541496
4922 0 3.358922
4923 1 0.000000
4924 0 3.219288
4925 1 0.000000
4926 0 3.782976
4927 0 3.772848
4928 1 0.000000
4929 0 2.871307
4930 0 3.395505
4931 1 0.000000
4932 0 3.099844
4933 0 3.294001
4934 1 0.000000
4935 0 3.244451
4936 1 0.000000
4937 0 3.351933
4938 0 3.537180
4939 1 0.000000
4940 0 4.400815
4941 0 3.179622
4942 1 0.000000
4943 0 2.816392
4944 0 3.299613
4945 1 0.000000
4946 0 3.608396
4947 1 0.000000
4948 0 3.680132
4949 0 3.999899
4950 1 0.000000
4951 0 3.531433
4952 0 3.277887
4953 1 0.000000
4954 0 2.911114
4955 1 0.000000
4956 0 3.612807
4957 0 3.322052
4958 1 0.000000
4959 0 3.393686
4960 0 3.932129
4961 1 0.000000
4962 0 3.125261
4963 0 3.122622
4964 1 0.000000
4965 0 3.388034
4966 1 0.000000
4967 0 3.678092
4968 0 3.954028
4969 1 0.000000
4970 0 4.466561
4971 0 4.456486
4972 1 0.000000
4973 0 4.942691
4974 0 4.303545
4975 1 0.000000
4976 0 4.520351
4977 1 0.000000
4978 0 4.367431
4979 0 4.568406
4980 1 0.000000
4981 0 4.723300
4982 0 4.435282
4983 1 0.000000
4984 0 3.961094
4985 1 0.000000
4986 0 4.182151
4987 0 5.004057
4988 1 0.000000
4989 0 5.233894
4990 0 4.497429
4991 1 0.000000
4992 0 3.751370
4993 0 4.705548
4994 1 0.000000
4995 0 4.744281
4996 1 0.000000
4997 0 4.500251
4998 0 4.643275
4999 1 0.000000
5000 0 4.447594
5001 0 3.941321
5002 1 0.000000
5003 0 2.549980
5004 0 2.968910
5005 1 0.000000
5006 0 3.253759
5007 1 0.000000
5008 0 4.059179
5009 0 2.823683
5010 1 0.000000
5011 0 3.155727
5012 0 2.873163
5013 1 0.000000
5014 0 3.117935
5015 1 0.000000
5016 0 3.879196
5017 0 2.863002
5018 1 0.000000
5019 0 2.318611
5020 0 2.452724
5021 1 0.000000
5022 0 2.455652
5023 0 2.219446
5024 1 0.000000
5025 0 2.826475
5026 1 0.000000
5027 0 2.585149
5028 0 2.405432
5029 1 0.000000
5030 0 2.569806
5031 0 2.178674
5032 1 0.000000
5033 0 2.613552
5034 0 2.828595
5035 1 0.000000
5036 0 3.090659
5037 1 0.000000
5038 0 2.611158
5039 0 2.792195
5040 1 0.000000
5041 0 2.763904
5042 0 2.528286
5043 1 0.000000
5044 0 2.379591
5045 1 0.000000
5046 0 2.870572
5047 0 2.773250
5048 1 0.000000
5049 0 2.694069
5050 0 3.146896
5051 1 0.000000
5052 0 2.886758
5053 0 2.966021
5054 1 0.000000
5055 0 3.718759
5056 1 0.000000
5057 0 3.248654
5058 0 3.873147
5059 1 0.000000
5060 0 3.682766
5061 0 3.391390
5062 1 0.000000
5063 0 3.328965
5064 0 3.044750
5065 1 0.000000
5066 0 3.587842
5067 1 0.000000
5068 0 3.312022
5069 0 3.818996
5070 1 0.000000
5071 0 4.619630
5072 0 3.938246
5073 1 0.000000
5074 0 3.609753
5075 1 0.000000
5076 0 3.954300
5077 0 4.238570
5078 1 0.000000
5079 0 4.375107
5080 0 4.040900
5081 1 0.000000
5082 0 3.622296
5083 0 3.635300
5084 1 0.000000
5085 0 4.177397
5086 1 0.000000
5087 0 4.037308
5088 0 4.298806
5089 1 0.000000
5090 0 4.082989
5091 0 4.637200
5092 1 0.000000
5093 0 4.131353
5094 0 3.427620
5095 1 0.000000
5096 0 4.230452
5097 1 0.000000
5098 0 3.129868
5099 0 3.665177
5100 1 0.000000
5101 0 2.732401
5102 0 2.383273
5103 1 0.000000
5104 0 2.465449
5105 1 0.000000
5106 0 2.798748
5107 0 2.609819
5108 1 0.000000
5109 0 2.946144
5110 0 3.651651
5111 1 0.000000
5112 0 2.896131
5113 0 3.507252
5114 1 0.000000
5115 0 3.392334
5116 1 0.000000
5117 0 4.537507
5118 0 22.362530
5119 1 0.000000
5120 0 6.012014
5121 0 3.034684
5122 1 0.000000
5123 0 3.702667
5124 0 3.482609
5125 1 0.000000
5126 0 3.287016
5127 1 0.000000
5128 0 3.443771
5129 0 3.493496
5130 1 0.000000
5131 0 3.921772
5132 0 3.854580
5133 1 0.000000
5134 0 3.954861
5135 1 0.000000
5136 0 4.945066
5137 0 4.472331
5138 1 0.000000
5139 0 3.614321
5140 0 3.957434
5141 1 0.000000
5142 0 4.259715
5143 0 3.891542
5144 1 0.000000
5145 0 4.532390
5146 1 0.000000
5147 0 4.276693
5148 0 3.744685
5149 1 0.000000
5150 0 3.903466
5151 0 3.654037
5152 1 0.000000
5153 0 3.215797
5154 0 4.027306
5155 1 0.000000
5156 0 3.959939
5157 1 0.000000
5158 0 3.169212
5159 0 3.453199
5160 1 0.000000
5161 0 3.682247
5162 0 2.327092
5163 1 0.000000
5164 0 2.837164
5165 1 0.000000
5166 0 4.300417
5167 0 3.734219
5168 1 0.000000
5169 0 2.977994
5170 0 4.917665
5171 1 0.000000
5172 0 3.221460
5173 0 2.237054
5174 1 0.000000
5175 0 3.300605
5176 1 0.000000
5177 0 2.394703
5178 0 2.102632
5179 1 0.000000
5180 0 3.282266
5181 0 3.178462
5182 1 0.000000
5183 0 2.853908
5184 0 2.173398
5185 1 0.000000
5186 0 2.464617
5187 1 0.000000
5188 0 2.424615
5189 0 2.438160
5190 1 0.000000
5191 0 2.923817
5192 0 2.068031
5193 1 0.000000
5194 0 2.217158
5195 1 0.000000
5196 0 1.811171
5197 0 2.331053
5198 1 0.000000
5199 0 2.325177
5200 0 2.774081
5201 1 0.000000
5202 0 1.884993
5203 0 2.049990
5204 1 0.000000
5205 0 2.401132
5206 1 0.000000
5207 0 2.172764
5208 0 2.188467
5209 1 0.000000
5210 0 2.455819
5211 0 2.459051
5212 1 0.000000
5213 0 2.328121
5214 0 2.167325
5215 1 0.000000
5216 0 3.347051
5217 1 0.000000
5218 0 2.201853
5219 0 2.731245
5220 1 0.000000
5221 0 2.407199
5222 0 2.185306
5223 1 0.000000
5224 0 1.844774
5225 1 0.000000
5226 0 3.100698
5227 0 2.373500
5228 1 0.000000
5229 0 2.448616
5230 0 2.474728
5231 1 0.000000
5232 0 2.065286
5233 0 1.957470
5234 1 0.000000
5235 0 2.647796
5236 1 0.000000
5237 0 2.304511
5238 0 2.241935
5239 1 0.000000
5240 0 2.532601
5241 0 2.669933
5242 1 0.000000
5243 0 2.627400
5244 0 2.161934
5245 1 0.000000
5246 0 3.167964
5247 1 0.000000
5248 0 2.754082
5249 0 2.571870
5250 1 0.000000
5251 0 2.870739
5252 0 2.477783
5253 1 0.000000
5254 0 2.241696
5255 1 0.000000
5256 0 3.235610
5257 0 2.758214
5258 1 0.000000
5259 0 3.062967
5260 0 3.491053
5261 1 0.000000
5262 0 2.402187
5263 0 2.453661
5264 1 0.000000
5265 0 2.781958
5266 1 0.000000
5267 0 2.572279
5268 0 3.081408
5269 1 0.000000
5270 0 2.682609
5271 0 3.015859
5272 1 0.000000
5273 0 2.546591
5274 0 2.594298
5275 1 0.000000
5276 0 3.501040
5277 1 0.000000
5278 0 2.713448
5279 0 2.812458
5280 1 0.000000
5281 0 2.878461
5282 0 2.172199
5283 1 0.000000
5284 0 2.528733
5285 1 0.000000
5286 0 3.281622
5287 0 2.497854
5288 1 0.000000
5289 0 3.665884
5290 0 16.332056
5291 1 0.000000
5292 0 2.912511
5293 0 2.226310
5294 1 0.000000
5295 0 2.458885
5296 1 0.000000
5297 0 2.914538
5298 0 2.219068
5299 1 0.000000
5300 0 2.322790
5301 0 2.216755
5302 1 0.000000
5303 0 1.999733
5304 0 2.162809
5305 1 0.000000
5306 0 2.288875
5307 1 0.000000
5308 0 2.282934
5309 0 2.279136
5310 1 0.000000
5311 0 2.467450
5312 0 2.362629
5313 1 0.000000
5314 0 2.416883
5315 1 0.000000
5316 0 2.849027
5317 0 2.702396
5318 1 0.000000
5319 0 2.977400
5320 0 2.648126
5321 1 0.000000
5322 0 2.369256
5323 0 2.317694
5324 1 0.000000
5325 0 2.139992
5326 1 0.000000
5327 0 2.039533
5328 0 1.895101
5329 1 0.000000
5330 0 2.022712
5331 0 1.812184
5332 1 0.000000
5333 0 1.754793
5334 0 1.874088
5335 1 0.000000
5336 0 2.499712
5337 1 0.000000
5338 0 1.827129
5339 0 2.136293
5340 1 0.000000
5341 0 2.233730
5342 0 2.062921
5343 1 0.000000
5344 0 2.204121
5345 1 0.000000
5346 0 2.352688
5347 0 2.510973
5348 1 0.000000
5349 0 2.821545
5350 0 3.300675
5351 1 0.000000
5352 0 3.422584
5353 0 2.994830
5354 1 0.000000
5355 0 2.713661
5356 1 0.000000
5357 0 3.329997
5358 0 3.203422
5359 1 0.000000
5360 0 3.672829
5361 0 2.891364
5362 1 0.000000
5363 0 2.260135
5364 0 3.063522
5365 1 0.000000
5366 0 3.676615
5367 1 0.000000
5368 0 2.917849
5369 0 3.054396
5370 1 0.000000
5371 0 2.568255
5372 0 2.849998
5373 1 0.000000
5374 0 2.991023
5375 0 3.442051
5376 1 0.000000
5377 0 4.450866
5378 1 0.000000
5379 0 4.433698
5380 0 5.313709
5381 1 0.000000
5382 0 5.369080
5383 0 6.729587
5384 1 0.000000
5385 0 7.299818
5386 1 0.000000
5387 0 8.257571
5388 0 7.023273
5389 1 0.000000
5390 0 7.821858
5391 0 8.482119
5392 1 0.000000
5393 0 8.081172
5394 0 7.565045
5395 1 0.000000
5396 0 6.738790
5397 1 0.000000
5398 0 5.234276
5399 0 4.452933
5400 1 0.000000
5401 0 6.149773
5402 0 4.826567
5403 1 0.000000
5404 0 5.757710
5405 0 4.884237
5406 1 0.000000
5407 0 5.343196
5408 1 0.000000
5409 0 4.905511
5410 0 4.448532
5411 1 0.000000
5412 0 2.874027
5413 0 2.071125
5414 1 0.000000
5415 0 2.822776
5416 1 0.000000
5417 0 3.997188
5418 0 4.167779
5419 1 0.000000
5420 0 4.075829
5421 0 4.170923
5422 1 0.000000
5423 0 3.539197
5424 0 3.240264
5425 1 0.000000
5426 0 4.083971
5427 1 0.000000
5428 0 3.756857
5429 0 4.571710
5430 1 0.000000
5431 0 4.516447
5432 0 4.125981
5433 1 0.000000
5434 0 3.102270
5435 0 2.722422
5436 1 0.000000
5437 0 3.245719
5438 1 0.000000
5439 0 2.616249
5440 0 2.300579
5441 1 0.000000
5442 0 2.741461
5443 0 4.143973
5444 1 0.000000
5445 0 10.717973
5446 1 0.000000
5447 0 4.427623
5448 0 2.406882
5449 1 0.000000
5450 0 3.054128
5451 0 3.575515
5452 1 0.000000
5453 0 2.304919
5454 0 5.249375
5455 1 0.000000
5456 0 5.084084
5457 1 0.000000
5458 0 2.049983
5459 0 1.862195
5460 1 0.000000
5461 0 3.110774
5462 0 2.036583
5463 1 0.000000
5464 0 1.741225
5465 0 2.731201
5466 1 0.000000
5467 0 2.465751
5468 1 0.000000
5469 0 5.465323
5470 0 4.504018
5471 1 0.000000
5472 0 2.708303
5473 0 2.253093
5474 1 0.000000
5475 0 2.531112
5476 1 0.000000
5477 0 5.146980
5478 0 4.718410
5479 1 0.000000
5480 0 6.283570
5481 0 2.967000
5482 1 0.000000
5483 0 1.830213
5484 0 3.018666
5485 1 0.000000
5486 0 2.468453
5487 1 0.000000
5488 0 1.674974
5489 0 1.659208
5490 1 0.000000
5491 0 2.392925
5492 0 1.687309
5493 1 0.000000
5494 0 1.573302
5495 1 0.000000
5496 0 2.610849
5497 0 2.189750
5498 1 0.000000
5499 0 1.439431
5500 0 2.145458
5501 1 0.000000
5502 0 1.793464
5503 0 1.667393
5504 1 0.000000
5505 0 1.877428
5506 1 0.000000
5507 0 2.763130
5508 0 2.756570
5509 1 0.000000
5510 0 1.929942
5511 0 1.603973
5512 1 0.000000
5513 0 1.906012
5514 0 1.643163
5515 1 0.000000
5516 0 1.876125
5517 1 0.000000
5518 0 1.953646
5519 0 1.715588
5520 1 0.000000
5521 0 1.877882
5522 0 1.504250
5523 1 0.000000
5524 0 1.611744
5525 1 0.000000
5526 0 1.927490
5527 0 1.501388
5528 1 0.000000
5529 0 2.340917
5530 0 2.244172
5531 1 0.000000
5532 0 1.494438
5533 0 2.726394
5534 1 0.000000
5535 0 2.452746
5536 1 0.000000
5537 0 1.569467
5538 0 1.839580
5539 1 0.000000
5540 0 1.656745
5541 0 1.690307
5542 1 0.000000
5543 0 2.697616
5544 0 2.397594
5545 1 0.000000
5546 0 1.805061
5547 1 0.000000
5548 0 1.746235
5549 0 1.565554
5550 1 0.000000
5551 0 1.825920
5552 0 1.492375
5553 1 0.000000
5554 0 1.529696
5555 1 0.000000
5556 0 2.090400
5557 0 1.708432
5558 1 0.000000
5559 0 1.564335
5560 0 2.155932
5561 1 0.000000
5562 0 1.958359
5563 0 1.645276
5564 1 0.000000
5565 0 1.841775
5566 1 0.000000
5567 0 1.876252
5568 0 2.349397
5569 1 0.000000
5570 0 2.994765
5571 0 2.390840
5572 1 0.000000
5573 0 2.272728
5574 0 2.988061
5575 1 0.000000
5576 0 2.939388
5577 1 0.000000
5578 0 2.445588
5579 0 3.518650
5580 1 0.000000
5581 0 2.714890
5582 0 3.065783
5583 1 0.000000
5584 0 2.848142
5585 1 0.000000
5586 0 2.007267
5587 0 1.885129
5588 1 0.000000
5589 0 2.248477
5590 0 2.319964
5591 1 0.000000
5592 0 2.065759
5593 0 1.767288
5594 1 0.000000
5595 0 2.976385
5596 1 0.000000
5597 0 2.868631
5598 0 1.927544
5599 1 0.000000
5600 0 2.236261
5601 0 2.348580
5602 1 0.000000
5603 0 2.203038
5604 0 2.140997
5605 1 0.000000
5606 0 2.238994
5607 1 0.000000
5608 0 1.877035
5609 0 2.105086
5610 1 0.000000
5611 0 2.274455
5612 0 2.173896
5613 1 0.000000
5614 0 1.799166
5615 1 0.000000
5616 0 2.051273
5617 0 1.836285
5618 1 0.000000
5619 0 1.778981
5620 0 2.819804
5621 1 0.000000
5622 0 2.693756
5623 0 1.646663
5624 1 0.000000
5625 0 1.614032
5626 1 0.000000
5627 0 2.964182
5628 0 2.620684
5629 1 0.000000
5630 0 2.012916
5631 0 2.157801
5632 1 0.000000
5633 0 1.632720
5634 0 2.389666
5635 1 0.000000
5636 0 2.106102
5637 1 0.000000
5638 0 1.931901
5639 0 1.890029
5640 1 0.000000
5641 0 1.931999
5642 0 2.444275
5643 1 0.000000
5644 0 2.071236
5645 0 1.696114
5646 1 0.000000
5647 0 2.229397
5648 1 0.000000
5649 0 1.720795
5650 0 1.700552
5651 1 0.000000
5652 0 2.745910
5653 0 2.581661
5654 1 0.000000
5655 0 1.758448
5656 1 0.000000
5657 0 2.073822
5658 0 1.875087
5659 1 0.000000
5660 0 1.918878
5661 0 1.999168
5662 1 0.000000
5663 0 2.159528
5664 0 2.054067
5665 1 0.000000
5666 0 1.894261
5667 1 0.000000
5668 0 2.509637
5669 0 2.119556
5670 1 0.000000
5671 0 2.404247
5672 0 2.350983
5673 1 0.000000
5674 0 2.604393
5675 0 2.712127
5676 1 0.000000
5677 0 3.597998
5678 1 0.000000
5679 0 3.729454
5680 0 3.564523
5681 1 0.000000
5682 0 3.466945
5683 0 3.270553
5684 1 0.000000
5685 0 3.138980
5686 0 3.396046
5687 1 0.000000
5688 0 3.932604
5689 1 0.000000
5690 0 3.680962
5691 0 3.987107
5692 1 0.000000
