0 0.000000
1 5.395838
2 6.411003
3 0.000000
4 3.506369
5 0.000000
6 2.008102
7 2.363093
8 0.000000
9 1.685244
10 1.682357
11 0.000000
12 1.819286
13 1.616875
14 0.000000
15 1.722715
16 0.000000
17 2.015329
18 1.833948
19 0.000000
20 1.744037
21 1.935740
22 0.000000
23 1.737086
24 0.000000
25 1.850548
26 1.978738
27 0.000000
28 1.658780
29 1.562308
30 0.000000
31 1.676348
32 1.786989
33 0.000000
34 1.568479
35 0.000000
36 2.126096
37 1.547805
38 0.000000
39 1.553943
40 1.776942
41 0.000000
42 1.848609
43 0.000000
44 1.616376
45 1.775559
46 0.000000
47 1.714197
48 1.555905
49 0.000000
50 1.645264
51 1.828028
52 0.000000
53 1.765565
54 0.000000
55 1.696054
56 1.859776
57 0.000000
58 1.564830
59 1.610828
60 0.000000
61 2.044398
62 0.000000
63 1.628427
64 1.622982
65 0.000000
66 1.789042
67 1.670098
68 0.000000
69 1.602397
70 1.684869
71 0.000000
72 1.875071
73 0.000000
74 1.704836
75 2.026532
76 0.000000
77 1.884668
78 1.659128
79 0.000000
80 1.987832
81 0.000000
82 1.915871
83 1.777629
84 0.000000
85 2.001100
86 1.906070
87 0.000000
88 1.715464
89 1.853440
90 0.000000
91 2.130681
92 0.000000
93 1.803193
94 1.942756
95 0.000000
96 1.854161
97 1.778550
98 0.000000
99 2.036048
100 0.000000
101 1.981111
102 1.947648
103 0.000000
104 2.029064
105 2.014236
106 0.000000
107 1.808990
108 1.799536
109 0.000000
110 2.448748
111 0.000000
112 1.948881
113 1.841894
114 0.000000
115 2.029045
116 1.725121
117 0.000000
118 1.787204
119 0.000000
120 2.599590
121 1.971645
122 0.000000
123 1.968260
124 2.083380
125 0.000000
126 1.794751
127 1.877762
128 0.000000
129 2.453033
130 0.000000
131 1.968597
132 1.838274
133 0.000000
134 2.243338
135 1.836638
136 0.000000
137 1.749022
138 0.000000
139 2.321103
140 1.848718
141 0.000000
142 1.852860
143 2.207160
144 0.000000
145 1.898990
146 1.831195
147 0.000000
148 2.430775
149 0.000000
150 1.745372
151 1.788628
152 0.000000
153 2.448772
154 1.834023
155 0.000000
156 1.871666
157 0.000000
158 2.282742
159 1.782820
160 0.000000
161 1.741696
162 2.016632
163 0.000000
164 1.688433
165 1.701071
166 0.000000
167 2.095428
168 0.000000
169 1.809658
170 1.828949
171 0.000000
172 2.300655
173 1.822108
174 0.000000
175 1.867259
176 0.000000
177 2.414700
178 1.869835
179 0.000000
180 1.893150
181 2.147343
182 0.000000
183 1.760673
184 1.875600
185 0.000000
186 2.128040
187 0.000000
188 1.877338
189 1.813971
190 0.000000
191 2.132077
192 1.777959
193 0.000000
194 1.737661
195 0.000000
196 2.159114
197 1.817532
198 0.000000
199 1.743868
200 2.070418
201 0.000000
202 1.715288
203 1.665004
204 0.000000
205 2.274099
206 0.000000
207 1.664349
208 1.631214
209 0.000000
210 2.172060
211 1.647275
212 0.000000
213 1.635100
214 0.000000
215 2.029184
216 1.843736
217 0.000000
218 1.954073
219 9.606946
220 0.000000
221 2.464697
222 2.277498
223 0.000000
224 5.265401
225 0.000000
226 5.475808
227 1.938249
228 0.000000
229 2.390680
230 1.883054
231 0.000000
232 2.203808
233 0.000000
234 2.383485
235 2.471283
236 0.000000
237 2.604030
238 2.467854
239 0.000000
240 2.161611
241 2.016710
242 0.000000
243 2.777024
244 0.000000
245 2.096561
246 2.367994
247 0.000000
248 2.488645
249 2.149858
250 0.000000
251 2.079367
252 0.000000
253 2.189929
254 1.931763
255 0.000000
256 1.984736
257 2.226512
258 0.000000
259 2.087933
260 2.125129
261 0.000000
262 2.348096
263 0.000000
264 2.428384
265 2.281563
266 0.000000
267 2.236819
268 1.884621
269 0.000000
270 1.627812
271 0.000000
272 2.066168
273 2.195752
274 0.000000
275 2.229140
276 2.383129
277 0.000000
278 2.321119
279 2.614285
280 0.000000
281 3.118175
282 0.000000
283 3.044176
284 2.774817
285 0.000000
286 2.896698
287 3.017563
288 0.000000
289 3.074125
290 0.000000
291 3.320538
292 3.179311
293 0.000000
294 3.133406
295 3.344437
296 0.000000
297 3.425534
298 3.292075
299 0.000000
300 3.700387
301 0.000000
302 3.370337
303 3.147714
304 0.000000
305 3.107181
306 3.074267
307 0.000000
308 2.993339
309 2.982141
310 0.000000
311 3.345649
312 0.000000
313 3.051205
314 3.583069
315 0.000000
316 3.781983
317 3.244054
318 0.000000
319 4.087292
320 0.000000
321 3.875374
322 4.307913
323 0.000000
324 4.070604
325 4.060333
326 0.000000
327 3.617503
328 3.606890
329 0.000000
330 3.837574
331 0.000000
332 3.582114
333 3.506901
334 0.000000
335 3.431027
336 3.255871
337 0.000000
338 3.130616
339 0.000000
340 3.242074
341 3.074350
342 0.000000
343 3.532063
344 2.842583
345 0.000000
346 2.601676
347 2.474280
348 0.000000
349 2.756983
350 0.000000
351 2.828294
352 2.860626
353 0.000000
354 3.076785
355 2.633429
356 0.000000
357 3.008566
358 0.000000
359 3.950963
360 2.361099
361 0.000000
362 3.033572
363 3.196576
364 0.000000
365 2.761260
366 3.306062
367 0.000000
368 3.379292
369 0.000000
370 3.293209
371 3.083662
372 0.000000
373 3.153349
374 3.107274
375 0.000000
376 3.256815
377 0.000000
378 3.567724
379 4.410536
380 0.000000
381 2.919884
382 3.092164
383 0.000000
384 2.652658
385 2.951955
386 0.000000
387 3.059522
388 0.000000
389 4.298084
390 3.074676
391 0.000000
392 3.847907
393 2.838373
394 0.000000
395 2.392090
396 0.000000
397 3.296279
398 3.443712
399 0.000000
400 3.216787
401 3.279338
402 0.000000
403 3.019628
404 2.453515
405 0.000000
406 3.316555
407 0.000000
408 2.405607
409 2.596715
410 0.000000
411 2.963114
412 2.689352
413 0.000000
414 2.362129
415 0.000000
416 2.786456
417 2.450265
418 0.000000
419 2.481190
420 2.849879
421 0.000000
422 2.622833
423 2.366979
424 0.000000
425 2.480914
426 0.000000
427 2.220246
428 2.928750
429 0.000000
430 2.640150
431 2.193945
432 0.000000
433 2.324948
434 0.000000
435 2.552926
436 2.359598
437 0.000000
438 2.239347
439 2.338220
440 0.000000
441 2.272902
442 2.561623
443 0.000000
444 2.812387
445 0.000000
446 2.357874
447 2.665720
448 0.000000
449 2.417748
450 2.560669
451 0.000000
452 2.320299
453 2.363159
454 0.000000
455 2.994600
456 0.000000
457 2.349371
458 2.368495
459 0.000000
460 2.781201
461 2.192525
462 0.000000
463 2.457137
464 0.000000
465 2.385236
466 2.547074
467 0.000000
468 2.515726
469 2.346522
470 0.000000
471 2.247260
472 2.223967
473 0.000000
474 2.734011
475 0.000000
476 2.027146
477 2.314998
478 0.000000
479 2.350557
480 2.072113
481 0.000000
482 2.292509
483 0.000000
484 2.654337
485 2.414088
486 0.000000
487 2.390789
488 2.579806
489 0.000000
490 2.331150
491 2.260376
492 0.000000
493 2.528088
494 0.000000
495 2.192983
496 2.148412
497 0.000000
498 2.449964
499 2.461860
500 0.000000
501 2.461142
502 0.000000
503 2.780674
504 2.398781
505 0.000000
506 2.327176
507 2.659086
508 0.000000
509 2.358784
510 2.249059
511 0.000000
512 2.713891
513 0.000000
514 2.490738
515 2.255510
516 0.000000
517 2.688423
518 2.497046
519 0.000000
520 2.554003
521 0.000000
522 2.724224
523 2.518666
524 0.000000
525 2.686737
526 2.996069
527 0.000000
528 2.370560
529 2.546017
530 0.000000
531 2.831346
532 0.000000
533 2.445979
534 3.321097
535 0.000000
536 2.657303
537 2.440795
538 0.000000
539 2.319611
540 0.000000
541 2.396016
542 2.947880
543 0.000000
544 2.766339
545 2.972842
546 0.000000
547 3.207473
548 2.465682
549 0.000000
550 2.493972
551 0.000000
552 2.318748
553 2.464842
554 0.000000
555 2.312376
556 2.357579
557 0.000000
558 2.062112
559 2.208176
560 0.000000
561 2.411025
562 0.000000
563 2.129708
564 2.475559
565 0.000000
566 2.237353
567 2.100107
568 0.000000
569 2.442376
570 0.000000
571 2.535806
572 2.241792
573 0.000000
574 2.581917
575 2.512695
576 0.000000
577 2.229245
578 2.198795
579 0.000000
580 2.607270
581 0.000000
582 2.187383
583 2.392215
584 0.000000
585 2.518120
586 2.421094
587 0.000000
588 2.519765
589 0.000000
590 3.149844
591 2.638864
592 0.000000
593 2.505521
594 2.994446
595 0.000000
596 2.472483
597 2.529014
598 0.000000
599 3.265214
600 0.000000
601 3.531142
602 3.630270
603 0.000000
604 3.770820
605 3.411567
606 0.000000
607 3.269435
608 0.000000
609 3.650433
610 3.008778
611 0.000000
612 3.113820
613 3.341807
614 0.000000
615 3.116001
616 2.675888
617 0.000000
618 3.703955
619 0.000000
620 2.694705
621 2.956411
622 0.000000
623 3.354098
624 2.529305
625 0.000000
626 3.140917
627 0.000000
628 12.711117
629 5.908170
630 0.000000
631 3.016685
632 3.675915
633 0.000000
634 3.804655
635 2.185281
636 0.000000
637 2.288782
638 0.000000
639 2.887879
640 1.840847
641 0.000000
642 2.098232
643 2.081908
644 0.000000
645 2.242078
646 0.000000
647 2.144119
648 2.076676
649 0.000000
650 2.378333
651 2.059201
652 0.000000
653 2.123413
654 2.089157
655 0.000000
656 1.930006
657 0.000000
658 2.323254
659 1.969346
660 0.000000
661 2.391702
662 2.251707
663 0.000000
664 2.181220
665 2.254950
666 0.000000
667 2.406378
668 0.000000
669 1.783211
670 2.001293
671 0.000000
672 2.432849
673 1.888590
674 0.000000
675 2.116465
676 0.000000
677 2.381727
678 2.196083
679 0.000000
680 1.822319
681 2.298127
682 0.000000
683 2.065797
684 2.096354
685 0.000000
686 2.068047
687 0.000000
688 2.266970
689 2.391158
690 0.000000
691 2.245272
692 1.946316
693 0.000000
694 2.146871
695 0.000000
696 2.550914
697 2.299761
698 0.000000
699 2.198104
700 2.319506
701 0.000000
702 2.144207
703 2.093017
704 0.000000
705 2.201620
706 0.000000
707 2.109504
708 2.210782
709 0.000000
710 2.279424
711 1.967589
712 0.000000
713 1.913247
714 0.000000
715 1.978422
716 2.074780
717 0.000000
718 1.867723
719 2.191974
720 0.000000
721 2.213907
722 1.828315
723 0.000000
724 2.092862
725 0.000000
726 2.154788
727 2.266685
728 0.000000
729 2.018885
730 1.909959
731 0.000000
732 1.930206
733 0.000000
734 1.903274
735 2.141178
736 0.000000
737 1.835883
738 1.862638
739 0.000000
740 1.988717
741 1.835414
742 0.000000
743 1.886494
744 0.000000
745 2.193195
746 1.882436
747 0.000000
748 1.916532
749 2.624649
750 0.000000
751 1.922649
752 2.008455
753 0.000000
754 2.011223
755 0.000000
756 1.787895
757 2.069137
758 0.000000
759 2.336577
760 1.768771
761 0.000000
762 1.752475
763 0.000000
764 2.159929
765 2.049096
766 0.000000
767 1.859052
768 2.130692
769 0.000000
770 1.800063
771 2.031272
772 0.000000
773 2.338838
774 0.000000
775 1.926960
776 2.046472
777 0.000000
778 2.124022
779 1.832698
780 0.000000
781 1.727674
782 0.000000
783 2.186935
784 1.860670
785 0.000000
786 1.799719
787 2.108001
788 0.000000
789 1.848183
790 1.848023
791 0.000000
792 1.942346
793 0.000000
794 1.907048
795 2.037486
796 0.000000
797 1.953083
798 1.998053
799 0.000000
800 1.733188
801 0.000000
802 1.811722
803 1.892553
804 0.000000
805 1.775729
806 2.146407
807 0.000000
808 1.842860
809 1.699776
810 0.000000
811 2.023777
812 0.000000
813 2.180531
814 1.834655
815 0.000000
816 1.955035
817 2.060425
818 0.000000
819 1.751374
820 1.746365
821 0.000000
822 2.129755
823 0.000000
824 1.899853
825 2.047766
826 0.000000
827 2.144545
828 1.951138
829 0.000000
830 1.939198
831 0.000000
832 2.248381
833 2.045106
834 0.000000
835 2.020542
836 2.372733
837 0.000000
838 2.621250
839 1.916595
840 0.000000
841 2.231245
842 0.000000
843 2.054415
844 2.207331
845 0.000000
846 2.109031
847 2.076606
848 0.000000
849 2.209959
850 0.000000
851 2.569251
852 2.510611
853 0.000000
854 2.188494
855 2.458255
856 0.000000
857 2.266408
858 2.040137
859 0.000000
860 3.294500
861 0.000000
862 5.479992
863 13.984217
864 0.000000
865 4.067703
866 2.889380
867 0.000000
868 3.869441
869 0.000000
870 3.650161
871 3.485163
872 0.000000
873 3.179190
874 2.877922
875 0.000000
876 2.745864
877 2.791100
878 0.000000
879 2.894424
880 0.000000
881 3.054410
882 2.799994
883 0.000000
884 3.009482
885 2.784423
886 0.000000
887 2.323500
888 2.307193
889 0.000000
890 2.783130
891 0.000000
892 2.188830
893 2.664859
894 0.000000
895 2.082165
896 2.371889
897 0.000000
898 1.898607
899 0.000000
900 2.251120
901 1.964827
902 0.000000
903 2.140083
904 2.582998
905 0.000000
906 2.012080
907 2.149306
908 0.000000
909 3.199109
910 0.000000
911 1.955366
912 1.967996
913 0.000000
914 2.284224
915 1.901186
916 0.000000
917 2.028909
918 0.000000
919 2.350314
920 2.107197
921 0.000000
922 1.966478
923 2.168685
924 0.000000
925 2.088826
926 1.827884
927 0.000000
928 2.046597
929 0.000000
930 1.807835
931 1.859108
932 0.000000
933 2.531166
934 2.430067
935 0.000000
936 1.968997
937 0.000000
938 2.446258
939 2.697544
940 0.000000
941 1.940616
942 2.130748
943 0.000000
944 2.076170
945 1.908309
946 0.000000
947 1.946645
948 0.000000
949 2.032684
950 2.390951
951 0.000000
952 2.206340
953 2.360705
954 0.000000
955 2.451230
956 2.237334
957 0.000000
958 2.658091
959 0.000000
960 2.781531
961 2.602813
962 0.000000
963 2.249410
964 1.986430
965 0.000000
966 2.059700
967 0.000000
968 2.103433
969 2.318674
970 0.000000
971 2.620820
972 2.123542
973 0.000000
974 2.062175
975 2.253568
976 0.000000
977 2.440199
978 0.000000
979 2.057063
980 2.578784
981 0.000000
982 2.477214
983 2.102022
984 0.000000
985 2.167348
986 0.000000
987 2.370180
988 2.714899
989 0.000000
990 2.396983
991 3.095324
992 0.000000
993 1.978993
994 1.789053
995 0.000000
996 2.230931
997 0.000000
998 2.352065
999 2.120027
1000 0.000000
1001 2.303572
1002 2.106767
1003 0.000000
1004 2.409296
1005 0.000000
1006 2.307702
1007 2.104105
1008 0.000000
1009 2.035433
1010 2.781239
1011 0.000000
1012 2.065443
1013 2.101924
1014 0.000000
1015 2.829242
1016 0.000000
1017 2.627220
1018 2.890359
1019 0.000000
1020 2.363635
1021 2.051283
1022 0.000000
1023 1.985236
1024 0.000000
1025 2.464434
1026 2.155863
1027 0.000000
1028 3.075074
1029 2.491406
1030 0.000000
1031 2.069261
1032 1.981347
1033 0.000000
1034 2.166266
1035 0.000000
1036 1.971041
1037 2.298798
1038 0.000000
1039 2.092105
1040 2.188401
1041 0.000000
1042 1.804627
1043 0.000000
1044 1.909075
1045 2.129040
1046 0.000000
1047 1.896751
1048 1.781825
1049 0.000000
1050 2.095378
1051 1.648595
1052 0.000000
1053 1.721220
1054 0.000000
1055 2.353268
1056 1.751242
1057 0.000000
1058 1.928517
1059 1.996980
1060 0.000000
1061 1.844276
1062 1.716121
1063 0.000000
1064 1.985436
1065 0.000000
1066 2.074377
1067 1.927112
1068 0.000000
1069 2.060805
1070 2.013708
1071 0.000000
1072 1.777198
1073 0.000000
1074 2.355235
1075 1.965675
1076 0.000000
1077 2.208683
1078 2.027264
1079 0.000000
1080 1.899753
1081 1.920884
1082 0.000000
1083 2.143829
1084 0.000000
1085 2.390258
1086 2.391329
1087 0.000000
1088 2.170349
1089 2.071903
1090 0.000000
1091 1.990440
1092 0.000000
1093 1.856046
1094 2.260153
1095 0.000000
1096 1.996550
1097 2.079829
1098 0.000000
1099 2.564654
1100 1.823828
1101 0.000000
1102 2.270617
1103 0.000000
1104 1.924749
1105 1.709095
1106 0.000000
1107 1.863308
1108 1.962587
1109 0.000000
1110 2.120431
1111 2.039572
1112 0.000000
1113 1.856824
1114 0.000000
1115 1.798563
1116 1.850585
1117 0.000000
1118 2.204504
1119 1.852288
1120 0.000000
1121 1.705857
1122 0.000000
1123 1.841656
1124 1.682049
1125 0.000000
1126 1.633048
1127 1.977319
1128 0.000000
1129 1.828349
1130 1.907995
1131 0.000000
1132 2.123335
1133 0.000000
1134 2.065689
1135 2.010036
1136 0.000000
1137 2.791531
1138 15.839033
1139 0.000000
1140 7.489535
1141 0.000000
1142 5.180495
1143 6.298614
1144 0.000000
1145 7.358571
1146 4.429083
1147 0.000000
1148 6.096512
1149 5.554145
1150 0.000000
1151 2.727825
1152 0.000000
1153 2.848218
1154 2.227980
1155 0.000000
1156 4.139524
1157 3.820314
1158 0.000000
1159 2.768006
1160 0.000000
1161 2.284188
1162 2.553848
1163 0.000000
1164 3.008918
1165 2.084720
1166 0.000000
1167 3.510079
1168 3.586686
1169 0.000000
1170 2.865264
1171 0.000000
1172 3.900637
1173 3.824326
1174 0.000000
1175 4.065112
1176 4.639926
1177 0.000000
1178 3.293816
1179 0.000000
1180 2.420517
1181 2.829543
1182 0.000000
1183 4.352277
1184 3.230138
1185 0.000000
1186 2.467243
1187 2.462490
1188 0.000000
1189 2.051640
1190 0.000000
1191 2.785821
1192 2.583725
1193 0.000000
1194 1.912022
1195 3.462297
1196 0.000000
1197 3.939253
1198 3.492162
1199 0.000000
1200 3.482613
1201 0.000000
1202 2.061450
1203 3.426928
1204 0.000000
1205 2.233012
1206 2.381975
1207 0.000000
1208 3.155609
1209 0.000000
1210 2.834087
1211 2.737990
1212 0.000000
1213 4.422147
1214 4.122759
1215 0.000000
1216 4.415728
1217 3.332989
1218 0.000000
1219 4.090827
1220 0.000000
1221 2.409024
1222 3.700693
1223 0.000000
1224 4.437001
1225 4.407660
1226 0.000000
1227 4.175555
1228 3.286753
1229 0.000000
1230 4.401689
1231 0.000000
1232 3.340834
1233 4.961473
1234 0.000000
1235 4.450213
1236 5.435740
1237 0.000000
1238 5.503989
1239 0.000000
1240 5.611173
1241 6.374325
1242 0.000000
1243 5.423324
1244 5.870095
1245 0.000000
1246 4.891154
1247 4.873082
1248 0.000000
1249 5.515823
1250 0.000000
1251 4.543445
1252 5.204028
1253 0.000000
1254 6.172722
1255 2.084226
1256 0.000000
1257 4.013656
1258 0.000000
1259 4.750038
1260 4.579724
1261 0.000000
1262 4.001132
1263 4.634882
1264 0.000000
1265 4.151330
1266 3.703571
1267 0.000000
1268 5.449271
1269 0.000000
1270 4.220943
1271 4.196866
1272 0.000000
1273 4.654593
1274 5.612858
1275 0.000000
1276 5.413193
1277 0.000000
1278 5.348708
1279 5.186609
1280 0.000000
1281 5.226246
1282 4.829254
1283 0.000000
1284 4.178690
1285 3.769273
1286 0.000000
1287 4.267785
1288 0.000000
1289 3.740130
1290 4.166147
1291 0.000000
1292 3.068035
1293 4.120937
1294 0.000000
1295 3.962850
1296 3.985339
1297 0.000000
1298 4.385175
1299 0.000000
1300 4.083869
1301 3.240744
1302 0.000000
1303 4.259551
1304 3.681379
1305 0.000000
1306 4.376228
1307 0.000000
1308 3.817876
1309 3.916777
1310 0.000000
1311 4.252215
1312 4.367833
1313 0.000000
1314 3.879007
1315 4.317668
1316 0.000000
1317 3.873801
1318 0.000000
1319 4.225358
1320 3.896285
1321 0.000000
1322 4.349892
1323 2.929558
1324 0.000000
1325 3.940067
1326 0.000000
1327 2.084487
1328 2.883189
1329 0.000000
1330 3.245077
1331 7.993798
1332 0.000000
1333 30.766496
1334 20.262872
1335 0.000000
1336 10.915831
1337 0.000000
1338 8.896866
1339 9.337107
1340 0.000000
1341 8.230761
1342 4.288670
1343 0.000000
1344 4.717338
1345 3.990458
1346 0.000000
1347 5.422494
1348 0.000000
1349 3.287635
1350 2.361772
1351 0.000000
1352 3.224245
1353 3.963527
1354 0.000000
1355 5.179907
1356 0.000000
1357 3.255740
1358 3.679231
1359 0.000000
1360 3.580517
1361 3.278120
1362 0.000000
1363 3.211131
1364 2.740273
1365 0.000000
1366 2.698872
1367 0.000000
1368 2.094585
1369 2.388641
1370 0.000000
1371 4.077554
1372 2.492483
1373 0.000000
1374 2.465083
1375 0.000000
1376 3.020368
1377 2.500649
1378 0.000000
1379 2.576029
1380 3.213997
1381 0.000000
1382 2.420741
1383 2.385659
1384 0.000000
1385 2.183754
1386 0.000000
1387 2.141974
1388 2.961190
1389 0.000000
1390 2.331709
1391 2.368745
1392 0.000000
1393 1.797874
1394 2.256096
1395 0.000000
1396 2.924427
1397 0.000000
1398 2.651269
1399 6.021941
1400 0.000000
1401 5.989811
1402 3.718397
1403 0.000000
1404 3.166103
1405 0.000000
1406 3.028340
1407 2.156049
1408 0.000000
1409 2.931548
1410 2.349376
1411 0.000000
1412 2.953019
1413 3.746506
1414 0.000000
1415 2.501231
1416 0.000000
1417 2.332268
1418 2.015784
1419 0.000000
1420 2.106925
1421 1.949081
1422 0.000000
1423 2.305803
1424 0.000000
1425 3.011989
1426 3.051426
1427 0.000000
1428 2.502894
1429 2.460765
1430 0.000000
1431 3.444271
1432 2.709412
1433 0.000000
1434 2.836091
1435 0.000000
1436 2.579079
1437 2.598614
1438 0.000000
1439 3.938986
1440 2.128981
1441 0.000000
1442 1.819576
1443 2.098775
1444 0.000000
1445 2.120700
1446 0.000000
1447 1.915525
1448 2.634655
1449 0.000000
1450 2.033869
1451 1.960995
1452 0.000000
1453 1.859529
1454 0.000000
1455 2.002970
1456 1.872124
1457 0.000000
1458 1.959557
1459 2.335720
1460 0.000000
1461 2.431164
1462 2.031752
1463 0.000000
1464 2.325007
1465 0.000000
1466 2.149243
1467 1.835174
1468 0.000000
1469 2.191493
1470 2.278031
1471 0.000000
1472 2.461046
1473 0.000000
1474 2.348797
1475 2.926059
1476 0.000000
1477 2.304172
1478 2.540973
1479 0.000000
1480 2.243482
1481 1.807564
1482 0.000000
1483 2.539532
1484 0.000000
1485 2.497392
1486 1.821584
1487 0.000000
1488 2.420836
1489 1.918448
1490 0.000000
1491 2.271982
1492 2.014413
1493 0.000000
1494 2.442763
1495 0.000000
1496 2.499115
1497 2.412771
1498 0.000000
1499 1.992233
1500 1.942078
1501 0.000000
1502 2.558662
1503 0.000000
1504 1.975493
1505 2.106004
1506 0.000000
1507 2.419856
1508 2.185207
1509 0.000000
1510 1.900968
1511 1.956708
1512 0.000000
1513 2.483533
1514 0.000000
1515 1.885447
1516 2.005083
1517 0.000000
1518 2.527355
1519 2.315033
1520 0.000000
1521 2.107342
1522 0.000000
1523 2.743100
1524 2.063107
1525 0.000000
1526 2.348138
1527 2.624938
1528 0.000000
1529 2.076391
1530 2.213563
1531 0.000000
1532 2.539039
1533 0.000000
1534 2.006960
1535 2.559142
1536 0.000000
1537 2.332356
1538 1.887454
1539 0.000000
1540 1.859015
1541 0.000000
1542 2.734902
1543 2.196041
1544 0.000000
1545 2.045939
1546 2.316118
1547 0.000000
1548 2.022710
1549 2.305641
1550 0.000000
1551 2.144368
1552 0.000000
1553 2.133682
1554 2.123353
1555 0.000000
1556 2.424530
1557 2.098504
1558 0.000000
1559 2.045082
1560 1.903354
1561 0.000000
1562 2.756309
1563 0.000000
1564 2.517032
1565 2.763258
1566 0.000000
1567 2.230581
1568 2.031035
1569 0.000000
1570 2.188462
1571 0.000000
1572 2.419479
1573 2.426052
1574 0.000000
1575 2.492532
1576 2.191990
1577 0.000000
1578 1.762256
1579 1.724340
1580 0.000000
1581 2.140659
1582 0.000000
1583 1.902392
1584 2.024986
1585 0.000000
1586 2.428464
1587 1.961690
1588 0.000000
1589 1.938712
1590 0.000000
1591 2.465689
1592 2.239705
1593 0.000000
1594 1.995932
1595 2.488809
1596 0.000000
1597 2.051659
1598 1.949194
1599 0.000000
1600 2.285720
1601 0.000000
1602 1.905415
1603 1.810681
1604 0.000000
1605 2.049844
1606 2.021954
1607 0.000000
1608 2.207819
1609 2.038842
1610 0.000000
1611 2.093948
1612 0.000000
1613 1.771141
1614 2.073050
1615 0.000000
1616 1.988225
1617 1.691781
1618 0.000000
1619 1.755267
1620 0.000000
1621 2.332719
1622 1.889253
1623 0.000000
1624 2.041222
1625 2.430908
1626 0.000000
1627 2.450724
1628 1.702857
1629 0.000000
1630 2.183858
1631 0.000000
1632 1.845753
1633 2.185418
1634 0.000000
1635 2.730104
1636 1.889480
1637 0.000000
1638 2.484437
1639 0.000000
1640 2.216688
1641 4.303206
1642 0.000000
1643 7.000750
1644 10.445724
1645 0.000000
1646 2.927716
1647 2.849775
1648 0.000000
1649 2.052211
1650 0.000000
1651 3.768761
1652 2.416516
1653 0.000000
1654 2.688145
1655 2.383491
1656 0.000000
1657 2.106942
1658 2.266253
1659 0.000000
1660 2.536612
1661 0.000000
1662 2.215296
1663 2.984158
1664 0.000000
1665 2.878235
1666 2.105333
1667 0.000000
1668 1.973327
1669 0.000000
1670 3.047258
1671 2.711350
1672 0.000000
1673 2.229663
1674 2.443755
1675 0.000000
1676 2.157704
1677 2.124855
1678 0.000000
1679 2.661345
1680 0.000000
1681 1.863539
1682 1.976777
1683 0.000000
1684 2.511270
1685 2.133013
1686 0.000000
1687 1.747797
1688 0.000000
1689 2.781421
1690 2.350363
1691 0.000000
1692 1.971299
1693 2.121076
1694 0.000000
1695 2.126971
1696 1.820134
1697 0.000000
1698 1.809050
1699 0.000000
1700 2.254444
1701 2.892185
1702 0.000000
1703 2.024088
1704 1.480391
1705 0.000000
1706 1.389535
1707 0.000000
1708 1.450697
1709 1.555574
1710 0.000000
1711 1.623435
1712 1.517862
1713 0.000000
1714 1.430117
1715 1.552993
1716 0.000000
1717 1.547568
1718 0.000000
1719 1.844744
1720 1.496982
1721 0.000000
1722 1.500213
1723 1.433032
1724 0.000000
1725 1.415528
1726 1.579440
1727 0.000000
1728 1.703961
1729 0.000000
1730 1.620433
1731 1.615370
1732 0.000000
1733 1.832481
1734 1.637697
1735 0.000000
1736 1.566216
1737 0.000000
1738 1.845518
1739 1.471055
1740 0.000000
1741 1.643771
1742 1.789408
1743 0.000000
1744 1.518382
1745 1.585789
1746 0.000000
1747 1.466471
1748 0.000000
1749 1.505322
1750 1.728939
1751 0.000000
1752 1.704638
1753 1.433703
1754 0.000000
1755 1.453201
1756 0.000000
1757 1.703763
1758 1.530929
1759 0.000000
1760 1.689894
1761 1.620321
1762 0.000000
1763 1.609470
1764 1.661083
1765 0.000000
1766 1.607484
1767 0.000000
1768 1.503610
1769 1.423271
1770 0.000000
1771 1.449498
1772 1.593474
1773 0.000000
1774 1.453667
1775 0.000000
1776 1.413236
1777 1.564099
1778 0.000000
1779 1.441257
1780 1.444964
1781 0.000000
1782 1.656500
1783 1.529041
1784 0.000000
1785 1.472236
1786 0.000000
1787 1.746918
1788 1.490052
1789 0.000000
1790 1.410662
1791 1.551333
1792 0.000000
1793 1.413996
1794 0.000000
1795 1.404164
1796 1.641697
1797 0.000000
1798 1.540967
1799 1.465821
1800 0.000000
1801 1.640084
1802 1.439524
1803 0.000000
1804 1.378377
1805 0.000000
1806 1.523328
1807 1.443366
1808 0.000000
1809 1.378295
1810 1.504454
1811 0.000000
1812 1.462244
1813 1.468681
1814 0.000000
1815 1.464583
1816 0.000000
1817 1.526902
1818 1.500443
1819 0.000000
1820 1.610599
1821 1.575788
1822 0.000000
1823 1.370904
1824 0.000000
1825 1.442452
1826 1.597054
1827 0.000000
1828 1.524218
1829 1.398429
1830 0.000000
1831 1.580515
1832 1.543927
1833 0.000000
1834 1.785914
1835 0.000000
1836 1.970774
1837 1.628711
1838 0.000000
1839 1.743997
1840 1.876172
1841 0.000000
1842 1.427147
1843 1.606638
1844 0.000000
1845 1.760899
1846 0.000000
1847 1.477714
1848 1.523233
1849 0.000000
1850 1.773414
1851 1.464434
1852 0.000000
1853 1.566345
1854 1.525100
1855 0.000000
1856 1.715104
1857 0.000000
1858 1.563740
1859 1.611002
1860 0.000000
1861 1.624642
1862 1.516806
1863 0.000000
1864 1.818633
1865 0.000000
1866 2.008353
1867 1.964219
1868 0.000000
1869 1.655155
1870 1.627245
1871 0.000000
1872 1.419734
1873 1.717014
1874 0.000000
1875 1.786458
1876 0.000000
1877 1.857159
1878 1.467226
1879 0.000000
1880 1.913755
1881 1.723775
1882 0.000000
1883 1.589118
1884 0.000000
1885 1.957523
1886 1.485561
1887 0.000000
1888 1.568307
1889 1.759381
1890 0.000000
1891 1.467007
1892 1.473824
1893 0.000000
1894 1.803091
1895 0.000000
1896 1.435567
1897 1.493222
1898 0.000000
1899 1.664774
1900 1.527512
1901 0.000000
1902 1.579252
1903 1.623043
1904 0.000000
1905 1.921997
1906 0.000000
1907 1.577438
1908 1.651249
1909 0.000000
1910 1.724515
1911 1.603232
1912 0.000000
1913 1.766654
1914 0.000000
1915 1.673889
1916 1.545076
1917 0.000000
1918 1.762491
1919 1.690389
1920 0.000000
1921 2.945428
1922 10.020245
1923 1.375165
1924 2.673364
1925 0.000000
1926 3.692234
1927 4.214935
1928 0.000000
1929 2.532178
1930 3.845800
1931 0.000000
1932 3.534376
1933 0.000000
1934 3.360329
1935 3.222928
1936 0.000000
1937 1.834316
1938 2.098259
1939 0.000000
1940 1.743660
1941 2.001976
1942 0.000000
1943 2.310564
1944 0.000000
1945 2.250994
1946 1.866643
1947 0.000000
1948 2.642234
1949 2.282437
1950 0.000000
1951 1.856773
1952 0.000000
1953 2.397105
1954 2.985161
1955 0.000000
1956 2.972039
1957 1.915616
1958 0.000000
1959 2.264136
1960 1.847089
1961 0.000000
1962 1.749606
1963 0.000000
1964 2.063618
1965 1.912458
1966 0.000000
1967 2.321770
1968 2.043291
1969 0.000000
1970 2.287949
1971 2.425884
1972 0.000000
1973 2.842249
1974 0.000000
1975 2.433060
1976 2.395282
1977 0.000000
1978 2.735925
1979 2.239171
1980 0.000000
1981 1.954595
1982 0.000000
1983 2.208464
1984 1.793436
1985 0.000000
1986 1.777921
1987 2.052495
1988 0.000000
1989 2.870771
1990 2.988310
1991 0.000000
1992 3.033367
1993 0.000000
1994 3.225100
1995 2.911700
1996 0.000000
1997 2.677433
1998 2.300669
1999 0.000000
2000 2.036500
2001 0.000000
2002 2.118121
2003 3.084331
2004 0.000000
2005 2.867612
2006 2.283926
2007 0.000000
2008 2.884209
2009 2.312191
2010 0.000000
2011 2.721232
2012 0.000000
2013 3.851133
2014 2.603187
2015 0.000000
2016 3.632425
2017 2.988683
2018 0.000000
2019 2.032330
2020 2.222111
2021 0.000000
2022 2.586356
2023 0.000000
2024 2.370272
2025 2.179044
2026 0.000000
2027 3.057348
2028 2.309810
2029 0.000000
2030 3.251288
2031 0.000000
2032 3.661120
2033 3.143930
2034 0.000000
2035 3.252075
2036 3.599323
2037 0.000000
2038 3.119761
2039 2.866392
2040 0.000000
2041 3.568176
2042 0.000000
2043 3.382384
2044 2.791584
2045 0.000000
2046 2.599959
2047 3.283000
2048 0.000000
2049 2.889940
2050 2.723137
2051 0.000000
2052 3.835702
2053 0.000000
2054 2.129814
2055 2.117465
2056 0.000000
2057 2.620891
2058 3.497860
2059 0.000000
2060 2.331728
2061 0.000000
2062 3.117224
2063 2.580312
2064 0.000000
2065 2.630095
2066 3.486654
2067 0.000000
2068 3.100635
2069 2.664650
2070 0.000000
2071 3.407661
2072 0.000000
2073 3.015640
2074 3.724909
2075 0.000000
2076 4.278386
2077 3.446543
2078 0.000000
2079 2.965248
2080 0.000000
2081 3.254096
2082 2.579207
2083 0.000000
2084 3.240646
2085 3.447104
2086 0.000000
2087 2.699334
2088 2.474153
2089 0.000000
2090 2.594326
2091 0.000000
2092 2.279401
2093 3.073976
2094 0.000000
2095 3.000786
2096 3.028429
2097 0.000000
2098 1.970692
2099 3.146459
2100 0.000000
2101 3.225398
2102 0.000000
2103 3.683687
2104 3.669964
2105 0.000000
2106 2.895239
2107 2.787777
2108 0.000000
2109 3.196939
2110 0.000000
2111 3.041218
2112 3.568876
2113 0.000000
2114 2.308372
2115 3.679323
2116 0.000000
2117 2.759626
2118 2.218642
2119 0.000000
2120 3.235233
2121 0.000000
2122 2.942139
2123 2.250756
2124 0.000000
2125 2.936244
2126 2.599855
2127 0.000000
2128 2.651464
2129 3.652093
2130 0.000000
2131 3.297205
2132 0.000000
2133 3.692979
2134 4.169167
2135 0.000000
2136 3.942829
2137 4.718498
2138 0.000000
2139 3.213975
2140 3.476778
2141 0.000000
2142 3.624016
2143 0.000000
2144 4.567879
2145 3.919984
2146 0.000000
2147 3.343663
2148 3.125794
2149 0.000000
2150 3.319758
2151 0.000000
2152 3.517740
2153 3.463239
2154 0.000000
2155 2.855782
2156 2.860212
2157 0.000000
2158 2.384013
2159 0.000000
2160 2.833219
2161 3.291077
2162 0.000000
2163 2.428595
2164 2.860939
2165 0.000000
2166 2.251106
2167 2.327684
2168 0.000000
2169 2.844324
2170 0.000000
2171 2.910159
2172 3.226736
2173 0.000000
2174 3.158123
2175 2.881740
2176 0.000000
2177 3.343012
2178 0.000000
2179 3.605511
2180 3.768132
2181 0.000000
2182 2.789682
2183 3.008500
2184 0.000000
2185 2.726087
2186 2.273346
2187 0.000000
2188 3.478845
2189 0.000000
2190 2.625976
2191 2.609762
2192 0.000000
2193 2.416844
2194 3.876498
2195 0.000000
2196 2.159067
2197 2.950587
2198 0.000000
2199 2.784732
2200 0.000000
2201 3.325545
2202 2.864255
2203 0.000000
2204 2.860812
2205 2.497257
2206 0.000000
2207 2.412211
2208 0.000000
2209 3.242691
2210 4.370393
2211 0.000000
2212 3.066697
2213 2.747175
2214 0.000000
2215 2.264360
2216 2.190858
2217 0.000000
2218 2.790854
2219 0.000000
2220 2.664122
2221 2.884034
2222 0.000000
2223 4.035827
2224 3.809236
2225 0.000000
2226 2.435534
2227 0.000000
2228 2.401629
2229 3.447492
2230 0.000000
2231 3.314519
2232 3.056403
2233 0.000000
2234 2.993632
2235 2.730453
2236 0.000000
2237 2.241391
2238 0.000000
2239 2.476502
2240 2.141404
2241 0.000000
2242 2.117441
2243 2.283375
2244 0.000000
2245 2.828029
2246 2.191482
2247 0.000000
2248 2.310005
2249 0.000000
2250 1.867670
2251 2.792676
2252 0.000000
2253 2.130616
2254 1.881792
2255 0.000000
2256 1.934078
2257 0.000000
2258 2.787150
2259 2.571778
2260 0.000000
2261 1.771145
2262 2.536123
2263 0.000000
2264 2.195421
2265 1.837191
2266 0.000000
2267 2.343309
2268 0.000000
2269 1.807056
2270 2.476613
2271 0.000000
2272 2.884222
2273 2.843004
2274 0.000000
2275 1.755963
2276 0.000000
2277 3.035963
2278 2.206054
2279 0.000000
2280 2.385802
2281 2.868306
2282 0.000000
2283 3.010492
2284 1.826242
2285 0.000000
2286 1.943555
2287 0.000000
2288 2.915123
2289 1.842015
2290 0.000000
2291 2.067196
2292 2.539022
2293 0.000000
2294 2.524658
2295 1.857811
2296 0.000000
2297 2.752906
2298 0.000000
2299 2.433745
2300 2.386082
2301 0.000000
2302 2.564218
2303 2.605186
2304 0.000000
2305 2.063520
2306 0.000000
2307 2.566656
2308 1.943410
2309 0.000000
2310 2.449549
2311 2.356415
2312 0.000000
2313 2.329543
2314 1.707138
2315 0.000000
2316 3.153397
2317 0.000000
2318 2.555106
2319 1.924842
2320 0.000000
2321 2.008003
2322 2.183854
2323 0.000000
2324 2.112182
2325 0.000000
2326 2.344230
2327 2.196776
2328 0.000000
2329 1.979892
2330 1.854446
2331 0.000000
2332 2.152551
2333 2.270874
2334 0.000000
2335 2.857864
2336 0.000000
2337 2.602406
2338 2.358320
2339 0.000000
2340 2.027508
2341 2.247606
2342 0.000000
2343 3.041444
2344 2.423971
2345 0.000000
2346 2.726911
2347 0.000000
2348 1.881574
2349 1.847169
2350 0.000000
2351 2.234560
2352 2.510045
2353 0.000000
2354 2.125627
2355 0.000000
2356 3.093839
2357 2.243509
2358 0.000000
2359 3.703976
2360 2.369776
2361 0.000000
2362 2.094108
2363 1.881437
2364 0.000000
2365 2.536075
2366 0.000000
2367 2.318030
2368 2.251906
2369 0.000000
2370 2.811623
2371 2.717152
2372 0.000000
2373 2.478356
2374 3.260109
2375 0.000000
2376 2.428256
2377 0.000000
2378 1.889668
2379 2.633577
2380 0.000000
2381 2.639841
2382 2.508796
2383 0.000000
2384 3.948641
2385 0.000000
2386 4.454020
2387 4.965312
2388 0.000000
2389 14.563717
2390 3.117357
2391 0.000000
2392 1.732100
2393 1.743191
2394 0.000000
2395 1.471885
2396 0.000000
2397 1.606608
2398 1.640741
2399 0.000000
2400 1.875163
2401 1.703634
2402 0.000000
2403 1.464242
2404 0.000000
2405 1.441680
2406 1.436943
2407 0.000000
2408 1.495420
2409 1.441372
2410 0.000000
2411 1.460610
2412 1.410049
2413 0.000000
2414 1.572915
2415 0.000000
2416 1.527166
2417 1.691010
2418 0.000000
2419 1.579228
2420 1.592385
2421 0.000000
2422 1.555259
2423 0.000000
2424 1.593123
2425 1.470842
2426 0.000000
2427 1.487031
2428 1.628555
2429 0.000000
2430 1.558674
2431 1.666606
2432 0.000000
2433 1.599069
2434 0.000000
2435 1.626475
2436 1.557524
2437 0.000000
2438 1.671620
2439 1.494452
2440 0.000000
2441 1.701091
2442 2.000358
2443 0.000000
2444 2.377181
2445 0.000000
2446 2.724094
2447 2.802773
2448 0.000000
2449 2.332414
2450 2.552634
2451 0.000000
2452 2.835722
2453 0.000000
2454 2.790296
2455 3.341316
2456 0.000000
2457 2.724954
2458 2.676906
2459 0.000000
2460 2.422579
2461 2.613556
2462 0.000000
2463 2.480802
2464 0.000000
2465 2.850328
2466 2.692556
2467 0.000000
2468 2.575856
2469 3.126281
2470 0.000000
2471 2.719877
2472 2.864211
2473 0.000000
2474 3.450022
2475 0.000000
2476 3.421847
2477 3.748862
2478 0.000000
2479 3.776433
2480 3.342061
2481 0.000000
2482 3.412887
2483 0.000000
2484 3.626777
2485 3.278246
2486 0.000000
2487 3.051347
2488 2.958044
2489 0.000000
2490 2.689705
2491 2.608437
2492 0.000000
2493 3.020746
2494 0.000000
2495 2.976080
2496 3.930967
2497 0.000000
2498 4.308846
2499 4.128883
2500 0.000000
2501 4.107256
2502 0.000000
2503 3.903178
2504 4.732351
2505 0.000000
2506 3.923584
2507 3.448807
2508 0.000000
2509 3.619989
2510 4.208280
2511 0.000000
2512 11.754429
2513 1.581585
2514 2.611733
2515 8.269685
2516 13.059384
2517 7.064878
2518 0.000000
2519 7.860994
2520 0.000000
2521 17.851614
2522 0.000000
2523 17.750050
2524 4.314436
2525 4.357475
2526 0.000000
2527 4.338612
2528 4.556001
2529 0.000000
2530 3.807431
2531 3.965916
2532 0.000000
2533 3.938404
2534 0.000000
2535 3.767382
2536 3.691872
2537 0.000000
2538 3.635775
2539 3.956992
2540 0.000000
2541 3.862511
2542 4.085214
2543 0.000000
2544 4.600300
2545 0.000000
2546 4.089363
2547 0.377000
2548 4.995878
2549 0.000000
2550 3.553870
2551 3.762722
2552 0.000000
2553 4.685846
2554 0.000000
2555 4.153172
2556 4.358332
2557 0.000000
2558 4.687436
2559 4.253848
2560 0.000000
2561 4.203429
2562 0.000000
2563 3.991009
2564 3.643106
2565 0.000000
2566 4.337197
2567 3.842616
2568 0.000000
2569 3.935516
2570 3.951886
2571 1.849672
2572 3.395016
2573 0.000000
2574 3.187736
2575 3.212531
2576 0.000000
2577 3.913215
2578 3.206387
2579 0.000000
2580 3.030185
2581 0.000000
2582 3.026606
2583 3.249192
2584 0.000000
2585 3.158037
2586 3.052346
2587 0.000000
2588 3.389187
2589 2.835835
2590 0.000000
2591 2.780757
2592 3.172255
2593 0.000000
2594 3.312083
2595 2.610221
2596 0.000000
2597 2.833945
2598 2.585195
2599 1.008935
2600 2.315816
2601 0.000000
2602 2.696398
2603 2.585114
2604 0.000000
2605 2.247401
2606 0.000000
2607 2.378902
2608 2.257873
2609 0.000000
2610 2.361612
2611 2.367344
2612 0.000000
2613 2.732517
2614 0.000000
2615 2.403184
2616 3.153951
2617 0.000000
2618 2.530331
2619 2.565682
2620 0.000000
2621 2.949320
2622 3.598112
2623 0.000000
2624 3.666323
2625 0.000000
2626 4.501075
2627 4.332452
2628 0.000000
2629 4.101652
2630 4.726897
2631 0.000000
2632 38.463612
2633 0.000000
2634 11.769786
2635 6.995399
2636 0.000000
2637 5.427448
2638 5.461025
2639 0.000000
2640 5.763666
2641 6.737341
2642 0.000000
2643 6.066800
2644 0.000000
2645 6.432345
2646 5.050645
2647 0.000000
2648 4.338763
2649 4.298604
2650 0.000000
2651 4.325750
2652 0.000000
2653 3.814992
2654 4.538026
2655 0.000000
2656 4.943145
2657 3.840048
2658 0.000000
2659 4.027351
2660 4.372518
2661 0.000000
2662 4.874191
2663 0.000000
2664 3.630675
2665 4.182523
2666 0.000000
2667 5.305585
2668 5.203388
2669 0.000000
2670 4.657990
2671 0.000000
2672 4.678789
2673 3.763217
2674 0.000000
2675 3.855952
2676 5.190525
2677 0.000000
2678 4.159787
2679 4.075071
2680 0.000000
2681 4.042585
2682 0.000000
2683 3.859065
2684 3.972251
2685 0.000000
2686 4.177155
2687 4.634690
2688 0.000000
2689 3.820759
2690 4.595101
2691 0.000000
2692 4.182732
2693 0.000000
2694 4.854100
2695 4.129360
2696 0.000000
2697 4.344709
2698 4.592665
2699 0.000000
2700 4.740007
2701 0.000000
2702 3.801912
2703 4.971411
2704 0.000000
2705 3.839636
2706 5.128418
2707 0.000000
2708 4.257522
2709 4.028901
2710 0.000000
2711 5.586549
2712 0.000000
2713 4.801933
2714 4.897568
2715 0.000000
2716 4.962325
2717 4.128758
2718 1.622147
2719 3.652749
2720 5.447430
2721 0.000000
2722 4.731229
2723 0.000000
2724 4.867421
2725 5.305648
2726 0.000000
2727 4.712164
2728 4.415746
2729 0.000000
2730 4.836250
2731 0.000000
2732 4.269629
2733 4.169277
2734 0.000000
2735 4.521887
2736 4.159554
2737 0.000000
2738 4.970405
2739 5.183133
2740 0.000000
2741 8.233866
2742 0.000000
2743 7.173295
2744 3.718426
2745 7.300041
2746 2.109013
2747 4.572835
2748 0.000000
2749 7.243110
2750 7.812499
2751 0.000000
2752 10.297010
2753 0.000000
2754 7.512757
2755 9.539452
2756 0.000000
2757 8.213606
2758 4.454877
2759 0.000000
2760 3.884594
2761 0.000000
2762 3.578449
2763 4.386154
2764 0.000000
2765 4.823937
2766 4.015911
2767 0.000000
2768 4.344847
2769 0.000000
2770 4.380331
2771 4.104442
2772 0.000000
2773 4.424541
2774 5.015073
2775 0.000000
2776 4.032873
2777 4.216569
2778 0.000000
2779 3.807100
2780 0.000000
2781 3.841377
2782 4.434634
2783 0.000000
2784 4.607290
2785 5.019138
2786 0.000000
2787 4.818040
2788 4.314814
2789 0.000000
2790 4.924735
2791 0.000000
2792 4.474262
2793 4.751250
2794 0.000000
2795 4.855568
2796 4.860576
2797 0.000000
2798 4.464716
2799 0.000000
2800 4.992916
2801 4.572230
2802 0.000000
2803 4.037472
2804 5.148497
2805 0.000000
2806 4.818269
2807 4.975896
2808 0.000000
2809 5.231851
2810 0.000000
2811 4.645129
2812 4.223781
2813 0.000000
2814 4.696959
2815 4.200139
2816 0.000000
2817 4.434816
2818 4.315845
2819 0.000000
2820 5.256358
2821 0.000000
2822 4.634429
2823 6.297952
2824 0.000000
2825 4.887355
2826 4.563471
2827 0.000000
2828 4.852961
2829 0.000000
2830 4.708874
2831 4.144352
2832 0.000000
2833 4.382111
2834 4.652794
2835 0.000000
2836 4.434204
2837 4.281033
2838 0.000000
2839 4.595234
2840 0.000000
2841 4.261543
2842 4.008927
2843 0.000000
2844 4.592900
2845 3.925026
2846 0.000000
2847 3.748178
2848 0.000000
2849 4.989491
2850 4.533746
2851 0.000000
2852 4.538266
2853 4.432340
2854 0.000000
2855 5.032891
2856 5.017910
2857 0.000000
2858 6.211004
2859 0.000000
2860 5.400633
2861 5.111553
2862 0.000000
2863 5.659209
2864 5.401263
2865 0.000000
2866 4.227693
2867 4.319204
2868 0.000000
2869 4.175254
2870 0.000000
2871 3.762377
2872 3.872796
2873 0.000000
2874 4.025557
2875 3.479823
2876 0.000000
2877 4.179268
2878 0.000000
2879 4.248458
2880 4.183539
2881 0.000000
2882 4.453722
2883 5.197986
2884 0.000000
2885 4.638888
2886 3.995827
2887 0.000000
2888 4.262454
2889 0.000000
2890 4.322555
2891 5.077656
2892 0.000000
2893 4.926402
2894 4.555182
2895 0.000000
2896 4.777885
2897 4.405754
2898 0.000000
2899 5.757016
2900 0.000000
2901 5.055961
2902 5.101348
2903 0.000000
2904 5.798516
2905 4.649307
2906 0.000000
2907 4.959775
2908 0.000000
2909 5.434807
2910 4.809815
2911 0.000000
2912 4.837807
2913 5.999754
2914 0.000000
2915 5.093488
2916 5.598008
2917 0.000000
2918 6.045420
2919 0.000000
2920 4.966962
2921 4.390492
2922 0.000000
2923 4.628288
2924 4.286158
2925 0.000000
2926 3.601421
2927 0.000000
2928 3.786504
2929 3.506691
2930 0.000000
2931 4.557063
2932 4.464407
2933 0.000000
2934 4.397547
2935 3.547590
2936 0.000000
2937 4.336950
2938 0.000000
2939 4.426490
2940 3.748011
2941 0.000000
2942 3.815728
2943 4.181042
2944 0.000000
2945 3.179266
2946 3.416807
2947 0.000000
2948 4.186796
2949 0.000000
2950 3.175190
2951 2.945542
2952 0.000000
2953 3.926981
2954 3.513581
2955 0.000000
2956 2.826920
2957 0.000000
2958 3.040144
2959 2.978791
2960 0.000000
2961 3.066721
2962 3.959004
2963 0.000000
2964 2.687777
2965 3.007288
2966 0.000000
2967 4.556635
2968 0.000000
2969 2.972482
2970 3.370615
2971 0.000000
2972 4.855147
2973 3.486570
2974 0.000000
2975 2.930991
2976 0.000000
2977 3.024670
2978 3.463265
2979 0.000000
2980 2.977038
2981 3.406880
2982 0.000000
2983 3.691355
2984 2.743011
2985 0.000000
2986 3.501560
2987 0.000000
2988 4.188409
2989 4.464294
2990 0.000000
2991 6.296780
2992 32.677250
2993 0.000000
2994 4.118330
2995 3.048170
2996 0.000000
2997 4.036867
2998 0.000000
2999 2.676127
3000 1.935892
3001 0.000000
3002 4.316003
3003 2.514194
3004 0.000000
3005 2.522472
3006 0.000000
3007 3.669808
3008 2.206368
3009 0.000000
3010 2.065791
3011 3.193036
3012 0.000000
3013 2.733460
3014 1.967242
3015 0.000000
3016 3.494197
3017 0.000000
3018 3.294579
3019 1.946439
3020 0.000000
3021 2.614395
3022 2.230882
3023 0.000000
3024 2.676059
3025 2.590753
3026 0.000000
3027 2.705313
3028 0.000000
3029 2.306133
3030 2.855266
3031 0.000000
3032 4.456825
3033 2.801052
3034 0.000000
3035 2.992972
3036 0.000000
3037 3.797157
3038 3.354887
3039 0.000000
3040 2.395048
3041 2.992405
3042 0.000000
3043 2.373011
3044 3.755546
3045 0.000000
3046 3.182516
3047 0.000000
3048 2.423612
3049 2.234482
3050 0.000000
3051 2.810952
3052 3.313108
3053 0.000000
3054 2.555196
3055 2.441354
3056 0.000000
3057 3.367085
3058 0.000000
3059 2.312804
3060 2.744133
3061 0.000000
3062 2.972700
3063 2.081211
3064 0.000000
3065 2.318056
3066 0.000000
3067 3.768198
3068 3.451237
3069 0.000000
3070 3.953077
3071 3.720415
3072 0.000000
3073 2.349259
3074 2.960046
3075 0.000000
3076 2.457666
3077 0.000000
3078 3.379158
3079 3.233969
3080 0.000000
3081 3.632207
3082 3.034748
3083 0.000000
3084 2.309735
3085 2.600848
3086 0.000000
3087 3.389370
3088 0.000000
3089 2.520155
3090 3.294643
3091 0.000000
3092 2.648360
3093 2.184487
3094 0.000000
3095 2.507713
3096 0.000000
3097 2.953457
3098 2.767995
3099 0.000000
3100 2.636557
3101 2.834017
3102 0.000000
3103 1.834941
3104 1.863534
3105 0.000000
3106 2.623679
3107 0.000000
3108 2.164711
3109 2.554833
3110 0.000000
3111 4.097901
3112 2.236701
3113 0.000000
3114 2.027572
3115 0.000000
3116 2.459068
3117 2.296987
3118 0.000000
3119 2.114416
3120 2.539907
3121 0.000000
3122 2.288744
3123 2.272976
3124 0.000000
3125 2.689977
3126 0.000000
3127 2.728039
3128 1.801684
3129 0.000000
3130 1.948180
3131 1.960081
3132 0.000000
3133 2.110752
3134 1.701165
3135 0.000000
3136 3.371550
3137 0.000000
3138 1.796206
3139 2.131650
3140 0.000000
3141 2.747412
3142 1.835823
3143 0.000000
3144 2.032895
3145 0.000000
3146 1.841993
3147 2.055902
3148 0.000000
3149 1.582507
3150 2.448031
3151 0.000000
3152 1.527012
3153 1.555319
3154 0.000000
3155 2.308463
3156 0.000000
3157 1.969052
3158 1.725139
3159 0.000000
3160 2.345795
3161 1.594978
3162 0.000000
3163 1.659636
3164 1.770161
3165 0.000000
3166 2.245649
3167 0.000000
3168 1.596364
3169 2.117121
3170 0.000000
3171 2.323354
3172 1.720080
3173 0.000000
3174 1.836187
3175 0.000000
3176 2.136514
3177 1.710775
3178 0.000000
3179 1.870076
3180 2.452741
3181 0.000000
3182 1.872890
3183 2.005328
3184 0.000000
3185 2.165717
3186 0.000000
3187 1.789576
3188 1.807813
3189 0.000000
3190 2.290007
3191 1.569522
3192 0.000000
3193 1.703430
3194 0.000000
3195 2.251223
3196 1.664455
3197 0.000000
3198 1.709432
3199 2.530410
3200 0.000000
3201 1.906191
3202 1.572802
3203 0.000000
3204 1.768271
3205 0.000000
3206 2.019569
3207 2.046797
3208 0.000000
3209 2.115858
3210 1.967586
3211 0.000000
3212 1.494836
3213 1.545734
3214 0.000000
3215 2.100398
3216 0.000000
3217 1.662627
3218 1.756779
3219 0.000000
3220 2.380727
3221 1.681438
3222 0.000000
3223 1.566427
3224 0.000000
3225 2.371620
3226 1.620642
3227 0.000000
3228 1.744643
3229 2.162594
3230 0.000000
3231 1.736317
3232 1.530861
3233 0.000000
3234 2.203148
3235 0.000000
3236 1.925015
3237 1.975420
3238 0.000000
3239 2.117131
3240 1.872028
3241 0.000000
3242 1.598825
3243 0.000000
3244 1.894022
3245 2.127786
3246 0.000000
3247 1.805684
3248 1.921719
3249 0.000000
3250 2.003355
3251 1.779291
3252 0.000000
3253 1.563400
3254 0.000000
3255 2.230379
3256 1.546041
3257 0.000000
3258 1.643334
3259 2.255520
3260 0.000000
3261 1.598045
3262 1.873083
3263 0.000000
3264 2.364229
3265 0.000000
3266 2.069639
3267 1.646639
3268 0.000000
3269 2.128454
3270 1.725105
3271 0.000000
3272 1.826333
3273 0.000000
3274 2.105966
3275 1.951072
3276 0.000000
3277 3.615139
3278 3.971070
3279 0.000000
3280 15.504638
3281 4.037362
3282 0.000000
3283 2.603794
3284 0.000000
3285 2.474148
3286 2.416642
3287 0.000000
3288 2.332535
3289 2.304728
3290 0.000000
3291 1.943815
3292 1.993293
3293 0.000000
3294 2.541081
3295 0.000000
3296 2.339827
3297 2.444750
3298 0.000000
3299 2.452525
3300 1.988704
3301 0.000000
3302 2.248181
3303 0.000000
3304 2.511755
3305 2.218408
3306 0.000000
3307 2.095295
3308 2.524053
3309 0.000000
3310 2.517159
3311 1.953171
3312 0.000000
3313 2.443881
3314 0.000000
3315 2.070164
3316 2.188425
3317 0.000000
3318 2.169197
3319 2.702889
3320 0.000000
3321 2.091382
3322 2.150229
3323 0.000000
3324 2.262713
3325 0.000000
3326 2.395853
3327 1.941990
3328 0.000000
3329 2.352566
3330 1.964055
3331 0.000000
3332 1.959345
3333 0.000000
3334 2.653182
3335 2.032029
3336 0.000000
3337 2.020545
3338 2.091106
3339 0.000000
3340 2.240541
3341 2.149652
3342 0.000000
3343 2.183610
3344 0.000000
3345 2.322366
3346 2.089257
3347 0.000000
3348 2.425987
3349 2.127810
3350 0.000000
3351 2.100288
3352 2.057404
3353 0.000000
3354 2.278057
3355 0.000000
3356 2.024850
3357 2.352291
3358 0.000000
3359 2.083168
3360 1.814662
3361 0.000000
3362 2.103845
3363 0.000000
3364 2.154859
3365 1.914789
3366 0.000000
3367 2.275197
3368 2.259318
3369 0.000000
3370 1.988854
3371 1.887301
3372 0.000000
3373 2.224133
3374 0.000000
3375 2.030383
3376 1.998463
3377 0.000000
3378 2.264213
3379 2.102333
3380 0.000000
3381 1.831645
3382 2.071982
3383 0.000000
3384 1.995373
3385 0.000000
3386 1.995405
3387 2.208848
3388 0.000000
3389 1.899447
3390 1.891546
3391 0.000000
3392 2.006941
3393 0.000000
3394 2.045104
3395 1.924549
3396 0.000000
3397 2.146575
3398 2.165192
3399 0.000000
3400 1.831383
3401 1.894027
3402 0.000000
3403 2.336964
3404 0.000000
3405 2.142508
3406 1.941443
3407 0.000000
3408 2.370235
3409 1.862975
3410 0.000000
3411 1.938394
3412 0.000000
3413 2.561430
3414 1.952098
3415 0.000000
3416 1.965888
3417 2.116805
3418 0.000000
3419 1.820535
3420 1.791263
3421 0.000000
3422 2.035805
3423 0.000000
3424 2.090291
3425 2.560028
3426 0.000000
3427 2.899267
3428 2.836018
3429 0.000000
3430 2.443503
3431 2.420524
3432 0.000000
3433 2.720746
3434 0.000000
3435 2.494965
3436 2.388364
3437 0.000000
3438 2.395242
3439 2.485689
3440 0.000000
3441 2.348249
3442 0.000000
3443 2.502543
3444 2.083136
3445 0.000000
3446 1.756683
3447 2.420449
3448 0.000000
3449 2.274154
3450 2.528001
3451 0.000000
3452 2.556874
3453 0.000000
3454 2.356315
3455 2.257366
3456 0.000000
3457 2.423718
3458 2.394987
3459 0.000000
3460 2.536583
3461 0.000000
3462 2.366035
3463 2.298721
3464 0.000000
3465 2.198708
3466 2.289498
3467 0.000000
3468 2.340284
3469 2.110678
3470 0.000000
3471 2.158833
3472 0.000000
3473 2.581153
3474 2.492551
3475 0.000000
3476 2.033490
3477 2.417815
3478 0.000000
3479 2.014131
3480 2.031612
3481 0.000000
3482 2.452805
3483 0.000000
3484 2.013102
3485 2.065802
3486 0.000000
3487 2.195460
3488 1.876586
3489 0.000000
3490 2.210188
3491 2.162927
3492 0.000000
3493 2.278272
3494 0.000000
3495 2.054382
3496 2.162144
3497 0.000000
3498 2.097312
3499 2.274645
3500 0.000000
3501 2.042788
3502 0.000000
3503 2.337566
3504 1.843951
3505 0.000000
3506 2.033086
3507 2.358955
3508 0.000000
3509 1.887877
3510 2.321736
3511 0.000000
3512 2.263600
3513 0.000000
3514 3.161962
3515 7.829984
3516 0.000000
3517 30.588286
3518 7.807710
3519 0.000000
3520 2.574099
3521 0.000000
3522 2.829153
3523 1.853168
3524 0.000000
3525 2.135718
3526 3.001188
3527 0.000000
3528 2.738995
3529 2.080637
3530 0.000000
3531 2.700506
3532 0.000000
3533 2.084451
3534 2.003435
3535 0.000000
3536 2.395181
3537 2.606910
3538 0.000000
3539 2.252150
3540 0.000000
3541 1.922995
3542 2.883865
3543 0.000000
3544 1.521011
3545 1.527214
3546 0.000000
3547 3.018901
3548 1.539285
3549 0.000000
3550 2.415618
3551 0.000000
3552 3.231229
3553 2.141919
3554 0.000000
3555 1.850957
3556 2.839598
3557 0.000000
3558 1.658242
3559 1.854553
3560 0.000000
3561 2.193163
3562 0.000000
3563 1.942643
3564 1.663425
3565 0.000000
3566 2.643965
3567 2.494755
3568 0.000000
3569 2.050493
3570 0.000000
3571 2.403928
3572 2.408155
3573 0.000000
3574 1.917473
3575 2.534785
3576 0.000000
3577 2.964959
3578 1.706185
3579 0.000000
3580 1.547024
3581 0.000000
3582 2.691311
3583 1.537139
3584 0.000000
3585 1.640068
3586 2.587782
3587 0.000000
3588 1.556783
3589 1.514748
3590 0.000000
3591 2.568328
3592 0.000000
3593 1.699277
3594 1.683992
3595 0.000000
3596 2.365844
3597 1.874213
3598 0.000000
3599 1.654300
3600 1.607748
3601 0.000000
3602 2.478908
3603 0.000000
3604 1.604298
3605 2.304451
3606 0.000000
3607 2.396906
3608 1.697189
3609 0.000000
3610 1.778688
3611 0.000000
3612 2.500772
3613 1.749277
3614 0.000000
3615 1.741209
3616 2.482453
3617 0.000000
3618 1.764932
3619 1.706895
3620 0.000000
3621 2.722887
3622 0.000000
3623 1.884700
3624 1.679431
3625 0.000000
3626 2.736242
3627 1.796273
3628 0.000000
3629 1.774029
3630 0.000000
3631 2.783227
3632 1.865875
3633 0.000000
3634 1.791040
3635 2.650692
3636 0.000000
3637 2.354344
3638 2.006310
3639 0.000000
3640 2.485188
3641 0.000000
3642 2.626159
3643 1.967572
3644 0.000000
3645 2.490172
3646 2.640875
3647 0.000000
3648 2.071285
3649 2.193251
3650 0.000000
3651 3.716584
3652 0.000000
3653 2.431214
3654 2.431717
3655 0.000000
3656 3.193986
3657 2.008653
3658 0.000000
3659 2.150420
3660 0.000000
3661 3.401826
3662 2.023441
3663 0.000000
3664 2.322220
3665 3.444842
3666 0.000000
3667 2.279761
3668 2.145234
3669 0.000000
3670 2.795529
3671 0.000000
3672 2.707378
3673 2.432356
3674 0.000000
3675 2.831637
3676 2.893203
3677 0.000000
3678 2.624075
3679 2.455682
3680 0.000000
3681 3.992569
3682 0.000000
3683 2.784803
3684 2.685391
3685 0.000000
3686 3.741140
3687 2.477729
3688 0.000000
3689 2.670787
3690 0.000000
3691 3.784364
3692 2.503155
3693 0.000000
3694 3.067420
3695 4.099450
3696 0.000000
3697 3.162874
3698 3.262516
3699 0.000000
3700 3.713102
3701 0.000000
3702 2.895256
3703 2.832421
3704 0.000000
3705 3.002219
3706 2.883359
3707 0.000000
3708 2.621842
3709 2.560834
3710 0.000000
3711 3.561698
3712 0.000000
3713 2.752935
3714 3.013318
3715 0.000000
3716 3.883274
3717 2.744428
3718 0.000000
3719 2.660220
3720 0.000000
3721 3.619240
3722 2.965485
3723 0.000000
3724 2.933001
3725 3.514569
3726 0.000000
3727 2.833530
3728 2.530572
3729 0.000000
3730 3.197198
3731 0.000000
3732 2.968600
3733 2.817328
3734 0.000000
3735 3.667213
3736 3.214947
3737 0.000000
3738 2.980152
3739 0.000000
3740 3.050090
3741 3.298551
3742 0.000000
3743 2.869943
3744 3.129145
3745 0.000000
3746 3.372657
3747 2.953385
3748 0.000000
3749 2.740691
3750 0.000000
3751 3.131031
3752 3.092377
3753 0.000000
3754 2.792625
3755 3.536893
3756 0.000000
3757 3.065262
3758 2.632207
3759 0.000000
3760 3.691753
3761 0.000000
3762 3.318800
3763 3.516434
3764 0.000000
3765 3.824908
3766 3.173535
3767 0.000000
3768 3.738273
3769 0.000000
3770 4.244112
3771 3.765539
3772 0.000000
3773 3.754870
3774 4.008897
3775 0.000000
3776 3.306995
3777 3.293974
3778 0.000000
3779 2.934172
3780 0.000000
3781 2.448777
3782 2.784659
3783 0.000000
3784 3.111760
3785 2.771794
3786 0.000000
3787 2.420990
3788 2.700634
3789 0.000000
3790 3.733408
3791 0.000000
3792 3.200401
3793 3.574640
3794 0.000000
3795 5.089806
3796 22.533454
3797 0.000000
3798 3.849376
3799 0.000000
3800 4.369037
3801 2.570642
3802 0.000000
3803 1.661003
3804 2.848420
3805 0.000000
3806 2.182363
3807 2.174877
3808 0.000000
3809 2.957065
3810 0.000000
3811 2.694284
3812 2.615166
3813 0.000000
3814 2.959115
3815 2.813075
3816 0.000000
3817 1.551293
3818 1.705519
3819 0.000000
3820 3.040323
3821 0.000000
3822 1.554351
3823 1.989312
3824 0.000000
3825 2.377999
3826 1.965591
3827 0.000000
3828 1.648456
3829 0.000000
3830 3.636451
3831 2.040839
3832 0.000000
3833 2.750297
3834 2.762440
3835 0.000000
3836 2.267719
3837 1.917201
3838 0.000000
3839 3.318483
3840 0.000000
3841 1.814823
3842 1.771485
3843 0.000000
3844 2.181192
3845 1.944719
3846 0.000000
3847 1.855931
3848 0.000000
3849 2.142547
3850 2.211258
3851 0.000000
3852 1.562270
3853 1.892612
3854 0.000000
3855 2.344798
3856 1.508332
3857 0.000000
3858 1.655054
3859 0.000000
3860 2.678162
3861 2.064457
3862 0.000000
3863 1.518977
3864 2.778052
3865 0.000000
3866 1.558905
3867 0.000000
3868 1.586362
3869 2.975566
3870 0.000000
3871 2.029578
3872 1.783798
3873 0.000000
3874 2.625190
3875 1.850821
3876 0.000000
3877 1.836302
3878 0.000000
3879 2.312297
3880 2.018187
3881 0.000000
3882 1.553799
3883 1.998249
3884 0.000000
3885 2.584483
3886 1.573980
3887 0.000000
3888 2.050193
3889 0.000000
3890 2.569143
3891 1.694974
3892 0.000000
3893 1.625632
3894 3.218377
3895 0.000000
3896 2.255906
3897 0.000000
3898 1.533705
3899 2.777788
3900 0.000000
3901 1.746316
3902 1.560142
3903 0.000000
3904 2.603108
3905 1.659716
3906 0.000000
3907 1.615844
3908 0.000000
3909 2.747853
3910 1.668479
3911 0.000000
3912 1.769183
3913 2.457723
3914 0.000000
3915 1.769219
3916 1.627639
3917 0.000000
3918 2.303658
3919 0.000000
3920 2.411586
3921 1.954944
3922 0.000000
3923 2.418301
3924 3.004217
3925 0.000000
3926 1.996876
3927 0.000000
3928 2.033655
3929 3.145214
3930 0.000000
3931 2.225270
3932 2.250552
3933 0.000000
3934 3.380682
3935 2.679268
3936 0.000000
3937 3.557277
3938 0.000000
3939 4.002114
3940 2.945445
3941 0.000000
3942 2.855132
3943 4.065092
3944 0.000000
3945 3.834664
3946 3.655063
3947 0.000000
3948 3.827005
3949 0.000000
3950 3.442487
3951 2.956078
3952 0.000000
3953 3.973408
3954 4.348641
3955 0.000000
3956 4.006632
3957 4.071641
3958 0.000000
3959 4.562643
3960 0.000000
3961 4.082624
3962 4.059717
3963 0.000000
3964 4.332992
3965 1.840732
3966 0.000000
3967 2.653206
3968 0.000000
3969 3.279807
3970 1.862117
3971 0.000000
3972 1.748277
3973 3.651204
3974 0.000000
3975 2.735300
3976 2.312840
3977 0.000000
3978 2.323200
3979 0.000000
3980 1.979589
3981 1.783950
3982 0.000000
3983 2.557607
3984 2.006389
3985 0.000000
3986 2.037683
3987 0.000000
3988 2.082012
3989 2.574245
3990 0.000000
3991 2.473515
3992 2.146259
3993 0.000000
3994 2.622909
3995 1.550215
3996 0.000000
3997 2.149559
3998 0.000000
3999 3.046198
4000 1.765599
4001 0.000000
4002 1.637123
4003 3.402134
4004 0.000000
4005 1.623881
4006 0.000000
4007 1.563076
4008 3.078422
4009 0.000000
4010 1.717772
4011 1.705913
4012 0.000000
4013 2.637477
4014 1.873502
4015 0.000000
4016 1.781633
4017 0.000000
4018 2.288178
4019 2.326692
4020 0.000000
4021 1.783160
4022 2.397182
4023 0.000000
4024 2.448189
4025 0.000000
4026 1.673732
4027 1.753780
4028 0.000000
4029 3.299016
4030 1.891430
4031 0.000000
4032 1.776117
4033 2.905334
4034 0.000000
4035 1.679104
4036 0.000000
4037 1.698154
4038 3.774977
4039 0.000000
4040 1.835106
4041 2.118346
4042 0.000000
4043 3.110385
4044 1.889601
4045 0.000000
4046 1.757799
4047 0.000000
4048 3.117996
4049 2.320095
4050 0.000000
4051 33.943346
4052 12.849415
4053 0.000000
4054 2.800788
4055 2.573734
4056 0.000000
4057 3.276278
4058 0.000000
4059 6.568074
4060 3.182792
4061 0.000000
4062 4.668269
4063 2.792279
4064 0.000000
4065 2.686151
4066 2.217849
4067 0.000000
4068 2.665472
4069 0.000000
4070 2.588665
4071 2.363608
4072 0.000000
4073 2.532507
4074 2.281449
4075 0.000000
4076 2.541924
4077 0.000000
4078 2.762101
4079 2.881256
4080 0.000000
4081 2.940265
4082 3.102309
4083 0.000000
4084 2.997603
4085 2.598827
4086 0.000000
4087 3.009888
4088 0.000000
4089 3.728502
4090 3.613649
4091 0.000000
4092 4.299847
4093 4.405138
4094 0.000000
4095 4.473659
4096 4.707314
4097 0.000000
4098 4.689331
4099 0.000000
4100 4.400999
4101 4.426517
4102 0.000000
4103 4.264947
4104 3.635082
4105 0.000000
4106 4.407840
4107 0.000000
4108 3.034615
4109 2.736013
4110 0.000000
4111 3.097162
4112 3.240285
4113 0.000000
4114 2.593084
4115 2.436929
4116 0.000000
4117 2.542401
4118 0.000000
4119 2.213449
4120 2.353408
4121 0.000000
4122 2.925165
4123 2.886154
4124 0.000000
4125 2.571275
4126 2.291379
4127 0.000000
4128 2.200935
4129 0.000000
4130 2.025188
4131 2.135981
4132 0.000000
4133 2.484007
4134 2.569507
4135 0.000000
4136 2.274109
4137 0.000000
4138 2.218026
4139 2.163558
4140 0.000000
4141 1.816640
4142 2.745673
4143 0.000000
4144 2.202811
4145 1.966950
4146 0.000000
4147 1.812940
4148 0.000000
4149 1.831223
4150 1.867346
4151 0.000000
4152 2.050118
4153 1.751330
4154 0.000000
4155 1.654907
4156 1.655447
4157 0.000000
4158 1.959753
4159 0.000000
4160 1.669059
4161 1.986515
4162 0.000000
4163 2.067973
4164 1.735145
4165 0.000000
4166 1.761854
4167 0.000000
4168 2.299420
4169 2.026178
4170 0.000000
4171 2.159056
4172 2.417340
4173 0.000000
4174 2.043861
4175 1.958724
4176 0.000000
4177 2.045245
4178 0.000000
4179 1.963447
4180 3.164984
4181 0.000000
4182 12.210689
4183 2.078863
4184 0.000000
4185 1.710587
4186 2.023420
4187 0.000000
4188 1.971769
4189 0.000000
4190 2.256312
4191 1.860281
4192 0.000000
4193 2.250356
4194 1.750533
4195 0.000000
4196 1.670063
4197 0.000000
4198 1.826936
4199 1.742093
4200 0.000000
4201 1.893383
4202 1.810033
4203 0.000000
4204 1.646379
4205 1.869452
4206 0.000000
4207 1.822667
4208 0.000000
4209 1.734816
4210 1.909153
4211 0.000000
4212 2.110568
4213 2.051365
4214 0.000000
4215 1.746307
4216 2.062353
4217 0.000000
4218 1.927573
4219 0.000000
4220 1.930922
4221 1.774410
4222 0.000000
4223 1.676897
4224 1.693788
4225 0.000000
4226 1.830950
4227 0.000000
4228 1.868735
4229 1.775209
4230 0.000000
4231 1.785201
4232 1.888830
4233 0.000000
4234 1.778267
4235 1.665476
4236 0.000000
4237 1.831980
4238 0.000000
4239 1.880616
4240 1.627775
4241 0.000000
4242 1.926240
4243 1.893729
4244 0.000000
4245 1.732154
4246 1.680234
4247 0.000000
4248 2.067106
4249 0.000000
4250 1.616727
4251 1.691632
4252 0.000000
4253 1.716275
4254 1.684776
4255 0.000000
4256 1.785954
4257 0.000000
4258 2.162399
4259 1.737356
4260 0.000000
4261 1.829494
4262 1.899346
4263 0.000000
4264 1.611256
4265 1.632581
4266 0.000000
4267 1.995543
4268 0.000000
4269 1.767244
4270 1.769481
4271 0.000000
4272 2.183649
4273 1.814497
4274 0.000000
4275 1.731256
4276 0.000000
4277 1.978421
4278 2.170441
4279 0.000000
4280 1.997642
4281 2.030434
4282 0.000000
4283 1.784075
4284 1.753008
4285 0.000000
4286 1.986130
4287 0.000000
4288 2.091779
4289 2.113217
4290 0.000000
4291 2.236780
4292 2.226479
4293 0.000000
4294 2.202821
4295 2.050777
4296 0.000000
4297 2.575261
4298 0.000000
4299 2.320090
4300 2.089715
4301 0.000000
4302 2.156465
4303 1.860515
4304 0.000000
4305 1.838864
4306 0.000000
4307 1.999158
4308 1.682506
4309 0.000000
4310 1.678094
4311 2.031635
4312 0.000000
4313 1.653689
4314 1.784071
4315 0.000000
4316 1.856417
4317 0.000000
4318 1.877993
4319 1.758136
4320 0.000000
4321 1.915454
4322 1.962578
4323 0.000000
4324 1.754223
4325 1.683764
4326 0.000000
4327 1.955968
4328 0.000000
4329 1.835057
4330 1.845178
4331 0.000000
4332 1.989338
4333 1.828333
4334 0.000000
4335 1.745202
4336 0.000000
4337 2.133155
4338 1.880776
4339 0.000000
4340 2.072552
4341 2.090722
4342 0.000000
4343 2.104619
4344 1.877142
4345 0.000000
4346 1.904100
4347 0.000000
4348 2.159767
4349 2.295750
4350 0.000000
4351 2.111892
4352 2.050357
4353 0.000000
4354 1.586774
4355 0.000000
4356 1.631394
4357 1.917637
4358 0.000000
4359 1.761312
4360 1.726220
4361 0.000000
4362 1.810486
4363 1.606087
4364 0.000000
4365 1.706526
4366 0.000000
4367 2.192449
4368 1.819276
4369 0.000000
4370 1.887541
4371 2.091459
4372 0.000000
4373 1.759675
4374 1.894073
4375 0.000000
4376 2.053973
4377 0.000000
4378 2.007283
4379 1.988838
4380 0.000000
4381 2.193504
4382 2.216696
4383 0.000000
4384 2.215572
4385 2.488825
4386 0.000000
4387 3.450347
4388 0.000000
4389 3.152657
4390 3.322326
4391 0.000000
4392 3.584055
4393 3.499125
4394 0.000000
4395 3.405421
4396 0.000000
4397 3.011131
4398 3.680074
4399 0.000000
4400 3.770889
4401 2.782922
4402 0.000000
4403 3.120469
4404 2.744574
4405 0.000000
4406 2.741404
4407 0.000000
4408 2.056401
4409 2.519167
4410 0.000000
4411 2.324628
4412 1.911495
4413 0.000000
4414 2.104985
4415 0.000000
4416 2.025140
4417 2.003983
4418 0.000000
4419 1.967281
4420 2.291498
4421 0.000000
4422 2.398557
4423 2.677703
4424 0.000000
4425 3.119508
4426 0.000000
4427 12.502626
4428 3.228858
4429 0.000000
4430 3.134783
4431 3.299278
4432 0.000000
4433 2.506600
4434 2.756131
4435 0.000000
4436 3.393187
4437 0.000000
4438 2.624037
4439 2.895529
4440 0.000000
4441 3.039216
4442 2.748098
4443 0.000000
4444 2.782634
4445 0.000000
4446 3.088453
4447 2.935856
4448 0.000000
4449 2.595054
4450 2.571825
4451 0.000000
4452 2.652889
4453 2.248158
4454 0.000000
4455 2.773438
4456 0.000000
4457 2.801389
4458 2.450142
4459 0.000000
4460 2.224382
4461 2.641110
4462 0.000000
4463 2.267349
4464 2.415707
4465 0.000000
4466 2.841819
4467 0.000000
4468 2.258299
4469 2.704270
4470 0.000000
4471 2.615554
4472 2.322982
4473 0.000000
4474 2.149824
4475 0.000000
4476 2.324739
4477 2.030543
4478 0.000000
4479 1.762669
4480 2.066263
4481 0.000000
4482 2.021647
4483 1.769859
4484 0.000000
4485 1.889032
4486 0.000000
4487 2.353216
4488 1.750978
4489 0.000000
4490 1.749466
4491 1.925859
4492 0.000000
4493 1.749338
4494 1.634264
4495 0.000000
4496 2.311820
4497 0.000000
4498 1.620043
4499 1.875651
4500 0.000000
4501 2.498199
4502 1.555569
4503 0.000000
4504 1.684671
4505 0.000000
4506 2.592776
4507 1.755999
4508 0.000000
4509 1.542532
4510 2.108629
4511 0.000000
4512 1.989912
4513 1.576289
4514 0.000000
4515 1.540613
4516 2.125256
4517 0.000000
4518 1.690946
4519 0.000000
4520 1.740561
4521 1.867817
4522 0.000000
4523 1.539585
4524 0.000000
4525 1.583402
4526 2.153135
4527 0.000000
4528 2.093733
4529 1.736146
4530 0.000000
4531 2.198690
4532 1.664720
4533 0.000000
4534 1.803621
4535 0.000000
4536 2.218115
4537 1.551311
4538 0.000000
4539 1.609997
4540 1.995947
4541 0.000000
4542 1.938612
4543 1.554482
4544 0.000000
4545 1.758140
4546 0.000000
4547 1.744954
4548 1.523589
4549 0.000000
4550 1.805951
4551 2.012208
4552 0.000000
4553 1.717559
4554 0.000000
4555 1.579659
4556 1.992595
4557 0.000000
4558 1.522792
4559 1.629185
4560 0.000000
4561 2.051508
4562 1.556419
4563 0.000000
4564 1.474388
4565 0.000000
4566 2.172728
4567 1.617700
4568 0.000000
4569 1.606597
4570 2.114507
4571 0.000000
4572 1.678354
4573 0.000000
4574 1.589899
4575 1.808868
4576 0.000000
4577 1.734355
4578 1.571535
4579 0.000000
4580 1.809337
4581 1.755626
4582 0.000000
4583 1.625839
4584 0.000000
4585 1.609068
4586 2.099362
4587 0.000000
4588 1.513121
4589 1.685094
4590 0.000000
4591 1.989039
4592 1.494692
4593 0.000000
4594 1.831230
4595 0.000000
4596 2.241942
4597 1.604543
4598 0.000000
4599 1.575227
4600 1.990829
4601 0.000000
4602 1.559173
4603 0.000000
4604 1.513492
4605 1.903327
4606 0.000000
4607 1.810970
4608 1.640625
4609 0.000000
4610 1.767666
4611 2.137329
4612 0.000000
4613 1.525909
4614 0.000000
4615 1.719421
4616 2.294720
4617 0.000000
4618 1.565951
4619 1.529660
4620 0.000000
4621 2.544745
4622 0.000000
4623 1.556688
4624 1.485619
4625 0.000000
4626 2.062502
4627 1.621901
4628 0.000000
4629 1.671017
4630 2.200512
4631 0.000000
4632 3.262899
4633 13.994629
4634 0.000000
4635 3.322136
4636 0.000000
4637 3.078376
4638 2.319943
4639 0.000000
4640 2.445299
4641 2.191172
4642 0.000000
4643 1.737451
4644 0.000000
4645 1.486212
4646 2.066154
4647 0.000000
4648 1.743362
4649 2.138451
4650 0.000000
4651 1.897276
4652 1.694049
4653 0.000000
4654 1.681548
4655 0.000000
4656 2.002804
4657 1.860691
4658 0.000000
4659 1.884215
4660 1.924542
4661 0.000000
4662 1.856821
4663 1.817621
4664 0.000000
4665 1.789604
4666 0.000000
4667 2.126862
4668 2.170795
4669 0.000000
4670 2.005876
4671 1.799062
4672 0.000000
4673 1.639087
4674 1.676929
4675 0.000000
4676 1.804939
4677 0.000000
4678 1.719161
4679 1.883458
4680 0.000000
4681 1.791026
4682 1.682143
4683 0.000000
4684 1.724248
4685 0.000000
4686 2.005931
4687 1.691685
4688 0.000000
4689 1.726702
4690 1.829816
4691 0.000000
4692 1.679997
4693 1.679350
4694 0.000000
4695 2.593929
4696 0.000000
4697 2.292247
4698 2.276430
4699 0.000000
4700 2.420773
4701 1.927392
4702 0.000000
4703 2.219326
4704 0.000000
4705 2.207428
4706 2.599847
4707 0.000000
4708 2.484588
4709 2.737502
4710 0.000000
4711 2.461271
4712 2.549405
4713 0.000000
4714 2.496924
4715 0.000000
4716 2.760641
4717 2.419395
4718 0.000000
4719 2.457693
4720 2.771614
4721 0.000000
4722 2.462472
4723 2.591294
4724 0.000000
4725 2.942157
4726 0.000000
4727 2.858699
4728 2.730659
4729 0.000000
4730 2.845055
4731 2.769171
4732 0.000000
4733 2.336130
4734 2.546179
4735 0.000000
4736 2.691056
4737 0.000000
4738 2.652348
4739 2.620023
4740 0.000000
4741 2.790667
4742 2.258360
4743 0.000000
4744 2.678034
4745 0.000000
4746 2.457728
4747 2.583110
4748 0.000000
4749 2.409312
4750 2.810972
4751 0.000000
4752 2.308145
4753 2.427530
4754 0.000000
4755 2.398851
4756 0.000000
4757 2.856297
4758 2.483413
4759 0.000000
4760 2.447369
4761 2.378903
4762 0.000000
4763 3.103955
4764 0.000000
4765 2.715464
4766 3.132971
4767 0.000000
4768 2.957937
4769 2.529489
4770 0.000000
4771 2.752838
4772 2.300561
4773 0.000000
4774 2.500299
4775 0.000000
4776 2.832785
4777 2.969920
4778 0.000000
4779 2.971961
4780 2.963792
4781 0.000000
4782 2.435935
4783 2.676803
4784 0.000000
4785 2.747041
4786 0.000000
4787 2.623293
4788 2.791874
4789 0.000000
4790 2.803231
4791 2.820618
4792 0.000000
4793 2.837706
4794 2.596628
4795 0.000000
4796 3.049227
4797 0.000000
4798 2.606692
4799 2.673813
4800 0.000000
4801 2.819300
4802 2.722276
4803 0.000000
4804 2.710931
4805 0.000000
4806 3.141994
4807 3.101987
4808 0.000000
4809 2.948877
4810 2.875078
4811 0.000000
4812 2.297121
4813 2.364585
4814 0.000000
4815 3.240609
4816 0.000000
4817 3.286398
4818 2.755791
4819 0.000000
4820 2.634834
4821 2.708985
4822 0.000000
4823 3.181552
4824 2.321991
4825 0.000000
4826 3.677796
4827 0.000000
4828 2.918951
4829 3.036513
4830 0.000000
4831 2.934185
4832 2.749144
4833 0.000000
4834 2.724727
4835 0.000000
4836 3.858683
4837 3.134669
4838 0.000000
4839 2.831086
4840 2.894914
4841 0.000000
4842 2.954925
4843 2.924885
4844 0.000000
4845 3.645216
4846 0.000000
4847 2.922308
4848 3.012637
4849 0.000000
4850 3.398264
4851 2.954908
4852 0.000000
4853 3.508275
4854 0.000000
4855 2.794015
4856 3.753019
4857 0.000000
4858 3.503535
4859 3.519548
4860 0.000000
4861 3.303544
4862 3.225691
4863 0.000000
4864 2.930137
4865 0.000000
4866 3.237006
4867 3.370336
4868 0.000000
4869 3.717582
4870 3.854899
4871 0.000000
4872 3.102778
4873 3.360659
4874 0.000000
4875 3.371147
4876 0.000000
4877 3.112180
4878 3.109313
4879 0.000000
4880 3.142196
4881 3.201342
4882 0.000000
4883 3.045180
4884 3.675187
4885 0.000000
4886 3.569745
4887 0.000000
4888 3.295724
4889 3.239753
4890 0.000000
4891 2.897358
4892 3.303461
4893 0.000000
4894 2.913109
4895 0.000000
4896 3.864459
4897 3.172680
4898 0.000000
4899 3.426265
4900 3.691061
4901 0.000000
4902 3.538556
4903 3.438437
4904 0.000000
4905 3.566361
4906 0.000000
4907 3.270596
4908 4.133335
4909 0.000000
4910 4.013209
4911 3.695223
4912 0.000000
4913 3.404284
4914 3.179572
4915 0.000000
4916 3.111817
4917 0.000000
4918 3.307793
4919 3.207170
4920 0.000000
4921 4.541496
4922 3.358922
4923 0.000000
4924 3.219288
4925 0.000000
4926 3.782976
4927 3.772848
4928 0.000000
4929 2.871307
4930 3.395505
4931 0.000000
4932 3.099844
4933 3.294001
4934 0.000000
4935 3.244451
4936 0.000000
4937 3.351933
4938 3.537180
4939 0.000000
4940 4.400815
4941 3.179622
4942 0.000000
4943 2.816392
4944 3.299613
4945 0.000000
4946 3.608396
4947 0.000000
4948 3.680132
4949 3.999899
4950 0.000000
4951 3.531433
4952 3.277887
4953 0.000000
4954 2.911114
4955 0.000000
4956 3.612807
4957 3.322052
4958 0.000000
4959 3.393686
4960 3.932129
4961 0.000000
4962 3.125261
4963 3.122622
4964 0.000000
4965 3.388034
4966 0.000000
4967 3.678092
4968 3.954028
4969 0.000000
4970 4.466561
4971 4.456486
4972 0.000000
4973 4.942691
4974 4.303545
4975 0.000000
4976 4.520351
4977 0.000000
4978 4.367431
4979 4.568406
4980 0.000000
4981 4.723300
4982 4.435282
4983 0.000000
4984 3.961094
4985 0.000000
4986 4.182151
4987 5.004057
4988 0.000000
4989 5.233894
4990 4.497429
4991 0.000000
4992 3.751370
4993 4.705548
4994 0.000000
4995 4.744281
4996 0.000000
4997 4.500251
4998 4.643275
4999 0.000000
5000 4.447594
5001 3.941321
5002 0.000000
5003 2.549980
5004 2.968910
5005 0.000000
5006 3.253759
5007 0.000000
5008 4.059179
5009 2.823683
5010 0.000000
5011 3.155727
5012 2.873163
5013 0.000000
5014 3.117935
5015 0.000000
5016 3.879196
5017 2.863002
5018 0.000000
5019 2.318611
5020 2.452724
5021 0.000000
5022 2.455652
5023 2.219446
5024 0.000000
5025 2.826475
5026 0.000000
5027 2.585149
5028 2.405432
5029 0.000000
5030 2.569806
5031 2.178674
5032 0.000000
5033 2.613552
5034 2.828595
5035 0.000000
5036 3.090659
5037 0.000000
5038 2.611158
5039 2.792195
5040 0.000000
5041 2.763904
5042 2.528286
5043 0.000000
5044 2.379591
5045 0.000000
5046 2.870572
5047 2.773250
5048 0.000000
5049 2.694069
5050 3.146896
5051 0.000000
5052 2.886758
5053 2.966021
5054 0.000000
5055 3.718759
5056 0.000000
5057 3.248654
5058 3.873147
5059 0.000000
5060 3.682766
5061 3.391390
5062 0.000000
5063 3.328965
5064 3.044750
5065 0.000000
5066 3.587842
5067 0.000000
5068 3.312022
5069 3.818996
5070 0.000000
5071 4.619630
5072 3.938246
5073 0.000000
5074 3.609753
5075 0.000000
5076 3.954300
5077 4.238570
5078 0.000000
5079 4.375107
5080 4.040900
5081 0.000000
5082 3.622296
5083 3.635300
5084 0.000000
5085 4.177397
5086 0.000000
5087 4.037308
5088 4.298806
5089 0.000000
5090 4.082989
5091 4.637200
5092 0.000000
5093 4.131353
5094 3.427620
5095 0.000000
5096 4.230452
5097 0.000000
5098 3.129868
5099 3.665177
5100 0.000000
5101 2.732401
5102 2.383273
5103 0.000000
5104 2.465449
5105 0.000000
5106 2.798748
5107 2.609819
5108 0.000000
5109 2.946144
5110 3.651651
5111 0.000000
5112 2.896131
5113 3.507252
5114 0.000000
5115 3.392334
5116 0.000000
5117 4.537507
5118 22.362530
5119 0.000000
5120 6.012014
5121 3.034684
5122 0.000000
5123 3.702667
5124 3.482609
5125 0.000000
5126 3.287016
5127 0.000000
5128 3.443771
5129 3.493496
5130 0.000000
5131 3.921772
5132 3.854580
5133 0.000000
5134 3.954861
5135 0.000000
5136 4.945066
5137 4.472331
5138 0.000000
5139 3.614321
5140 3.957434
5141 0.000000
5142 4.259715
5143 3.891542
5144 0.000000
5145 4.532390
5146 0.000000
5147 4.276693
5148 3.744685
5149 0.000000
5150 3.903466
5151 3.654037
5152 0.000000
5153 3.215797
5154 4.027306
5155 0.000000
5156 3.959939
5157 0.000000
5158 3.169212
5159 3.453199
5160 0.000000
5161 3.682247
5162 2.327092
5163 0.000000
5164 2.837164
5165 0.000000
5166 4.300417
5167 3.734219
5168 0.000000
5169 2.977994
5170 4.917665
5171 0.000000
5172 3.221460
5173 2.237054
5174 0.000000
5175 3.300605
5176 0.000000
5177 2.394703
5178 2.102632
5179 0.000000
5180 3.282266
5181 3.178462
5182 0.000000
5183 2.853908
5184 2.173398
5185 0.000000
5186 2.464617
5187 0.000000
5188 2.424615
5189 2.438160
5190 0.000000
5191 2.923817
5192 2.068031
5193 0.000000
5194 2.217158
5195 0.000000
5196 1.811171
5197 2.331053
5198 0.000000
5199 2.325177
5200 2.774081
5201 0.000000
5202 1.884993
5203 2.049990
5204 0.000000
5205 2.401132
5206 0.000000
5207 2.172764
5208 2.188467
5209 0.000000
5210 2.455819
5211 2.459051
5212 0.000000
5213 2.328121
5214 2.167325
5215 0.000000
5216 3.347051
5217 0.000000
5218 2.201853
5219 2.731245
5220 0.000000
5221 2.407199
5222 2.185306
5223 0.000000
5224 1.844774
5225 0.000000
5226 3.100698
5227 2.373500
5228 0.000000
5229 2.448616
5230 2.474728
5231 0.000000
5232 2.065286
5233 1.957470
5234 0.000000
5235 2.647796
5236 0.000000
5237 2.304511
5238 2.241935
5239 0.000000
5240 2.532601
5241 2.669933
5242 0.000000
5243 2.627400
5244 2.161934
5245 0.000000
5246 3.167964
5247 0.000000
5248 2.754082
5249 2.571870
5250 0.000000
5251 2.870739
5252 2.477783
5253 0.000000
5254 2.241696
5255 0.000000
5256 3.235610
5257 2.758214
5258 0.000000
5259 3.062967
5260 3.491053
5261 0.000000
5262 2.402187
5263 2.453661
5264 0.000000
5265 2.781958
5266 0.000000
5267 2.572279
5268 3.081408
5269 0.000000
5270 2.682609
5271 3.015859
5272 0.000000
5273 2.546591
5274 2.594298
5275 0.000000
5276 3.501040
5277 0.000000
5278 2.713448
5279 2.812458
5280 0.000000
5281 2.878461
5282 2.172199
5283 0.000000
5284 2.528733
5285 0.000000
5286 3.281622
5287 2.497854
5288 0.000000
5289 3.665884
5290 16.332056
5291 0.000000
5292 2.912511
5293 2.226310
5294 0.000000
5295 2.458885
5296 0.000000
5297 2.914538
5298 2.219068
5299 0.000000
5300 2.322790
5301 2.216755
5302 0.000000
5303 1.999733
5304 2.162809
5305 0.000000
5306 2.288875
5307 0.000000
5308 2.282934
5309 2.279136
5310 0.000000
5311 2.467450
5312 2.362629
5313 0.000000
5314 2.416883
5315 0.000000
5316 2.849027
5317 2.702396
5318 0.000000
5319 2.977400
5320 2.648126
5321 0.000000
5322 2.369256
5323 2.317694
5324 0.000000
5325 2.139992
5326 0.000000
5327 2.039533
5328 1.895101
5329 0.000000
5330 2.022712
5331 1.812184
5332 0.000000
5333 1.754793
5334 1.874088
5335 0.000000
5336 2.499712
5337 0.000000
5338 1.827129
5339 2.136293
5340 0.000000
5341 2.233730
5342 2.062921
5343 0.000000
5344 2.204121
5345 0.000000
5346 2.352688
5347 2.510973
5348 0.000000
5349 2.821545
5350 3.300675
5351 0.000000
5352 3.422584
5353 2.994830
5354 0.000000
5355 2.713661
5356 0.000000
5357 3.329997
5358 3.203422
5359 0.000000
5360 3.672829
5361 2.891364
5362 0.000000
5363 2.260135
5364 3.063522
5365 0.000000
5366 3.676615
5367 0.000000
5368 2.917849
5369 3.054396
5370 0.000000
5371 2.568255
5372 2.849998
5373 0.000000
5374 2.991023
5375 3.442051
5376 0.000000
5377 4.450866
5378 0.000000
5379 4.433698
5380 5.313709
5381 0.000000
5382 5.369080
5383 6.729587
5384 0.000000
5385 7.299818
5386 0.000000
5387 8.257571
5388 7.023273
5389 0.000000
5390 7.821858
5391 8.482119
5392 0.000000
5393 8.081172
5394 7.565045
5395 0.000000
5396 6.738790
5397 0.000000
5398 5.234276
5399 4.452933
5400 0.000000
5401 6.149773
5402 4.826567
5403 0.000000
5404 5.757710
5405 4.884237
5406 0.000000
5407 5.343196
5408 0.000000
5409 4.905511
5410 4.448532
5411 0.000000
5412 2.874027
5413 2.071125
5414 0.000000
5415 2.822776
5416 0.000000
5417 3.997188
5418 4.167779
5419 0.000000
5420 4.075829
5421 4.170923
5422 0.000000
5423 3.539197
5424 3.240264
5425 0.000000
5426 4.083971
5427 0.000000
5428 3.756857
5429 4.571710
5430 0.000000
5431 4.516447
5432 4.125981
5433 0.000000
5434 3.102270
5435 2.722422
5436 0.000000
5437 3.245719
5438 0.000000
5439 2.616249
5440 2.300579
5441 0.000000
5442 2.741461
5443 4.143973
5444 0.000000
5445 10.717973
5446 0.000000
5447 4.427623
5448 2.406882
5449 0.000000
5450 3.054128
5451 3.575515
5452 0.000000
5453 2.304919
5454 5.249375
5455 0.000000
5456 5.084084
5457 0.000000
5458 2.049983
5459 1.862195
5460 0.000000
5461 3.110774
5462 2.036583
5463 0.000000
5464 1.741225
5465 2.731201
5466 0.000000
5467 2.465751
5468 0.000000
5469 5.465323
5470 4.504018
5471 0.000000
5472 2.708303
5473 2.253093
5474 0.000000
5475 2.531112
5476 0.000000
5477 5.146980
5478 4.718410
5479 0.000000
5480 6.283570
5481 2.967000
5482 0.000000
5483 1.830213
5484 3.018666
5485 0.000000
5486 2.468453
5487 0.000000
5488 1.674974
5489 1.659208
5490 0.000000
5491 2.392925
5492 1.687309
5493 0.000000
5494 1.573302
5495 0.000000
5496 2.610849
5497 2.189750
5498 0.000000
5499 1.439431
5500 2.145458
5501 0.000000
5502 1.793464
5503 1.667393
5504 0.000000
5505 1.877428
5506 0.000000
5507 2.763130
5508 2.756570
5509 0.000000
5510 1.929942
5511 1.603973
5512 0.000000
5513 1.906012
5514 1.643163
5515 0.000000
5516 1.876125
5517 0.000000
5518 1.953646
5519 1.715588
5520 0.000000
5521 1.877882
5522 1.504250
5523 0.000000
5524 1.611744
5525 0.000000
5526 1.927490
5527 1.501388
5528 0.000000
5529 2.340917
5530 2.244172
5531 0.000000
5532 1.494438
5533 2.726394
5534 0.000000
5535 2.452746
5536 0.000000
5537 1.569467
5538 1.839580
5539 0.000000
5540 1.656745
5541 1.690307
5542 0.000000
5543 2.697616
5544 2.397594
5545 0.000000
5546 1.805061
5547 0.000000
5548 1.746235
5549 1.565554
5550 0.000000
5551 1.825920
5552 1.492375
5553 0.000000
5554 1.529696
5555 0.000000
5556 2.090400
5557 1.708432
5558 0.000000
5559 1.564335
5560 2.155932
5561 0.000000
5562 1.958359
5563 1.645276
5564 0.000000
5565 1.841775
5566 0.000000
5567 1.876252
5568 2.349397
5569 0.000000
5570 2.994765
5571 2.390840
5572 0.000000
5573 2.272728
5574 2.988061
5575 0.000000
5576 2.939388
5577 0.000000
5578 2.445588
5579 3.518650
5580 0.000000
5581 2.714890
5582 3.065783
5583 0.000000
5584 2.848142
5585 0.000000
5586 2.007267
5587 1.885129
5588 0.000000
5589 2.248477
5590 2.319964
5591 0.000000
5592 2.065759
5593 1.767288
5594 0.000000
5595 2.976385
5596 0.000000
5597 2.868631
5598 1.927544
5599 0.000000
5600 2.236261
5601 2.348580
5602 0.000000
5603 2.203038
5604 2.140997
5605 0.000000
5606 2.238994
5607 0.000000
5608 1.877035
5609 2.105086
5610 0.000000
5611 2.274455
5612 2.173896
5613 0.000000
5614 1.799166
5615 0.000000
5616 2.051273
5617 1.836285
5618 0.000000
5619 1.778981
5620 2.819804
5621 0.000000
5622 2.693756
5623 1.646663
5624 0.000000
5625 1.614032
5626 0.000000
5627 2.964182
5628 2.620684
5629 0.000000
5630 2.012916
5631 2.157801
5632 0.000000
5633 1.632720
5634 2.389666
5635 0.000000
5636 2.106102
5637 0.000000
5638 1.931901
5639 1.890029
5640 0.000000
5641 1.931999
5642 2.444275
5643 0.000000
5644 2.071236
5645 1.696114
5646 0.000000
5647 2.229397
5648 0.000000
5649 1.720795
5650 1.700552
5651 0.000000
5652 2.745910
5653 2.581661
5654 0.000000
5655 1.758448
5656 0.000000
5657 2.073822
5658 1.875087
5659 0.000000
5660 1.918878
5661 1.999168
5662 0.000000
5663 2.159528
5664 2.054067
5665 0.000000
5666 1.894261
5667 0.000000
5668 2.509637
5669 2.119556
5670 0.000000
5671 2.404247
5672 2.350983
5673 0.000000
5674 2.604393
5675 2.712127
5676 0.000000
5677 3.597998
5678 0.000000
5679 3.729454
5680 3.564523
5681 0.000000
5682 3.466945
5683 3.270553
5684 0.000000
5685 3.138980
5686 3.396046
5687 0.000000
5688 3.932604
5689 0.000000
5690 3.680962
5691 3.987107
5692 0.000000
