#ProcessMD C:\home_movies_work\cfile.txt mode=1 cycle=5 remove=1 threshold=1.0 run length=2
#original frame count = 5702, decimated frame count = 3617
0 0 500000000.000000
1 1 0.000000
2 0 7.751449
3 0 5.357592
4 1 0.000000
5 0 4.513240
6 0 4.241230
7 1 0.000000
8 0 4.908326
9 1 0.000000
10 0 4.916477
11 0 5.498371
12 1 0.000000
13 0 4.668265
14 0 4.799394
15 1 0.000000
16 0 4.854295
17 0 4.600296
18 1 0.000000
19 0 5.513832
20 1 0.000000
21 0 4.780395
22 0 5.089537
23 1 0.000000
24 0 4.829281
25 0 4.394611
26 1 0.000000
27 0 4.987797
28 1 0.000000
29 0 4.395205
30 0 5.798973
31 1 0.000000
32 0 5.535362
33 0 4.808715
34 1 0.000000
35 0 4.148195
36 0 4.528567
37 1 0.000000
38 0 4.981084
39 1 0.000000
40 0 5.088209
41 0 6.384225
42 1 0.000000
43 0 5.192674
44 0 4.027616
45 1 0.000000
46 0 3.989411
47 0 4.470647
48 1 0.000000
49 0 5.241472
50 1 0.000000
51 0 4.342846
52 0 5.244708
53 1 0.000000
54 0 4.507593
55 0 4.049391
56 1 0.000000
57 0 4.754532
58 1 0.000000
59 0 4.666480
60 0 5.308242
61 1 0.000000
62 0 5.607402
63 0 5.719662
64 1 0.000000
65 0 6.109732
66 0 6.700749
67 1 0.000000
68 0 6.605870
69 1 0.000000
70 0 5.920024
71 0 4.846384
72 1 0.000000
73 0 4.329859
74 0 3.515868
75 1 0.000000
76 0 3.285938
77 1 0.000000
78 0 3.603286
79 0 5.062733
80 1 0.000000
81 0 3.968303
82 0 5.311961
83 1 0.000000
84 0 6.328700
85 0 6.167623
86 1 0.000000
87 0 7.340823
88 1 0.000000
89 0 7.506051
90 0 22.996189
91 1 0.000000
92 0 2.556302
93 0 2.719486
94 1 0.000000
95 0 2.531759
96 0 2.726899
97 1 0.000000
98 0 2.761111
99 1 0.000000
100 0 2.404782
101 0 2.559895
102 1 0.000000
103 0 3.042898
104 0 2.911184
105 1 0.000000
106 0 3.070437
107 1 0.000000
108 0 2.673216
109 0 2.647092
110 1 0.000000
111 0 3.335222
112 0 3.549589
113 1 0.000000
114 0 4.079051
115 0 3.651118
116 1 0.000000
117 0 3.445156
118 1 0.000000
119 0 3.548426
120 0 2.804186
121 1 0.000000
122 0 3.538641
123 0 3.658384
124 1 0.000000
125 0 3.372211
126 0 3.484273
127 1 0.000000
128 0 3.570972
129 1 0.000000
130 0 3.300664
131 0 3.852054
132 1 0.000000
133 0 3.511631
134 0 2.636660
135 1 0.000000
136 0 2.816990
137 1 0.000000
138 0 2.552582
139 0 2.913061
140 1 0.000000
141 0 2.350830
142 0 2.520608
143 1 0.000000
144 0 2.488277
145 0 2.294486
146 1 0.000000
147 0 2.841823
148 1 0.000000
149 0 3.683644
150 0 3.671535
151 1 0.000000
152 0 4.714442
153 0 4.836494
154 1 0.000000
155 0 4.987844
156 0 5.021743
157 1 0.000000
158 0 4.883287
159 1 0.000000
160 0 3.872498
161 0 4.459568
162 1 0.000000
163 0 3.712084
164 0 4.042625
165 1 0.000000
166 0 4.375106
167 1 0.000000
168 0 4.770836
169 0 5.294146
170 1 0.000000
171 0 5.600608
172 0 5.575970
173 1 0.000000
174 0 4.759683
175 0 4.190956
176 1 0.000000
177 0 4.357313
178 1 0.000000
179 0 4.925203
180 0 5.038117
181 1 0.000000
182 0 5.254377
183 0 4.775846
184 1 0.000000
185 0 3.901446
186 0 3.762792
187 1 0.000000
188 0 4.667914
189 1 0.000000
190 0 4.595755
191 0 4.256133
192 1 0.000000
193 0 5.093927
194 0 4.117190
195 1 0.000000
196 0 4.466356
197 0 4.067322
198 1 0.000000
199 0 4.081051
200 1 0.000000
201 0 5.281105
202 0 4.995798
203 1 0.000000
204 0 4.747353
205 0 3.850034
206 1 0.000000
207 0 3.901913
208 1 0.000000
209 0 3.836333
210 0 3.988848
211 1 0.000000
212 0 4.538416
213 0 4.578757
214 1 0.000000
215 0 3.845912
216 0 3.085962
217 1 0.000000
218 0 3.585567
219 1 0.000000
220 0 5.169378
221 0 4.234547
222 1 0.000000
223 0 4.020793
224 0 4.041173
225 1 0.000000
226 0 4.080137
227 0 3.773365
228 1 0.000000
229 0 4.730170
230 1 0.000000
231 0 4.392016
232 0 4.936908
233 1 0.000000
234 0 3.778140
235 0 4.274801
236 1 0.000000
237 0 4.714207
238 1 0.000000
239 0 4.411396
240 0 5.135244
241 1 0.000000
242 0 4.190641
243 0 3.940126
244 1 0.000000
245 0 2.867861
246 0 3.966120
247 1 0.000000
248 0 5.025518
249 1 0.000000
250 0 5.452007
251 0 6.089556
252 1 0.000000
253 0 5.536418
254 0 4.372797
255 1 0.000000
256 0 4.178465
257 1 0.000000
258 0 4.131714
259 0 4.877375
260 1 0.000000
261 0 5.437036
262 0 5.519766
263 1 0.000000
264 0 5.570266
265 0 16.197653
266 1 0.000000
267 0 3.759832
268 0 4.042961
269 1 0.000000
270 0 2.748654
271 1 0.000000
272 0 2.321050
273 0 3.118330
274 1 0.000000
275 0 1.982849
276 0 2.027986
277 1 0.000000
278 0 3.219117
279 1 0.000000
280 0 2.570161
281 0 2.808197
282 1 0.000000
283 0 3.375304
284 0 3.208972
285 1 0.000000
286 0 3.622252
287 0 4.238267
288 1 0.000000
289 0 4.363475
290 1 0.000000
291 0 3.882443
292 0 4.174160
293 1 0.000000
294 0 4.309509
295 0 4.208407
296 1 0.000000
297 0 4.052237
298 1 0.000000
299 0 4.506288
300 0 4.357591
301 1 0.000000
302 0 4.780620
303 0 4.791709
304 1 0.000000
305 0 5.285914
306 0 4.588741
307 1 0.000000
308 0 5.237160
309 1 0.000000
310 0 6.114426
311 0 6.240719
312 1 0.000000
313 0 6.156367
314 0 4.598021
315 1 0.000000
316 0 4.224740
317 0 4.049068
318 1 0.000000
319 0 4.360158
320 1 0.000000
321 0 5.143436
322 0 5.229362
323 1 0.000000
324 0 5.088038
325 0 4.761663
326 1 0.000000
327 0 4.691970
328 1 0.000000
329 0 5.114945
330 0 5.634023
331 1 0.000000
332 0 5.727477
333 0 5.672412
334 1 0.000000
335 0 5.310600
336 0 5.312094
337 1 0.000000
338 0 5.624494
339 1 0.000000
340 0 5.563004
341 0 5.409805
342 1 0.000000
343 0 5.193213
344 0 4.659380
345 1 0.000000
346 0 4.470468
347 0 4.344687
348 1 0.000000
349 0 4.528712
350 1 0.000000
351 0 4.877571
352 0 4.876708
353 1 0.000000
354 0 3.648593
355 0 3.839444
356 1 0.000000
357 0 4.097858
358 1 0.000000
359 0 3.483198
360 0 3.145763
361 1 0.000000
362 0 3.032912
363 0 3.354106
364 1 0.000000
365 0 2.445466
366 0 2.683000
367 1 0.000000
368 0 3.507635
369 1 0.000000
370 0 4.050076
371 0 3.973532
372 1 0.000000
373 0 4.055570
374 0 3.580537
375 1 0.000000
376 0 3.878315
377 0 3.528071
378 1 0.000000
379 0 4.264362
380 1 0.000000
381 0 4.147978
382 0 4.056868
383 1 0.000000
384 0 4.146349
385 0 3.563793
386 1 0.000000
387 0 3.979854
388 1 0.000000
389 0 3.890961
390 0 3.531320
391 1 0.000000
392 0 3.170782
393 0 3.821417
394 1 0.000000
395 0 3.603699
396 0 3.481463
397 1 0.000000
398 0 4.177603
399 1 0.000000
400 0 3.640664
401 0 3.691401
402 1 0.000000
403 0 3.909065
404 0 3.938322
405 1 0.000000
406 0 4.143893
407 1 0.000000
408 0 4.022827
409 0 3.834627
410 1 0.000000
411 0 3.417910
412 0 3.609286
413 1 0.000000
414 0 3.826247
415 0 4.109661
416 1 0.000000
417 0 3.502677
418 1 0.000000
419 0 4.650996
420 0 10.031595
421 1 0.000000
422 0 2.622193
423 0 3.773004
424 1 0.000000
425 0 2.255782
426 0 2.244709
427 1 0.000000
428 0 3.188495
429 1 0.000000
430 0 2.646708
431 0 2.416480
432 1 0.000000
433 0 2.928446
434 0 2.471843
435 1 0.000000
436 0 2.271364
437 0 2.376412
438 1 0.000000
439 0 2.976333
440 1 0.000000
441 0 2.720159
442 0 2.173788
443 1 0.000000
444 0 2.251767
445 0 2.229564
446 1 0.000000
447 0 2.487566
448 1 0.000000
449 0 2.931168
450 0 2.492553
451 1 0.000000
452 0 2.239607
453 0 2.436207
454 1 0.000000
455 0 2.510672
456 0 2.290291
457 1 0.000000
458 0 2.323413
459 1 0.000000
460 0 2.122530
461 0 2.450602
462 1 0.000000
463 0 2.512703
464 0 2.419287
465 1 0.000000
466 0 2.358811
467 1 0.000000
468 0 2.371411
469 0 2.712349
470 1 0.000000
471 0 2.547355
472 0 2.798562
473 1 0.000000
474 0 2.769569
475 0 2.576375
476 1 0.000000
477 0 2.218134
478 1 0.000000
479 0 2.753203
480 0 2.266182
481 1 0.000000
482 0 2.812527
483 0 2.754620
484 1 0.000000
485 0 2.311380
486 0 2.385907
487 1 0.000000
488 0 2.383390
489 1 0.000000
490 0 2.569696
491 0 2.525185
492 1 0.000000
493 0 2.946163
494 0 3.031946
495 1 0.000000
496 0 2.574094
497 0 2.400905
498 1 0.000000
499 0 2.457581
500 1 0.000000
501 0 2.168150
502 0 2.319534
503 1 0.000000
504 0 2.400529
505 0 2.160563
506 1 0.000000
507 0 2.811867
508 1 0.000000
509 0 2.947544
510 0 2.938854
511 1 0.000000
512 0 2.917039
513 0 2.971960
514 1 0.000000
515 0 2.668415
516 0 2.258963
517 1 0.000000
518 0 3.030580
519 1 0.000000
520 0 3.459513
521 0 3.398785
522 1 0.000000
523 0 3.283383
524 0 3.146434
525 1 0.000000
526 0 3.269650
527 1 0.000000
528 0 2.431288
529 0 3.466669
530 1 0.000000
531 0 3.453577
532 0 3.377698
533 1 0.000000
534 0 3.753247
535 0 3.374136
536 1 0.000000
537 0 3.398817
538 1 0.000000
539 0 3.147569
540 0 3.883650
541 1 0.000000
542 0 4.206452
543 0 3.889592
544 1 0.000000
545 0 3.656711
546 0 3.770406
547 1 0.000000
548 0 3.461866
549 1 0.000000
550 0 3.530860
551 0 3.104973
552 1 0.000000
553 0 2.819705
554 0 3.234209
555 1 0.000000
556 0 2.924170
557 1 0.000000
558 0 2.599328
559 0 2.893173
560 1 0.000000
561 0 2.947663
562 0 2.568780
563 1 0.000000
564 0 2.668342
565 0 2.308055
566 1 0.000000
567 0 2.462043
568 1 0.000000
569 0 2.701774
570 0 2.558436
571 1 0.000000
572 0 2.787458
573 0 2.751858
574 1 0.000000
575 0 2.722561
576 0 3.486660
577 1 0.000000
578 0 4.232350
579 1 0.000000
580 0 3.466888
581 0 4.066711
582 1 0.000000
583 0 4.833742
584 0 4.149681
585 1 0.000000
586 0 3.688878
587 0 3.808814
588 1 0.000000
589 0 4.016434
590 1 0.000000
591 0 3.871195
592 0 4.543028
593 1 0.000000
594 0 4.286267
595 0 3.767457
596 1 0.000000
597 0 4.112191
598 1 0.000000
599 0 4.108922
600 0 4.462075
601 1 0.000000
602 0 4.096209
603 0 4.035986
604 1 0.000000
605 0 3.936484
606 0 3.756573
607 1 0.000000
608 0 3.885386
609 1 0.000000
610 0 4.381362
611 0 3.841190
612 1 0.000000
613 0 3.629233
614 0 3.969899
615 1 0.000000
616 0 3.843627
617 0 3.534759
618 1 0.000000
619 0 4.171062
620 1 0.000000
621 0 3.825064
622 0 3.530180
623 1 0.000000
624 0 3.435986
625 0 3.191544
626 1 0.000000
627 0 4.269361
628 1 0.000000
629 0 3.532421
630 0 5.033884
631 1 0.000000
632 0 11.609414
633 0 2.638875
634 1 0.000000
635 0 2.526452
636 0 2.189095
637 1 0.000000
638 0 2.575161
639 1 0.000000
640 0 3.195130
641 0 2.771389
642 1 0.000000
643 0 2.755650
644 0 2.352449
645 1 0.000000
646 0 2.198273
647 0 2.176613
648 1 0.000000
649 0 2.465392
650 1 0.000000
651 0 2.492226
652 0 2.487825
653 1 0.000000
654 0 3.031969
655 0 3.365811
656 1 0.000000
657 0 3.163677
658 1 0.000000
659 0 3.160143
660 0 3.331153
661 1 0.000000
662 0 3.088503
663 0 3.203693
664 1 0.000000
665 0 3.249547
666 0 3.213817
667 1 0.000000
668 0 3.778935
669 1 0.000000
670 0 3.856307
671 0 4.494640
672 1 0.000000
673 0 4.296529
674 0 4.082737
675 1 0.000000
676 0 3.164304
677 0 2.873713
678 1 0.000000
679 0 2.781276
680 1 0.000000
681 0 3.331310
682 0 3.106398
683 1 0.000000
684 0 2.751576
685 0 3.718704
686 1 0.000000
687 0 11.824110
688 1 0.000000
689 0 1.959875
690 0 2.482680
691 1 0.000000
692 0 2.026423
693 0 1.830526
694 1 0.000000
695 0 2.038760
696 0 2.251917
697 1 0.000000
698 0 1.641244
699 1 0.000000
700 0 1.881960
701 0 1.689804
702 1 0.000000
703 0 1.908862
704 0 1.982084
705 1 0.000000
706 0 2.525756
707 0 1.559726
708 1 0.000000
709 0 1.723737
710 1 0.000000
711 0 1.951149
712 0 1.970955
713 1 0.000000
714 0 1.886702
715 0 1.635529
716 1 0.000000
717 0 1.498492
718 1 0.000000
719 0 1.509916
720 0 1.683980
721 1 0.000000
722 0 2.384471
723 0 1.980372
724 1 0.000000
725 0 2.202580
726 0 2.123255
727 1 0.000000
728 0 2.534545
729 1 0.000000
730 0 3.058172
731 0 3.967888
732 1 0.000000
733 0 2.896980
734 0 2.528970
735 1 0.000000
736 0 3.199029
737 0 2.892298
738 1 0.000000
739 0 2.187185
740 1 0.000000
741 0 3.074013
742 0 3.945107
743 1 0.000000
744 0 3.657673
745 0 3.258504
746 1 0.000000
747 0 3.556432
748 0 3.527241
749 1 0.000000
750 0 4.022535
751 1 0.000000
752 0 3.579807
753 0 3.408715
754 1 0.000000
755 0 2.718200
756 0 3.182182
757 1 0.000000
758 0 2.313888
759 0 2.801943
760 1 0.000000
761 0 3.869460
762 1 0.000000
763 0 2.542772
764 0 3.731207
765 1 0.000000
766 0 2.979653
767 0 1.828203
768 1 0.000000
769 0 2.574431
770 1 0.000000
771 0 2.334049
772 0 2.245196
773 1 0.000000
774 0 2.787755
775 0 2.718643
776 1 0.000000
777 0 3.525579
778 0 3.940960
779 1 0.000000
780 0 2.873120
781 1 0.000000
782 0 4.075043
783 0 4.183836
784 1 0.000000
785 0 3.328130
786 0 4.481999
787 1 0.000000
788 0 2.094001
789 0 3.880255
790 1 0.000000
791 0 3.580343
792 1 0.000000
793 0 2.084475
794 0 3.070065
795 1 0.000000
796 0 2.183406
797 0 2.326611
798 1 0.000000
799 0 3.362283
800 1 0.000000
801 0 2.737818
802 0 2.380532
803 1 0.000000
804 0 2.241771
805 0 2.261332
806 1 0.000000
807 0 2.765658
808 0 1.939870
809 1 0.000000
810 0 2.370290
811 1 0.000000
812 0 3.238905
813 0 2.833581
814 1 0.000000
815 0 2.825640
816 0 2.546078
817 1 0.000000
818 0 3.465263
819 0 2.513923
820 1 0.000000
821 0 2.447311
822 1 0.000000
823 0 2.537514
824 0 2.051695
825 1 0.000000
826 0 3.217180
827 0 2.400080
828 1 0.000000
829 0 2.592989
830 1 0.000000
831 0 2.414554
832 0 3.040925
833 1 0.000000
834 0 2.252012
835 0 2.888324
836 1 0.000000
837 0 2.483204
838 0 2.651425
839 1 0.000000
840 0 2.146492
841 1 0.000000
842 0 3.504545
843 0 2.214490
844 1 0.000000
845 0 2.791175
846 0 2.147975
847 1 0.000000
848 0 2.621067
849 0 2.124425
850 1 0.000000
851 0 2.515784
852 1 0.000000
853 0 3.009168
854 0 3.015467
855 1 0.000000
856 0 2.112944
857 0 3.166732
858 1 0.000000
859 0 3.104106
860 1 0.000000
861 0 2.341033
862 0 2.716819
863 1 0.000000
864 0 2.192162
865 0 2.174448
866 1 0.000000
867 0 3.043307
868 0 2.052545
869 1 0.000000
870 0 2.319432
871 1 0.000000
872 0 2.768357
873 0 2.429904
874 1 0.000000
875 0 2.917083
876 0 2.430280
877 1 0.000000
878 0 2.776437
879 0 2.104376
880 1 0.000000
881 0 3.470906
882 1 0.000000
883 0 2.819962
884 0 2.416375
885 1 0.000000
886 0 2.319085
887 0 2.946439
888 1 0.000000
889 0 2.054782
890 0 3.058873
891 1 0.000000
892 0 2.700655
893 1 0.000000
894 0 3.184406
895 0 2.346514
896 1 0.000000
897 0 3.541560
898 0 2.432730
899 1 0.000000
900 0 2.343158
901 1 0.000000
902 0 3.387498
903 0 2.340662
904 1 0.000000
905 0 2.793388
906 0 2.331188
907 1 0.000000
908 0 2.663394
909 0 2.566609
910 1 0.000000
911 0 2.587057
912 1 0.000000
913 0 2.678781
914 0 3.104346
915 1 0.000000
916 0 2.704274
917 0 3.024349
918 1 0.000000
919 0 2.385609
920 0 2.386609
921 1 0.000000
922 0 2.787090
923 1 0.000000
924 0 2.959643
925 0 3.753540
926 1 0.000000
927 0 2.602993
928 0 2.604520
929 1 0.000000
930 0 2.192079
931 1 0.000000
932 0 2.224926
933 0 4.149812
934 1 0.000000
935 0 3.258422
936 0 3.143893
937 1 0.000000
938 0 2.912347
939 0 2.266862
940 1 0.000000
941 0 3.213118
942 1 0.000000
943 0 3.347526
944 0 2.698371
945 1 0.000000
946 0 2.558033
947 0 3.572464
948 1 0.000000
949 0 4.309829
950 0 2.196347
951 1 0.000000
952 0 2.180440
953 1 0.000000
954 0 2.620373
955 0 3.507244
956 1 0.000000
957 0 2.246003
958 0 4.957985
959 1 0.000000
960 0 2.403870
961 0 2.252669
962 1 0.000000
963 0 2.619846
964 1 0.000000
965 0 2.719686
966 0 2.707686
967 1 0.000000
968 0 3.169170
969 0 2.230387
970 1 0.000000
971 0 2.579599
972 1 0.000000
973 0 4.019076
974 0 2.721696
975 1 0.000000
976 0 2.309595
977 0 2.195325
978 1 0.000000
979 0 2.525313
980 0 2.347851
981 1 0.000000
982 0 2.239642
983 1 0.000000
984 0 2.697254
985 0 2.325091
986 1 0.000000
987 0 2.288965
988 0 3.693175
989 1 0.000000
990 0 2.172370
991 0 2.355468
992 1 0.000000
993 0 2.171139
994 1 0.000000
995 0 2.601341
996 0 2.797187
997 1 0.000000
998 0 2.464436
999 0 2.691443
1000 1 0.000000
1001 0 3.083170
1002 0 3.372609
1003 1 0.000000
1004 0 3.225773
1005 1 0.000000
1006 0 2.024956
1007 0 2.416535
1008 1 0.000000
1009 0 2.852943
1010 0 3.476828
1011 1 0.000000
1012 0 3.974480
1013 1 0.000000
1014 0 2.910133
1015 0 2.692809
1016 1 0.000000
1017 0 3.462651
1018 0 3.251881
1019 1 0.000000
1020 0 3.586658
1021 0 2.543291
1022 1 0.000000
1023 0 2.185246
1024 1 0.000000
1025 0 3.052054
1026 0 2.312490
1027 1 0.000000
1028 0 2.676183
1029 0 3.519784
1030 1 0.000000
1031 0 2.646200
1032 0 2.307180
1033 1 0.000000
1034 0 3.028115
1035 1 0.000000
1036 0 2.377082
1037 0 2.259852
1038 1 0.000000
1039 0 2.823600
1040 0 3.529600
1041 1 0.000000
1042 0 2.247798
1043 0 2.422892
1044 1 0.000000
1045 0 3.604025
1046 1 0.000000
1047 0 2.712302
1048 0 2.382290
1049 1 0.000000
1050 0 4.553552
1051 0 23.286125
1052 1 0.000000
1053 0 2.389940
1054 0 3.241191
1055 1 0.000000
1056 0 3.825808
1057 1 0.000000
1058 0 2.171584
1059 0 3.401649
1060 1 0.000000
1061 0 3.303219
1062 0 3.287882
1063 1 0.000000
1064 0 2.650477
1065 1 0.000000
1066 0 3.012067
1067 0 4.074525
1068 1 0.000000
1069 0 4.482363
1070 0 4.768650
1071 1 0.000000
1072 0 4.852327
1073 0 2.363843
1074 1 0.000000
1075 0 5.318128
1076 1 0.000000
1077 0 17.300325
1078 0 4.794885
1079 1 0.000000
1080 0 3.932444
1081 0 4.984959
1082 1 0.000000
1083 0 3.473691
1084 0 3.094082
1085 1 0.000000
1086 0 4.591728
1087 1 0.000000
1088 0 2.572909
1089 0 2.453406
1090 1 0.000000
1091 0 2.700533
1092 0 2.731127
1093 1 0.000000
1094 0 3.471476
1095 1 0.000000
1096 0 3.676675
1097 0 2.321268
1098 1 0.000000
1099 0 3.497677
1100 0 3.130541
1101 1 0.000000
1102 0 2.638012
1103 0 2.591861
1104 1 0.000000
1105 0 3.051170
1106 1 0.000000
1107 0 2.543148
1108 0 2.924583
1109 1 0.000000
1110 0 3.297702
1111 0 3.360855
1112 1 0.000000
1113 0 3.621775
1114 0 3.113811
1115 1 0.000000
1116 0 3.249520
1117 1 0.000000
1118 0 4.603509
1119 0 3.124487
1120 1 0.000000
1121 0 3.656646
1122 0 3.799916
1123 1 0.000000
1124 0 4.014007
1125 1 0.000000
1126 0 4.577211
1127 0 4.731035
1128 1 0.000000
1129 0 3.034231
1130 0 4.318421
1131 1 0.000000
1132 0 2.412017
1133 0 2.614003
1134 1 0.000000
1135 0 2.923961
1136 1 0.000000
1137 0 4.807811
1138 0 3.118887
1139 1 0.000000
1140 0 3.643271
1141 0 3.831990
1142 1 0.000000
1143 0 2.883748
1144 0 2.858991
1145 1 0.000000
1146 0 2.780248
1147 1 0.000000
1148 0 2.841142
1149 0 3.839049
1150 1 0.000000
1151 0 3.279003
1152 0 2.208864
1153 1 0.000000
1154 0 2.916808
1155 0 2.915768
1156 1 0.000000
1157 0 2.944923
1158 1 0.000000
1159 0 4.000263
1160 0 3.073357
1161 1 0.000000
1162 0 3.918466
1163 0 3.075082
1164 1 0.000000
1165 0 4.652576
1166 1 0.000000
1167 0 3.962952
1168 0 4.553061
1169 1 0.000000
1170 0 3.765624
1171 0 4.287100
1172 1 0.000000
1173 0 2.619638
1174 0 2.651448
1175 1 0.000000
1176 0 4.424081
1177 1 0.000000
1178 0 3.755499
1179 0 3.010195
1180 1 0.000000
1181 0 2.842676
1182 0 3.358452
1183 1 0.000000
1184 0 2.408679
1185 0 3.037746
1186 1 0.000000
1187 0 4.805308
1188 1 0.000000
1189 0 3.207629
1190 0 2.941651
1191 1 0.000000
1192 0 3.242238
1193 0 3.827359
1194 1 0.000000
1195 0 3.133386
1196 1 0.000000
1197 0 4.360015
1198 0 5.409360
1199 1 0.000000
1200 0 2.393299
1201 0 3.635387
1202 1 0.000000
1203 0 6.503140
1204 0 3.680780
1205 1 0.000000
1206 0 7.367605
1207 1 0.000000
1208 0 8.440460
1209 0 7.392676
1210 1 0.000000
1211 0 5.542096
1212 0 4.890396
1213 1 0.000000
1214 0 4.140538
1215 0 5.842873
1216 1 0.000000
1217 0 5.620896
1218 1 0.000000
1219 0 4.638564
1220 0 3.744444
1221 1 0.000000
1222 0 6.231925
1223 0 2.886199
1224 1 0.000000
1225 0 2.893009
1226 0 3.043718
1227 1 0.000000
1228 0 3.717173
1229 1 0.000000
1230 0 4.872842
1231 0 3.600941
1232 1 0.000000
1233 0 4.118690
1234 0 2.840822
1235 1 0.000000
1236 0 4.944023
1237 1 0.000000
1238 0 4.436860
1239 0 2.800463
1240 1 0.000000
1241 0 2.867710
1242 0 2.811144
1243 1 0.000000
1244 0 3.112379
1245 0 2.638150
1246 1 0.000000
1247 0 3.309865
1248 1 0.000000
1249 0 4.511748
1250 0 4.209530
1251 1 0.000000
1252 0 3.107489
1253 0 3.364316
1254 1 0.000000
1255 0 3.090540
1256 0 3.954305
1257 1 0.000000
1258 0 3.850805
1259 1 0.000000
1260 0 3.853159
1261 0 3.043857
1262 1 0.000000
1263 0 3.191940
1264 0 2.964961
1265 1 0.000000
1266 0 2.636681
1267 1 0.000000
1268 0 3.689711
1269 0 3.392243
1270 1 0.000000
1271 0 2.365616
1272 0 2.529167
1273 1 0.000000
1274 0 2.663421
1275 0 2.250645
1276 1 0.000000
1277 0 2.659156
1278 1 0.000000
1279 0 3.644000
1280 0 2.821897
1281 1 0.000000
1282 0 3.051991
1283 0 2.983495
1284 1 0.000000
1285 0 27.612682
1286 0 10.532814
1287 1 0.000000
1288 0 9.779074
1289 1 0.000000
1290 0 12.570981
1291 0 6.471264
1292 1 0.000000
1293 0 6.949979
1294 0 7.981671
1295 1 0.000000
1296 0 10.201405
1297 0 6.234098
1298 1 0.000000
1299 0 10.572183
1300 1 0.000000
1301 0 6.708557
1302 0 11.076657
1303 1 0.000000
1304 0 11.599809
1305 0 9.832899
1306 1 0.000000
1307 0 4.963234
1308 0 10.742304
1309 1 0.000000
1310 0 3.851835
1311 1 0.000000
1312 0 7.681777
1313 0 9.314331
1314 1 0.000000
1315 0 7.945250
1316 0 4.006914
1317 1 0.000000
1318 0 8.627387
1319 1 0.000000
1320 0 4.984539
1321 0 4.778445
1322 1 0.000000
1323 0 5.609719
1324 0 9.834204
1325 1 0.000000
1326 0 4.214615
1327 0 5.040065
1328 1 0.000000
1329 0 7.453899
1330 1 0.000000
1331 0 3.852423
1332 0 7.352646
1333 1 0.000000
1334 0 3.788127
1335 0 4.319414
1336 1 0.000000
1337 0 8.501620
1338 0 8.301166
1339 1 0.000000
1340 0 10.528832
1341 1 0.000000
1342 0 7.355462
1343 0 3.503296
1344 1 0.000000
1345 0 4.425313
1346 0 7.539487
1347 1 0.000000
1348 0 10.359687
1349 1 0.000000
1350 0 6.945377
1351 0 8.739035
1352 1 0.000000
1353 0 8.835641
1354 0 11.338190
1355 1 0.000000
1356 0 11.960276
1357 0 6.751026
1358 1 0.000000
1359 0 6.935535
1360 1 0.000000
1361 0 7.848967
1362 0 7.708825
1363 1 0.000000
1364 0 6.112176
1365 0 9.253867
1366 1 0.000000
1367 0 10.382149
1368 0 10.955823
1369 1 0.000000
1370 0 9.997312
1371 1 0.000000
1372 0 11.973931
1373 0 7.037638
1374 1 0.000000
1375 0 9.603976
1376 0 6.811194
1377 1 0.000000
1378 0 10.411483
1379 0 8.259711
1380 1 0.000000
1381 0 11.885425
1382 1 0.000000
1383 0 9.981619
1384 0 11.272794
1385 1 0.000000
1386 0 11.083394
1387 0 11.485328
1388 1 0.000000
1389 0 7.693137
1390 1 0.000000
1391 0 5.895216
1392 0 8.569409
1393 1 0.000000
1394 0 5.423360
1395 0 11.694895
1396 1 0.000000
1397 0 4.986568
1398 0 6.154596
1399 1 0.000000
1400 0 6.016574
1401 1 0.000000
1402 0 5.364338
1403 0 4.853473
1404 1 0.000000
1405 0 6.016414
1406 0 9.052332
1407 1 0.000000
1408 0 11.188013
1409 0 12.680328
1410 1 0.000000
1411 0 13.788889
1412 1 0.000000
1413 0 14.848919
1414 0 13.053925
1415 1 0.000000
1416 0 7.578408
1417 0 11.682173
1418 1 0.000000
1419 0 10.877714
1420 0 6.656989
1421 1 0.000000
1422 0 4.815268
1423 1 0.000000
1424 0 10.470608
1425 0 7.523574
1426 1 0.000000
1427 0 6.387807
1428 0 6.327272
1429 1 0.000000
1430 0 11.389354
1431 1 0.000000
1432 0 9.964682
1433 0 7.415390
1434 1 0.000000
1435 0 12.832794
1436 0 10.676272
1437 1 0.000000
1438 0 14.418288
1439 0 7.651423
1440 1 0.000000
1441 0 12.250971
1442 1 0.000000
1443 0 5.443951
1444 0 8.501373
1445 1 0.000000
1446 0 12.200137
1447 0 8.612787
1448 1 0.000000
1449 0 7.135220
1450 0 3.516121
1451 1 0.000000
1452 0 6.418695
1453 1 0.000000
1454 0 9.100446
1455 0 7.312829
1456 1 0.000000
1457 0 7.511178
1458 0 7.956857
1459 1 0.000000
1460 0 6.937070
1461 1 0.000000
1462 0 8.457187
1463 0 4.028182
1464 1 0.000000
1465 0 7.369886
1466 0 6.811101
1467 1 0.000000
1468 0 6.718479
1469 0 5.809100
1470 1 0.000000
1471 0 7.891878
1472 1 0.000000
1473 0 8.068804
1474 0 6.890123
1475 1 0.000000
1476 0 4.756575
1477 0 13.004298
1478 1 0.000000
1479 0 28.251234
1480 0 7.715754
1481 1 0.000000
1482 0 4.220213
1483 0 6.724201
1484 1 0.000000
1485 0 8.842668
1486 1 0.000000
1487 0 5.128812
1488 0 6.298644
1489 1 0.000000
1490 0 3.410802
1491 0 9.436464
1492 1 0.000000
1493 0 4.188571
1494 1 0.000000
1495 0 7.414442
1496 0 5.766648
1497 1 0.000000
1498 0 3.628235
1499 0 6.348302
1500 1 0.000000
1501 0 6.168437
1502 0 5.851757
1503 1 0.000000
1504 0 4.596634
1505 0 7.342681
1506 1 0.000000
1507 0 8.334646
1508 1 0.000000
1509 0 3.604103
1510 0 8.034819
1511 1 0.000000
1512 0 6.317048
1513 0 13.788868
1514 1 0.000000
1515 0 8.748819
1516 1 0.000000
1517 0 4.738455
1518 0 4.958951
1519 1 0.000000
1520 0 3.161872
1521 0 6.108475
1522 1 0.000000
1523 0 3.385286
1524 0 5.952291
1525 1 0.000000
1526 0 4.818716
1527 1 0.000000
1528 0 3.371454
1529 0 6.327474
1530 1 0.000000
1531 0 5.945000
1532 0 7.862679
1533 1 0.000000
1534 0 4.746841
1535 1 0.000000
1536 0 3.908926
1537 0 4.918526
1538 1 0.000000
1539 0 5.574785
1540 0 5.528405
1541 1 0.000000
1542 0 7.614486
1543 0 3.626152
1544 1 0.000000
1545 0 7.434029
1546 1 0.000000
1547 0 4.339759
1548 0 9.043335
1549 1 0.000000
1550 0 8.597480
1551 0 11.277188
1552 1 0.000000
1553 0 8.749845
1554 0 6.158825
1555 1 0.000000
1556 0 8.704908
1557 1 0.000000
1558 0 10.996701
1559 0 11.862946
1560 1 0.000000
1561 0 7.667069
1562 0 9.834345
1563 1 0.000000
1564 0 12.912138
1565 1 0.000000
1566 0 14.389541
1567 0 11.716258
1568 1 0.000000
1569 0 8.500312
1570 0 9.422328
1571 1 0.000000
1572 0 5.895529
1573 0 3.454143
1574 1 0.000000
1575 0 3.378891
1576 0 4.116063
1577 1 0.000000
1578 0 6.516498
1579 1 0.000000
1580 0 7.042968
1581 0 5.959454
1582 1 0.000000
1583 0 7.343225
1584 0 5.960264
1585 1 0.000000
1586 0 8.317946
1587 1 0.000000
1588 0 3.439098
1589 0 7.259747
1590 1 0.000000
1591 0 6.297528
1592 0 4.599006
1593 1 0.000000
1594 0 3.323635
1595 0 4.615898
1596 1 0.000000
1597 0 4.745140
1598 1 0.000000
1599 0 3.648665
1600 0 4.718850
1601 1 0.000000
1602 0 3.152479
1603 0 3.868903
1604 1 0.000000
1605 0 5.025793
1606 1 0.000000
1607 0 3.454777
1608 0 4.575923
1609 1 0.000000
1610 0 5.083721
1611 0 4.895554
1612 1 0.000000
1613 0 2.922855
1614 0 4.336838
1615 1 0.000000
1616 0 7.344864
1617 1 0.000000
1618 0 6.456973
1619 0 7.413978
1620 1 0.000000
1621 0 5.636559
1622 0 3.426830
1623 1 0.000000
1624 0 2.604276
1625 0 4.962733
1626 1 0.000000
1627 0 4.191255
1628 1 0.000000
1629 0 5.053324
1630 0 5.511894
1631 1 0.000000
1632 0 5.767554
1633 0 2.511397
1634 1 0.000000
1635 0 4.114383
1636 0 6.623392
1637 1 0.000000
1638 0 3.896941
1639 1 0.000000
1640 0 4.930221
1641 0 4.454718
1642 1 0.000000
1643 0 4.821264
1644 0 4.196528
1645 1 0.000000
1646 0 2.721112
1647 1 0.000000
1648 0 3.409683
1649 0 3.920655
1650 1 0.000000
1651 0 3.177246
1652 0 4.559885
1653 1 0.000000
1654 0 6.785238
1655 0 4.507144
1656 1 0.000000
1657 0 3.091594
1658 1 0.000000
1659 0 4.046201
1660 0 5.228624
1661 1 0.000000
1662 0 3.146640
1663 0 4.338017
1664 1 0.000000
1665 0 3.782989
1666 1 0.000000
1667 0 5.469983
1668 0 3.285981
1669 1 0.000000
1670 0 5.695588
1671 0 4.024198
1672 1 0.000000
1673 0 4.246893
1674 0 3.828658
1675 1 0.000000
1676 0 3.393063
1677 1 0.000000
1678 0 8.480327
1679 0 7.345427
1680 1 0.000000
1681 0 4.659551
1682 0 3.192446
1683 1 0.000000
1684 0 5.482144
1685 0 6.406213
1686 1 0.000000
1687 0 9.782470
1688 0 6.387578
1689 1 0.000000
1690 0 11.787238
1691 1 0.000000
1692 0 11.034061
1693 0 6.073418
1694 1 0.000000
1695 0 8.251522
1696 0 8.776135
1697 1 0.000000
1698 0 5.016967
1699 1 0.000000
1700 0 7.414903
1701 0 7.612459
1702 1 0.000000
1703 0 3.808965
1704 0 5.617767
1705 1 0.000000
1706 0 3.376272
1707 0 3.439373
1708 1 0.000000
1709 0 7.898435
1710 1 0.000000
1711 0 7.377566
1712 0 3.613390
1713 1 0.000000
1714 0 4.655061
1715 0 6.163183
1716 1 0.000000
1717 0 4.102901
1718 0 7.971874
1719 1 0.000000
1720 0 5.552320
1721 1 0.000000
1722 0 8.657058
1723 0 8.074766
1724 1 0.000000
1725 0 11.059114
1726 0 8.878624
1727 1 0.000000
1728 0 7.482821
1729 1 0.000000
1730 0 9.586867
1731 0 5.149067
1732 1 0.000000
1733 0 3.421445
1734 0 6.071050
1735 1 0.000000
1736 0 3.742756
1737 0 4.334469
1738 1 0.000000
1739 0 6.644953
1740 1 0.000000
1741 0 3.722429
1742 0 4.481469
1743 1 0.000000
1744 0 4.669820
1745 0 4.008107
1746 1 0.000000
1747 0 4.024970
1748 0 4.296768
1749 1 0.000000
1750 0 6.735067
1751 1 0.000000
1752 0 5.027331
1753 0 6.137218
1754 1 0.000000
1755 0 6.730418
1756 0 5.766026
1757 1 0.000000
1758 0 3.754095
1759 0 4.674746
1760 1 0.000000
1761 0 3.632737
1762 1 0.000000
1763 0 3.153661
1764 0 4.012832
1765 1 0.000000
1766 0 6.363899
1767 0 4.584852
1768 1 0.000000
1769 0 4.847784
1770 1 0.000000
1771 0 5.974240
1772 0 7.827466
1773 1 0.000000
1774 0 9.112357
1775 0 8.926593
1776 1 0.000000
1777 0 4.379025
1778 0 8.287373
1779 1 0.000000
1780 0 8.023261
1781 1 0.000000
1782 0 5.458559
1783 0 7.300108
1784 1 0.000000
1785 0 7.445485
1786 0 7.184720
1787 1 0.000000
1788 0 3.500414
1789 0 7.943496
1790 1 0.000000
1791 0 10.079076
1792 1 0.000000
1793 0 7.054473
1794 0 6.782971
1795 1 0.000000
1796 0 4.992662
1797 0 8.993148
1798 1 0.000000
1799 0 5.657178
1800 1 0.000000
1801 0 4.861551
1802 0 8.533587
1803 1 0.000000
1804 0 9.721252
1805 0 7.870660
1806 1 0.000000
1807 0 9.766750
1808 0 6.889919
1809 1 0.000000
1810 0 5.401002
1811 1 0.000000
1812 0 7.414014
1813 0 6.475648
1814 1 0.000000
1815 0 4.200939
1816 0 11.605705
1817 1 0.000000
1818 0 13.735072
1819 0 14.299293
1820 1 0.000000
1821 0 11.786753
1822 1 0.000000
1823 0 11.874052
1824 0 12.474847
1825 1 0.000000
1826 0 11.358939
1827 0 9.585684
1828 1 0.000000
1829 0 10.698454
1830 0 9.237776
1831 1 0.000000
1832 0 6.280889
1833 1 0.000000
1834 0 11.626186
1835 0 11.974775
1836 1 0.000000
1837 0 13.157519
1838 0 8.988166
1839 1 0.000000
1840 0 10.537738
1841 1 0.000000
1842 0 8.635755
1843 0 6.848344
1844 1 0.000000
1845 0 7.855338
1846 0 10.924322
1847 1 0.000000
1848 0 15.344026
1849 0 14.727123
1850 1 0.000000
1851 0 15.150864
1852 1 0.000000
1853 0 12.952799
1854 0 11.969488
1855 1 0.000000
1856 0 10.063196
1857 0 5.004952
1858 1 0.000000
1859 0 6.419618
1860 0 9.893496
1861 1 0.000000
1862 0 9.534482
1863 1 0.000000
1864 0 8.624753
1865 0 10.948655
1866 1 0.000000
1867 0 5.154466
1868 0 10.139271
1869 1 0.000000
1870 0 8.033652
1871 0 7.730091
1872 1 0.000000
1873 0 7.468221
1874 1 0.000000
1875 0 3.289317
1876 0 9.678975
1877 1 0.000000
1878 0 9.661094
1879 0 8.051293
1880 1 0.000000
1881 0 7.804369
1882 1 0.000000
1883 0 6.629809
1884 0 11.428388
1885 1 0.000000
1886 0 6.833628
1887 0 5.127911
1888 1 0.000000
1889 0 7.599592
1890 0 10.476743
1891 1 0.000000
1892 0 8.884264
1893 1 0.000000
1894 0 10.064858
1895 0 9.381390
1896 1 0.000000
1897 0 8.813577
1898 0 6.515864
1899 1 0.000000
1900 0 7.556995
1901 0 3.434611
1902 1 0.000000
1903 0 6.102162
1904 1 0.000000
1905 0 6.035319
1906 0 8.846096
1907 1 0.000000
1908 0 9.573397
1909 0 8.493006
1910 1 0.000000
1911 0 7.316255
1912 0 10.944488
1913 1 0.000000
1914 0 4.994877
1915 1 0.000000
1916 0 5.395846
1917 0 6.127007
1918 1 0.000000
1919 0 6.451432
1920 0 3.818815
1921 1 0.000000
1922 0 6.133104
1923 0 5.834722
1924 1 0.000000
1925 0 5.434192
1926 1 0.000000
1927 0 4.112581
1928 0 8.434746
1929 1 0.000000
1930 0 6.804707
1931 0 3.999077
1932 1 0.000000
1933 0 6.522752
1934 1 0.000000
1935 0 6.140746
1936 0 4.493909
1937 1 0.000000
1938 0 7.709722
1939 0 8.055520
1940 1 0.000000
1941 0 3.308982
1942 0 4.544545
1943 1 0.000000
1944 0 3.571088
1945 0 4.836617
1946 1 0.000000
1947 0 4.502454
1948 1 0.000000
1949 0 6.999712
1950 0 4.923673
1951 1 0.000000
1952 0 9.456417
1953 0 4.118001
1954 1 0.000000
1955 0 3.935493
1956 1 0.000000
1957 0 3.918648
1958 0 5.573463
1959 1 0.000000
1960 0 6.608394
1961 0 7.189916
1962 1 0.000000
1963 0 4.858953
1964 0 8.440396
1965 1 0.000000
1966 0 8.467910
1967 1 0.000000
1968 0 7.949929
1969 0 7.895256
1970 1 0.000000
1971 0 4.986969
1972 0 7.058122
1973 1 0.000000
1974 0 5.806030
1975 0 6.089880
1976 1 0.000000
1977 0 3.572140
1978 1 0.000000
1979 0 4.495336
1980 0 5.278817
1981 1 0.000000
1982 0 6.866413
1983 0 4.739607
1984 1 0.000000
1985 0 5.762651
1986 1 0.000000
1987 0 5.430487
1988 0 4.626774
1989 1 0.000000
1990 0 6.387804
1991 0 4.863803
1992 1 0.000000
1993 0 7.008639
1994 0 4.759008
1995 1 0.000000
1996 0 5.508368
1997 1 0.000000
1998 0 4.673514
1999 0 3.761567
2000 1 0.000000
2001 0 4.741594
2002 0 5.084043
2003 1 0.000000
2004 0 4.391408
2005 0 6.149724
2006 1 0.000000
2007 0 7.088575
2008 1 0.000000
2009 0 8.469657
2010 0 6.766979
2011 1 0.000000
2012 0 7.286098
2013 0 8.647267
2014 1 0.000000
2015 0 5.922597
2016 0 6.574144
2017 1 0.000000
2018 0 4.943669
2019 1 0.000000
2020 0 7.309095
2021 0 5.734700
2022 1 0.000000
2023 0 4.537985
2024 0 5.097864
2025 1 0.000000
2026 0 4.806690
2027 0 4.074078
2028 1 0.000000
2029 0 6.483759
2030 1 0.000000
2031 0 4.484306
2032 0 6.085119
2033 1 0.000000
2034 0 3.703316
2035 0 3.976076
2036 1 0.000000
2037 0 5.263034
2038 1 0.000000
2039 0 4.190275
2040 0 4.308043
2041 1 0.000000
2042 0 4.955865
2043 0 6.164412
2044 1 0.000000
2045 0 5.785060
2046 0 6.685736
2047 1 0.000000
2048 0 6.846511
2049 1 0.000000
2050 0 5.516254
2051 0 6.757550
2052 1 0.000000
2053 0 4.633610
2054 0 6.269039
2055 1 0.000000
2056 0 4.393642
2057 0 5.519879
2058 1 0.000000
2059 0 6.253517
2060 1 0.000000
2061 0 7.383976
2062 0 8.156990
2063 1 0.000000
2064 0 7.194859
2065 0 7.133668
2066 1 0.000000
2067 0 8.747156
2068 1 0.000000
2069 0 5.976095
2070 0 6.263208
2071 1 0.000000
2072 0 6.160156
2073 0 7.199328
2074 1 0.000000
2075 0 6.879574
2076 0 4.387339
2077 1 0.000000
2078 0 6.022002
2079 1 0.000000
2080 0 6.992955
2081 0 24.128819
2082 1 0.000000
2083 0 3.603353
2084 0 3.975177
2085 1 0.000000
2086 0 3.416902
2087 0 3.258301
2088 1 0.000000
2089 0 3.909771
2090 1 0.000000
2091 0 3.744853
2092 0 3.000921
2093 1 0.000000
2094 0 3.535184
2095 0 3.094810
2096 1 0.000000
2097 0 3.023103
2098 0 2.772108
2099 1 0.000000
2100 0 3.284737
2101 1 0.000000
2102 0 2.977456
2103 0 3.172813
2104 1 0.000000
2105 0 3.388606
2106 0 2.578310
2107 1 0.000000
2108 0 3.131212
2109 1 0.000000
2110 0 3.347299
2111 0 3.073510
2112 1 0.000000
2113 0 3.414209
2114 0 3.511162
2115 1 0.000000
2116 0 2.953353
2117 0 2.989496
2118 1 0.000000
2119 0 2.611100
2120 1 0.000000
2121 0 3.420548
2122 0 2.885782
2123 1 0.000000
2124 0 3.104269
2125 0 3.509907
2126 1 0.000000
2127 0 2.957495
2128 0 3.465578
2129 1 0.000000
2130 0 3.577652
2131 1 0.000000
2132 0 2.919231
2133 0 3.152761
2134 1 0.000000
2135 0 3.667415
2136 0 3.217738
2137 1 0.000000
2138 0 3.189747
2139 0 2.963502
2140 1 0.000000
2141 0 3.477434
2142 1 0.000000
2143 0 3.255106
2144 0 3.292530
2145 1 0.000000
2146 0 3.491266
2147 0 3.042180
2148 1 0.000000
2149 0 2.771946
2150 0 2.873415
2151 1 0.000000
2152 0 3.156323
2153 1 0.000000
2154 0 3.153331
2155 0 3.306719
2156 1 0.000000
2157 0 3.077913
2158 0 3.148990
2159 1 0.000000
2160 0 4.284803
2161 1 0.000000
2162 0 4.028421
2163 0 3.351853
2164 1 0.000000
2165 0 3.519345
2166 0 3.843027
2167 1 0.000000
2168 0 3.515977
2169 0 3.181097
2170 1 0.000000
2171 0 3.513123
2172 1 0.000000
2173 0 3.651982
2174 0 3.669137
2175 1 0.000000
2176 0 3.991374
2177 0 3.411622
2178 1 0.000000
2179 0 3.401299
2180 0 3.271661
2181 1 0.000000
2182 0 3.616209
2183 1 0.000000
2184 0 3.795992
2185 0 3.798892
2186 1 0.000000
2187 0 4.316757
2188 0 3.716684
2189 1 0.000000
2190 0 3.421302
2191 0 3.129654
2192 1 0.000000
2193 0 3.134322
2194 1 0.000000
2195 0 2.802757
2196 0 3.391851
2197 1 0.000000
2198 0 2.775405
2199 0 2.617116
2200 1 0.000000
2201 0 2.560704
2202 1 0.000000
2203 0 3.004673
2204 0 2.531235
2205 1 0.000000
2206 0 2.719369
2207 0 2.822502
2208 1 0.000000
2209 0 2.449559
2210 0 2.426830
2211 1 0.000000
2212 0 2.944374
2213 1 0.000000
2214 0 2.628269
2215 0 2.542972
2216 1 0.000000
2217 0 3.037656
2218 0 2.743458
2219 1 0.000000
2220 0 2.552832
2221 0 2.650107
2222 1 0.000000
2223 0 3.023252
2224 1 0.000000
2225 0 2.951210
2226 0 2.946941
2227 1 0.000000
2228 0 3.117059
2229 0 2.525314
2230 1 0.000000
2231 0 2.829532
2232 0 2.664666
2233 1 0.000000
2234 0 3.172736
2235 1 0.000000
2236 0 3.389231
2237 0 3.599986
2238 1 0.000000
2239 0 3.707709
2240 0 3.245686
2241 1 0.000000
2242 0 3.173868
2243 1 0.000000
2244 0 3.355455
2245 0 3.139012
2246 1 0.000000
2247 0 2.864474
2248 0 3.161826
2249 1 0.000000
2250 0 2.619810
2251 0 2.449258
2252 1 0.000000
2253 0 2.619491
2254 1 0.000000
2255 0 2.826751
2256 0 2.809011
2257 1 0.000000
2258 0 2.778356
2259 0 3.268032
2260 1 0.000000
2261 0 2.924048
2262 0 3.289729
2263 1 0.000000
2264 0 3.549340
2265 1 0.000000
2266 0 3.466344
2267 0 3.539247
2268 1 0.000000
2269 0 3.770423
2270 0 3.244607
2271 1 0.000000
2272 0 3.033135
2273 1 0.000000
2274 0 2.977093
2275 0 3.087192
2276 1 0.000000
2277 0 3.058279
2278 0 3.145143
2279 1 0.000000
2280 0 3.655554
2281 0 3.140493
2282 1 0.000000
2283 0 2.854756
2284 1 0.000000
2285 0 3.236487
2286 0 2.507522
2287 1 0.000000
2288 0 2.516153
2289 0 3.246566
2290 1 0.000000
2291 0 2.815366
2292 0 2.684868
2293 1 0.000000
2294 0 2.595117
2295 1 0.000000
2296 0 3.079492
2297 0 2.858870
2298 1 0.000000
2299 0 3.349842
2300 0 3.229271
2301 1 0.000000
2302 0 2.442497
2303 0 2.438665
2304 1 0.000000
2305 0 3.194080
2306 1 0.000000
2307 0 2.972155
2308 0 3.236648
2309 1 0.000000
2310 0 3.292313
2311 0 2.712091
2312 1 0.000000
2313 0 2.316912
2314 0 2.813122
2315 1 0.000000
2316 0 3.043780
2317 1 0.000000
2318 0 3.072065
2319 0 2.650799
2320 1 0.000000
2321 0 3.177172
2322 0 2.581138
2323 1 0.000000
2324 0 2.481607
2325 0 2.617456
2326 1 0.000000
2327 0 3.031142
2328 1 0.000000
2329 0 2.844917
2330 0 3.079676
2331 1 0.000000
2332 0 2.885849
2333 0 2.655574
2334 1 0.000000
2335 0 2.896401
2336 1 0.000000
2337 0 3.296829
2338 0 3.147368
2339 1 0.000000
2340 0 3.228998
2341 0 3.506665
2342 1 0.000000
2343 0 2.962877
2344 0 2.896683
2345 1 0.000000
2346 0 3.136333
2347 1 0.000000
2348 0 3.061525
2349 0 3.221379
2350 1 0.000000
2351 0 3.373766
2352 0 3.597316
2353 1 0.000000
2354 0 2.957624
2355 0 2.884928
2356 1 0.000000
2357 0 3.139970
2358 1 0.000000
2359 0 3.451992
2360 0 3.209028
2361 1 0.000000
2362 0 3.453883
2363 0 3.077710
2364 1 0.000000
2365 0 3.224074
2366 0 3.208673
2367 1 0.000000
2368 0 3.745842
2369 1 0.000000
2370 0 3.371311
2371 0 2.965919
2372 1 0.000000
2373 0 3.240728
2374 0 2.993750
2375 1 0.000000
2376 0 2.727747
2377 0 2.936165
2378 1 0.000000
2379 0 3.003686
2380 1 0.000000
2381 0 3.114806
2382 0 3.132411
2383 1 0.000000
2384 0 2.870322
2385 0 2.807478
2386 1 0.000000
2387 0 2.977564
2388 1 0.000000
2389 0 6.126389
2390 0 32.098568
2391 1 0.000000
2392 0 5.686653
2393 0 4.696110
2394 1 0.000000
2395 0 3.869653
2396 0 3.468732
2397 1 0.000000
2398 0 4.078230
2399 1 0.000000
2400 0 2.711460
2401 0 2.444405
2402 1 0.000000
2403 0 2.976789
2404 0 3.301890
2405 1 0.000000
2406 0 2.617728
2407 0 2.439441
2408 1 0.000000
2409 0 3.480693
2410 1 0.000000
2411 0 3.187382
2412 0 2.693773
2413 1 0.000000
2414 0 4.033692
2415 0 2.825111
2416 1 0.000000
2417 0 2.617482
2418 0 3.026655
2419 1 0.000000
2420 0 3.271176
2421 1 0.000000
2422 0 2.478159
2423 0 2.928552
2424 1 0.000000
2425 0 3.175685
2426 0 2.736250
2427 1 0.000000
2428 0 3.276301
2429 1 0.000000
2430 0 4.053354
2431 0 3.311021
2432 1 0.000000
2433 0 3.129462
2434 0 4.284102
2435 1 0.000000
2436 0 3.379989
2437 0 2.815465
2438 1 0.000000
2439 0 3.335319
2440 1 0.000000
2441 0 2.912202
2442 0 2.469643
2443 1 0.000000
2444 0 3.115064
2445 0 3.747163
2446 1 0.000000
2447 0 3.009696
2448 0 3.203105
2449 1 0.000000
2450 0 3.757698
2451 1 0.000000
2452 0 3.038442
2453 0 2.742462
2454 1 0.000000
2455 0 3.520099
2456 0 2.313596
2457 1 0.000000
2458 0 2.172824
2459 1 0.000000
2460 0 2.960181
2461 0 2.757848
2462 1 0.000000
2463 0 2.559470
2464 0 2.656192
2465 1 0.000000
2466 0 3.572132
2467 0 2.690344
2468 1 0.000000
2469 0 2.555352
2470 0 3.912722
2471 1 0.000000
2472 0 3.484510
2473 1 0.000000
2474 0 2.959249
2475 0 3.427822
2476 1 0.000000
2477 0 2.686524
2478 0 3.234323
2479 1 0.000000
2480 0 2.648511
2481 1 0.000000
2482 0 2.958218
2483 0 2.373618
2484 1 0.000000
2485 0 2.662544
2486 0 3.527829
2487 1 0.000000
2488 0 2.768372
2489 0 2.787539
2490 1 0.000000
2491 0 3.493483
2492 1 0.000000
2493 0 2.791412
2494 0 2.890348
2495 1 0.000000
2496 0 3.681573
2497 0 2.945261
2498 1 0.000000
2499 0 2.942103
2500 0 2.900691
2501 1 0.000000
2502 0 4.254686
2503 1 0.000000
2504 0 3.157542
2505 0 3.226231
2506 1 0.000000
2507 0 3.817380
2508 0 2.918020
2509 1 0.000000
2510 0 3.405004
2511 1 0.000000
2512 0 4.117573
2513 0 3.285369
2514 1 0.000000
2515 0 3.148577
2516 0 2.994257
2517 1 0.000000
2518 0 3.097563
2519 0 2.563927
2520 1 0.000000
2521 0 3.286206
2522 1 0.000000
2523 0 3.490747
2524 0 2.797071
2525 1 0.000000
2526 0 2.816747
2527 0 3.785439
2528 1 0.000000
2529 0 2.785318
2530 0 3.193968
2531 1 0.000000
2532 0 3.861957
2533 1 0.000000
2534 0 3.529364
2535 0 3.419922
2536 1 0.000000
2537 0 3.388994
2538 0 3.246421
2539 1 0.000000
2540 0 2.573894
2541 0 2.577337
2542 1 0.000000
2543 0 3.643962
2544 1 0.000000
2545 0 3.251463
2546 0 2.987766
2547 1 0.000000
2548 0 3.946125
2549 0 2.621763
2550 1 0.000000
2551 0 2.903933
2552 1 0.000000
2553 0 2.958253
2554 0 3.679638
2555 1 0.000000
2556 0 2.731465
2557 0 3.034520
2558 1 0.000000
2559 0 3.474921
2560 0 2.662335
2561 1 0.000000
2562 0 2.886548
2563 1 0.000000
2564 0 4.913271
2565 0 3.815211
2566 1 0.000000
2567 0 3.793559
2568 0 4.416136
2569 1 0.000000
2570 0 3.494751
2571 0 3.425658
2572 1 0.000000
2573 0 3.743048
2574 1 0.000000
2575 0 4.059099
2576 0 4.039779
2577 1 0.000000
2578 0 3.380419
2579 0 3.595746
2580 1 0.000000
2581 0 2.775595
2582 0 2.989543
2583 1 0.000000
2584 0 4.191132
2585 1 0.000000
2586 0 3.058416
2587 0 3.336099
2588 1 0.000000
2589 0 3.641227
2590 0 3.209469
2591 1 0.000000
2592 0 2.890860
2593 0 2.949874
2594 1 0.000000
2595 0 3.836277
2596 1 0.000000
2597 0 2.846603
2598 0 2.662352
2599 1 0.000000
2600 0 3.561318
2601 0 2.700678
2602 1 0.000000
2603 0 2.604750
2604 1 0.000000
2605 0 3.930170
2606 0 2.860786
2607 1 0.000000
2608 0 2.498584
2609 0 3.048687
2610 1 0.000000
2611 0 2.723729
2612 0 2.733580
2613 1 0.000000
2614 0 2.803381
2615 1 0.000000
2616 0 3.835601
2617 0 3.862644
2618 1 0.000000
2619 0 3.699554
2620 0 4.553365
2621 1 0.000000
2622 0 3.441364
2623 0 3.053491
2624 1 0.000000
2625 0 3.681628
2626 1 0.000000
2627 0 3.930628
2628 0 3.704796
2629 1 0.000000
2630 0 3.480966
2631 0 3.586285
2632 1 0.000000
2633 0 2.768708
2634 0 2.947210
2635 1 0.000000
2636 0 4.119416
2637 1 0.000000
2638 0 3.188139
2639 0 2.647280
2640 1 0.000000
2641 0 3.515169
2642 0 2.420372
2643 1 0.000000
2644 0 2.260382
2645 1 0.000000
2646 0 3.147296
2647 0 2.645863
2648 1 0.000000
2649 0 2.339777
2650 0 2.618714
2651 1 0.000000
2652 0 2.972789
2653 0 2.131919
2654 1 0.000000
2655 0 2.459843
2656 1 0.000000
2657 0 3.884397
2658 0 2.409970
2659 1 0.000000
2660 0 2.288156
2661 0 3.406473
2662 1 0.000000
2663 0 2.653435
2664 0 2.285706
2665 1 0.000000
2666 0 2.756761
2667 1 0.000000
2668 0 3.126102
2669 0 2.469049
2670 1 0.000000
2671 0 2.778256
2672 0 3.563598
2673 1 0.000000
2674 0 2.581530
2675 0 2.519553
2676 1 0.000000
2677 0 3.696097
2678 1 0.000000
2679 0 2.803224
2680 0 2.954696
2681 1 0.000000
2682 0 3.923673
2683 0 3.208604
2684 1 0.000000
2685 0 2.638165
2686 0 2.420501
2687 1 0.000000
2688 0 3.893749
2689 1 0.000000
2690 0 2.617202
2691 0 2.537499
2692 1 0.000000
2693 0 3.527488
2694 0 2.602603
2695 1 0.000000
2696 0 2.865167
2697 0 2.955680
2698 1 0.000000
2699 0 3.284422
2700 1 0.000000
2701 0 2.987447
2702 0 3.666406
2703 1 0.000000
2704 0 4.164191
2705 0 34.781738
2706 1 0.000000
2707 0 9.347217
2708 0 12.984221
2709 1 0.000000
2710 0 13.328024
2711 1 0.000000
2712 0 11.530029
2713 0 12.206947
2714 1 0.000000
2715 0 8.639352
2716 0 11.518289
2717 1 0.000000
2718 0 11.593097
2719 0 11.779704
2720 1 0.000000
2721 0 11.334084
2722 1 0.000000
2723 0 11.349416
2724 0 8.575005
2725 1 0.000000
2726 0 10.320923
2727 0 8.367243
2728 1 0.000000
2729 0 6.554032
2730 1 0.000000
2731 0 5.301665
2732 0 6.105913
2733 1 0.000000
2734 0 9.858358
2735 0 7.783056
2736 1 0.000000
2737 0 7.882366
2738 0 4.644459
2739 1 0.000000
2740 0 6.238013
2741 1 0.000000
2742 0 10.970124
2743 0 9.896740
2744 0 6.683653
2745 1 0.000000
2746 0 8.889150
2747 1 0.000000
2748 0 8.425676
2749 0 11.365491
2750 1 0.000000
2751 0 10.633687
2752 0 9.207992
2753 1 0.000000
2754 0 8.607761
2755 1 0.000000
2756 0 12.915288
2757 0 12.678268
2758 1 0.000000
2759 0 12.320486
2760 0 13.824029
2761 1 0.000000
2762 0 13.952178
2763 0 13.341339
2764 1 0.000000
2765 0 14.277806
2766 1 0.000000
2767 0 14.523004
2768 0 13.622285
2769 1 0.000000
2770 0 14.840985
2771 0 13.064819
2772 1 0.000000
2773 0 13.852500
2774 1 0.000000
2775 0 15.001229
2776 0 13.165732
2777 1 0.000000
2778 0 14.491514
2779 0 12.844592
2780 1 0.000000
2781 0 11.940017
2782 0 12.874264
2783 1 0.000000
2784 0 10.934033
2785 1 0.000000
2786 0 9.915999
2787 0 11.459344
2788 1 0.000000
2789 0 10.610042
2790 0 10.563252
2791 1 0.000000
2792 0 12.957665
2793 0 10.909104
2794 1 0.000000
2795 0 12.388845
2796 1 0.000000
2797 0 14.723282
2798 0 15.615501
2799 1 0.000000
2800 0 13.826510
2801 0 13.780722
2802 1 0.000000
2803 0 15.691387
2804 1 0.000000
2805 0 15.094379
2806 0 14.182851
2807 1 0.000000
2808 0 16.452436
2809 0 15.655663
2810 1 0.000000
2811 0 13.676418
2812 0 14.176508
2813 1 0.000000
2814 0 16.780272
2815 1 0.000000
2816 0 10.408811
2817 0 15.387690
2818 1 0.000000
2819 0 8.476343
2820 0 7.307118
2821 1 0.000000
2822 0 8.903256
2823 1 0.000000
2824 0 9.291105
2825 0 6.171177
2826 1 0.000000
2827 0 6.227593
2828 0 4.534078
2829 1 0.000000
2830 0 6.285952
2831 0 6.670162
2832 1 0.000000
2833 0 7.629545
2834 1 0.000000
2835 0 7.133255
2836 0 5.620900
2837 1 0.000000
2838 0 7.120987
2839 0 5.626481
2840 1 0.000000
2841 0 5.857319
2842 0 6.742755
2843 1 0.000000
2844 0 6.800410
2845 0 5.335648
2846 1 0.000000
2847 0 6.982575
2848 1 0.000000
2849 0 5.106417
2850 0 8.366722
2851 1 0.000000
2852 0 7.829289
2853 0 11.097706
2854 1 0.000000
2855 0 9.815342
2856 1 0.000000
2857 0 10.627692
2858 0 11.418675
2859 1 0.000000
2860 0 15.324719
2861 0 13.694162
2862 1 0.000000
2863 0 13.932374
2864 0 16.319069
2865 1 0.000000
2866 0 15.261637
2867 1 0.000000
2868 0 15.070015
2869 0 16.229971
2870 1 0.000000
2871 0 15.566291
2872 0 15.207571
2873 1 0.000000
2874 0 13.693212
2875 1 0.000000
2876 0 14.520718
2877 0 14.641017
2878 1 0.000000
2879 0 13.775469
2880 0 14.555802
2881 1 0.000000
2882 0 14.714737
2883 0 11.165343
2884 1 0.000000
2885 0 12.283868
2886 1 0.000000
2887 0 12.288723
2888 0 13.419444
2889 1 0.000000
2890 0 14.542788
2891 0 13.720574
2892 1 0.000000
2893 0 11.072625
2894 0 6.624384
2895 1 0.000000
2896 0 6.218041
2897 1 0.000000
2898 0 7.992215
2899 0 5.329631
2900 1 0.000000
2901 0 5.541388
2902 0 6.561323
2903 1 0.000000
2904 0 6.066700
2905 1 0.000000
2906 0 8.162298
2907 0 13.417790
2908 1 0.000000
2909 0 29.778603
2910 0 12.703089
2911 1 0.000000
2912 0 13.660734
2913 0 12.901777
2914 1 0.000000
2915 0 6.457660
2916 1 0.000000
2917 0 9.544351
2918 0 14.007074
2919 1 0.000000
2920 0 6.405006
2921 0 3.670308
2922 1 0.000000
2923 0 5.633534
2924 0 7.443230
2925 1 0.000000
2926 0 7.838267
2927 1 0.000000
2928 0 9.125984
2929 0 6.324895
2930 1 0.000000
2931 0 7.537978
2932 0 16.096359
2933 1 0.000000
2934 0 4.311902
2935 1 0.000000
2936 0 4.381318
2937 0 3.634933
2938 1 0.000000
2939 0 11.044825
2940 0 6.552864
2941 1 0.000000
2942 0 7.083943
2943 0 12.510697
2944 1 0.000000
2945 0 12.166024
2946 1 0.000000
2947 0 9.908570
2948 0 10.030336
2949 1 0.000000
2950 0 9.758021
2951 0 10.533700
2952 1 0.000000
2953 0 7.704907
2954 0 11.377397
2955 1 0.000000
2956 0 5.595450
2957 1 0.000000
2958 0 8.102765
2959 0 4.322441
2960 1 0.000000
2961 0 4.457164
2962 0 8.983215
2963 1 0.000000
2964 0 6.841826
2965 0 4.883671
2966 1 0.000000
2967 0 4.252967
2968 1 0.000000
2969 0 9.823646
2970 0 7.076627
2971 1 0.000000
2972 0 8.832792
2973 0 11.059482
2974 1 0.000000
2975 0 8.904306
2976 1 0.000000
2977 0 9.806646
2978 0 10.534478
2979 1 0.000000
2980 0 9.059315
2981 0 11.127490
2982 1 0.000000
2983 0 9.086855
2984 0 9.332129
2985 1 0.000000
2986 0 4.785553
2987 1 0.000000
2988 0 10.911354
2989 0 10.717083
2990 1 0.000000
2991 0 9.905985
2992 0 12.711723
2993 1 0.000000
2994 0 14.380479
2995 0 11.327323
2996 1 0.000000
2997 0 11.263047
2998 1 0.000000
2999 0 9.086983
3000 0 10.522790
3001 1 0.000000
3002 0 12.501970
3003 0 10.286957
3004 1 0.000000
3005 0 4.905585
3006 0 9.454419
3007 1 0.000000
3008 0 8.862378
3009 1 0.000000
3010 0 6.495486
3011 0 4.144997
3012 1 0.000000
3013 0 6.067143
3014 0 8.695756
3015 1 0.000000
3016 0 13.007004
3017 1 0.000000
3018 0 8.425345
3019 0 10.209235
3020 1 0.000000
3021 0 9.425650
3022 0 5.340279
3023 1 0.000000
3024 0 12.620986
3025 0 10.330999
3026 1 0.000000
3027 0 13.323978
3028 1 0.000000
3029 0 8.019181
3030 0 8.358661
3031 1 0.000000
3032 0 8.987600
3033 0 4.591877
3034 1 0.000000
3035 0 5.686947
3036 0 6.825034
3037 1 0.000000
3038 0 7.267520
3039 1 0.000000
3040 0 6.923074
3041 0 7.945001
3042 1 0.000000
3043 0 3.942236
3044 0 13.468871
3045 1 0.000000
3046 0 3.961831
3047 0 11.568338
3048 1 0.000000
3049 0 9.543445
3050 1 0.000000
3051 0 8.020474
3052 0 5.574515
3053 1 0.000000
3054 0 8.400321
3055 0 4.925899
3056 1 0.000000
3057 0 12.051527
3058 0 11.165333
3059 1 0.000000
3060 0 6.250792
3061 1 0.000000
3062 0 5.554962
3063 0 8.597185
3064 1 0.000000
3065 0 9.937012
3066 0 13.149857
3067 1 0.000000
3068 0 9.634416
3069 1 0.000000
3070 0 9.235633
3071 0 8.092063
3072 1 0.000000
3073 0 3.548671
3074 0 9.384805
3075 1 0.000000
3076 0 12.641460
3077 0 8.771096
3078 1 0.000000
3079 0 5.232989
3080 1 0.000000
3081 0 8.533661
3082 0 6.182382
3083 1 0.000000
3084 0 7.991289
3085 0 11.749439
3086 1 0.000000
3087 0 9.484260
3088 0 8.331217
3089 1 0.000000
3090 0 7.918676
3091 1 0.000000
3092 0 4.100664
3093 0 11.972212
3094 1 0.000000
3095 0 11.007327
3096 0 10.964848
3097 1 0.000000
3098 0 7.167945
3099 0 7.977544
3100 1 0.000000
3101 0 10.501281
3102 1 0.000000
3103 0 10.160184
3104 0 9.458841
3105 1 0.000000
3106 0 13.547134
3107 0 11.009361
3108 1 0.000000
3109 0 10.455799
3110 0 9.707968
3111 1 0.000000
3112 0 10.260488
3113 1 0.000000
3114 0 13.545836
3115 0 10.110676
3116 1 0.000000
3117 0 6.469037
3118 0 10.505290
3119 1 0.000000
3120 0 6.106417
3121 1 0.000000
3122 0 4.825017
3123 0 6.083591
3124 1 0.000000
3125 0 5.623010
3126 0 6.917226
3127 1 0.000000
3128 0 10.215288
3129 0 7.811267
3130 1 0.000000
3131 0 8.870823
3132 1 0.000000
3133 0 9.685786
3134 0 6.226281
3135 1 0.000000
3136 0 6.834768
3137 0 5.863917
3138 1 0.000000
3139 0 4.572696
3140 0 7.018672
3141 1 0.000000
3142 0 4.834226
3143 1 0.000000
3144 0 5.692051
3145 0 7.204663
3146 1 0.000000
3147 0 5.246934
3148 0 4.890626
3149 1 0.000000
3150 0 6.181414
3151 0 6.023249
3152 1 0.000000
3153 0 6.961967
3154 1 0.000000
3155 0 7.969145
3156 0 9.795662
3157 1 0.000000
3158 0 12.175331
3159 0 11.985055
3160 1 0.000000
3161 0 6.351900
3162 1 0.000000
3163 0 5.750500
3164 0 10.122749
3165 1 0.000000
3166 0 6.552012
3167 0 4.611163
3168 1 0.000000
3169 0 5.428162
3170 0 3.634267
3171 1 0.000000
3172 0 3.911396
3173 1 0.000000
3174 0 4.635514
3175 0 4.048291
3176 1 0.000000
3177 0 6.692026
3178 0 7.794559
3179 1 0.000000
3180 0 9.920411
3181 0 9.674473
3182 1 0.000000
3183 0 8.807740
3184 1 0.000000
3185 0 9.140029
3186 0 6.650198
3187 1 0.000000
3188 0 9.471726
3189 0 9.302857
3190 1 0.000000
3191 0 2.881685
3192 0 6.370839
3193 1 0.000000
3194 0 6.469947
3195 1 0.000000
3196 0 6.279201
3197 0 5.315640
3198 1 0.000000
3199 0 10.072780
3200 0 9.460094
3201 1 0.000000
3202 0 8.936625
3203 1 0.000000
3204 0 7.782511
3205 0 10.570258
3206 1 0.000000
3207 0 8.362723
3208 0 7.164221
3209 1 0.000000
3210 0 9.850821
3211 0 9.950142
3212 1 0.000000
3213 0 6.226753
3214 1 0.000000
3215 0 8.933565
3216 0 4.683214
3217 1 0.000000
3218 0 7.658981
3219 0 10.541333
3220 1 0.000000
3221 0 6.421538
3222 0 6.725912
3223 1 0.000000
3224 0 6.668456
3225 1 0.000000
3226 0 6.412309
3227 0 9.335184
3228 1 0.000000
3229 0 7.898767
3230 0 7.607341
3231 1 0.000000
3232 0 5.748861
3233 0 12.718206
3234 1 0.000000
3235 0 9.627730
3236 1 0.000000
3237 0 3.681879
3238 0 9.306853
3239 1 0.000000
3240 0 6.654390
3241 0 10.635050
3242 1 0.000000
3243 0 10.614942
3244 0 9.611399
3245 1 0.000000
3246 0 12.260855
3247 1 0.000000
3248 0 8.790499
3249 0 11.235726
3250 1 0.000000
3251 0 14.057702
3252 0 11.535608
3253 1 0.000000
3254 0 5.498803
3255 1 0.000000
3256 0 6.996503
3257 0 12.724808
3258 1 0.000000
3259 0 9.055682
3260 0 14.091681
3261 1 0.000000
3262 0 9.417808
3263 0 6.551647
3264 1 0.000000
3265 0 11.163446
3266 1 0.000000
3267 0 8.785186
3268 0 10.651389
3269 1 0.000000
3270 0 8.506800
3271 0 9.681494
3272 1 0.000000
3273 0 4.490651
3274 0 5.642985
3275 1 0.000000
3276 0 6.845215
3277 1 0.000000
3278 0 10.233898
3279 0 7.454956
3280 1 0.000000
3281 0 4.318531
3282 0 5.440189
3283 1 0.000000
3284 0 5.176785
3285 0 10.514591
3286 1 0.000000
3287 0 11.910158
3288 1 0.000000
3289 0 14.140323
3290 0 11.208777
3291 1 0.000000
3292 0 10.342135
3293 0 11.084172
3294 1 0.000000
3295 0 11.198436
3296 1 0.000000
3297 0 9.351075
3298 0 8.214708
3299 1 0.000000
3300 0 8.859624
3301 0 10.329806
3302 1 0.000000
3303 0 13.421422
3304 0 11.726124
3305 1 0.000000
3306 0 12.750027
3307 1 0.000000
3308 0 12.039667
3309 0 12.333700
3310 1 0.000000
3311 0 10.020940
3312 0 13.296429
3313 1 0.000000
3314 0 9.597433
3315 0 6.255195
3316 1 0.000000
3317 0 8.551423
3318 1 0.000000
3319 0 10.472662
3320 0 13.033038
3321 1 0.000000
3322 0 14.228327
3323 0 12.666323
3324 1 0.000000
3325 0 13.120194
3326 0 13.355516
3327 1 0.000000
3328 0 13.913130
3329 1 0.000000
3330 0 13.449708
3331 0 14.125214
3332 1 0.000000
3333 0 14.425878
3334 0 14.131169
3335 1 0.000000
3336 0 14.320229
3337 0 14.508080
3338 1 0.000000
3339 0 14.902258
3340 1 0.000000
3341 0 14.315967
3342 0 15.229323
3343 1 0.000000
3344 0 15.145836
3345 0 13.984355
3346 1 0.000000
3347 0 14.132064
3348 0 13.689582
3349 1 0.000000
3350 0 13.330738
3351 1 0.000000
3352 0 11.573301
3353 0 14.157739
3354 1 0.000000
3355 0 10.292373
3356 0 6.851407
3357 1 0.000000
3358 0 8.808716
3359 1 0.000000
3360 0 8.963292
3361 0 4.791413
3362 1 0.000000
3363 0 10.661583
3364 0 7.492165
3365 1 0.000000
3366 0 7.472089
3367 0 9.603648
3368 1 0.000000
3369 0 11.008048
3370 1 0.000000
3371 0 10.816371
3372 0 13.887719
3373 1 0.000000
3374 0 9.641633
3375 0 11.928796
3376 1 0.000000
3377 0 9.759556
3378 0 13.063468
3379 1 0.000000
3380 0 13.093429
3381 1 0.000000
3382 0 13.896832
3383 0 12.847750
3384 1 0.000000
3385 0 13.222647
3386 0 13.525989
3387 1 0.000000
3388 0 11.480855
3389 0 10.087368
3390 1 0.000000
3391 0 14.209996
3392 1 0.000000
3393 0 12.134503
3394 0 11.443640
3395 1 0.000000
3396 0 13.299088
3397 0 10.020782
3398 1 0.000000
3399 0 12.257878
3400 1 0.000000
3401 0 12.168106
3402 0 14.049388
3403 1 0.000000
3404 0 13.189640
3405 0 12.646141
3406 0 9.785999
3407 1 0.000000
3408 0 13.740854
3409 1 0.000000
3410 0 12.874099
3411 0 12.347588
3412 1 0.000000
3413 0 13.596712
3414 0 13.316108
3415 1 0.000000
3416 0 14.450722
3417 1 0.000000
3418 0 11.209139
3419 0 11.726093
3420 1 0.000000
3421 0 14.930927
3422 0 28.627825
3423 1 0.000000
3424 0 9.656347
3425 0 4.749802
3426 1 0.000000
3427 0 10.466808
3428 1 0.000000
3429 0 5.293272
3430 0 4.157970
3431 1 0.000000
3432 0 4.215466
3433 0 6.410104
3434 1 0.000000
3435 0 3.332906
3436 1 0.000000
3437 0 3.211492
3438 0 2.923348
3439 1 0.000000
3440 0 4.671604
3441 0 7.364082
3442 1 0.000000
3443 0 4.189859
3444 0 5.221001
3445 1 0.000000
3446 0 7.462317
3447 1 0.000000
3448 0 8.349563
3449 0 7.307939
3450 1 0.000000
3451 0 6.356872
3452 0 7.202940
3453 1 0.000000
3454 0 6.816642
3455 0 6.518035
3456 1 0.000000
3457 0 5.487755
3458 1 0.000000
3459 0 6.696149
3460 0 4.215469
3461 1 0.000000
3462 0 3.485657
3463 0 7.144353
3464 1 0.000000
3465 0 3.622902
3466 1 0.000000
3467 0 5.936999
3468 0 8.930932
3469 1 0.000000
3470 0 7.368994
3471 0 9.567023
3472 1 0.000000
3473 0 11.354526
3474 0 9.388038
3475 1 0.000000
3476 0 8.002089
3477 1 0.000000
3478 0 5.081590
3479 0 4.757817
3480 1 0.000000
3481 0 3.411452
3482 0 5.079732
3483 1 0.000000
3484 0 7.242996
3485 1 0.000000
3486 0 4.470069
3487 0 3.127138
3488 1 0.000000
3489 0 5.301895
3490 0 6.135040
3491 1 0.000000
3492 0 4.562191
3493 0 4.707499
3494 1 0.000000
3495 0 5.929532
3496 1 0.000000
3497 0 7.860430
3498 0 8.595884
3499 1 0.000000
3500 0 9.563969
3501 0 8.169410
3502 1 0.000000
3503 0 4.436621
3504 0 8.408044
3505 1 0.000000
3506 0 8.347451
3507 1 0.000000
3508 0 4.802075
3509 0 4.038824
3510 1 0.000000
3511 0 4.211899
3512 0 5.651404
3513 1 0.000000
3514 0 7.858625
3515 1 0.000000
3516 0 8.470475
3517 0 9.186244
3518 1 0.000000
3519 0 7.929674
3520 0 7.225920
3521 1 0.000000
3522 0 4.987291
3523 0 10.293084
3524 1 0.000000
3525 0 9.194524
3526 0 7.193127
3527 1 0.000000
3528 0 8.504605
3529 1 0.000000
3530 0 7.405801
3531 0 7.474718
3532 1 0.000000
3533 0 9.715296
3534 0 10.728603
3535 1 0.000000
3536 0 11.524270
3537 1 0.000000
3538 0 10.470567
3539 0 10.139315
3540 1 0.000000
3541 0 7.951091
3542 0 9.277316
3543 1 0.000000
3544 0 12.443865
3545 0 10.767062
3546 1 0.000000
3547 0 4.996816
3548 1 0.000000
3549 0 8.350660
3550 0 6.728709
3551 1 0.000000
3552 0 6.627955
3553 0 6.743101
3554 1 0.000000
3555 0 7.751751
3556 1 0.000000
3557 0 4.629090
3558 0 8.534135
3559 1 0.000000
3560 0 6.586435
3561 0 4.216216
3562 1 0.000000
3563 0 7.234194
3564 0 7.312586
3565 1 0.000000
3566 0 5.790243
3567 1 0.000000
3568 0 4.117248
3569 0 5.994609
3570 1 0.000000
3571 0 9.257443
3572 0 6.208327
3573 1 0.000000
3574 0 8.889900
3575 0 6.758668
3576 1 0.000000
3577 0 6.042888
3578 1 0.000000
3579 0 6.778587
3580 0 8.433476
3581 1 0.000000
3582 0 7.221493
3583 0 5.368722
3584 1 0.000000
3585 0 6.385077
3586 0 5.740263
3587 1 0.000000
3588 0 7.011854
3589 1 0.000000
3590 0 6.730132
3591 0 9.924919
3592 1 0.000000
3593 0 5.543956
3594 0 6.991134
3595 1 0.000000
3596 0 5.803162
3597 1 0.000000
3598 0 6.628135
3599 0 4.214734
3600 1 0.000000
3601 0 6.194566
3602 0 4.824785
3603 1 0.000000
3604 0 9.712105
3605 0 7.291593
3606 1 0.000000
3607 0 36.018291
3608 0 6.025855
3609 1 0.000000
3610 0 4.208575
3611 1 0.000000
3612 0 2.840272
3613 0 2.978622
3614 1 0.000000
3615 0 2.273300
3616 0 2.054736
3617 1 0.000000
3618 0 2.693865
3619 1 0.000000
3620 0 1.884113
3621 0 2.062025
3622 1 0.000000
3623 0 2.835388
3624 0 1.960078
3625 1 0.000000
3626 0 2.138959
3627 0 2.323816
3628 1 0.000000
3629 0 2.980645
3630 0 2.072970
3631 1 0.000000
3632 0 1.831131
3633 1 0.000000
3634 0 2.477887
3635 0 2.005194
3636 1 0.000000
3637 0 2.026539
3638 0 2.554857
3639 1 0.000000
3640 0 2.182627
3641 1 0.000000
3642 0 2.165368
3643 0 2.033097
3644 0 2.581725
3645 1 0.000000
3646 0 1.839894
3647 1 0.000000
3648 0 1.843415
3649 0 2.590107
3650 1 0.000000
3651 0 2.216864
3652 0 2.199782
3653 1 0.000000
3654 0 2.838575
3655 1 0.000000
3656 0 2.456272
3657 0 1.831507
3658 1 0.000000
3659 0 2.552652
3660 0 2.474557
3661 1 0.000000
3662 0 2.006336
3663 0 2.046392
3664 1 0.000000
3665 0 2.982010
3666 1 0.000000
3667 0 2.096698
3668 0 1.938134
3669 1 0.000000
3670 0 2.547012
3671 0 1.965359
3672 1 0.000000
3673 0 2.051726
3674 1 0.000000
3675 0 2.558730
3676 0 2.060401
3677 1 0.000000
3678 0 2.096360
3679 0 1.924821
3680 1 0.000000
3681 0 2.435663
3682 0 2.069015
3683 1 0.000000
3684 0 2.453744
3685 1 0.000000
3686 0 2.809604
3687 0 2.089376
3688 1 0.000000
3689 0 1.973887
3690 0 2.807377
3691 1 0.000000
3692 0 2.539624
3693 0 2.444440
3694 1 0.000000
3695 0 2.760061
3696 1 0.000000
3697 0 2.330281
3698 0 1.999730
3699 1 0.000000
3700 0 2.400131
3701 0 2.662379
3702 1 0.000000
3703 0 1.994238
3704 1 0.000000
3705 0 2.083532
3706 0 3.201939
3707 1 0.000000
3708 0 1.878783
3709 0 1.861911
3710 1 0.000000
3711 0 2.047055
3712 0 2.426998
3713 1 0.000000
3714 0 2.436361
3715 1 0.000000
3716 0 2.627392
3717 0 2.276084
3718 1 0.000000
3719 0 1.964326
3720 0 1.889227
3721 1 0.000000
3722 0 2.179977
3723 1 0.000000
3724 0 2.264292
3725 0 2.395114
3726 1 0.000000
3727 0 3.608353
3728 0 1.902721
3729 1 0.000000
3730 0 2.147993
3731 0 1.855806
3732 1 0.000000
3733 0 2.668092
3734 1 0.000000
3735 0 1.859780
3736 0 2.533546
3737 1 0.000000
3738 0 2.150643
3739 0 1.786804
3740 1 0.000000
3741 0 2.045601
3742 0 1.982034
3743 1 0.000000
3744 0 2.462488
3745 1 0.000000
3746 0 1.829330
3747 0 2.331283
3748 1 0.000000
3749 0 1.824830
3750 0 1.803704
3751 1 0.000000
3752 0 2.060016
3753 1 0.000000
3754 0 2.058424
3755 0 1.733108
3756 1 0.000000
3757 0 2.142387
3758 0 2.099208
3759 1 0.000000
3760 0 2.079653
3761 0 1.707451
3762 1 0.000000
3763 0 2.360588
3764 1 0.000000
3765 0 1.699463
3766 0 1.955639
3767 1 0.000000
3768 0 2.174515
3769 0 1.836131
3770 1 0.000000
3771 0 1.759242
3772 1 0.000000
3773 0 1.972685
3774 0 2.138292
3775 1 0.000000
3776 0 1.751675
3777 0 2.188984
3778 1 0.000000
3779 0 2.161537
3780 0 1.618293
3781 1 0.000000
3782 0 1.697787
3783 1 0.000000
3784 0 2.788931
3785 0 1.980301
3786 1 0.000000
3787 0 2.099132
3788 0 2.179447
3789 1 0.000000
3790 0 1.936450
3791 0 2.047374
3792 1 0.000000
3793 0 1.895427
3794 1 0.000000
3795 0 2.084402
3796 0 1.768828
3797 1 0.000000
3798 0 1.733118
3799 0 2.627086
3800 1 0.000000
3801 0 1.968746
3802 0 2.107726
3803 1 0.000000
3804 0 2.122283
3805 1 0.000000
3806 0 1.828748
3807 0 1.755075
3808 1 0.000000
3809 0 2.584129
3810 0 2.049133
3811 1 0.000000
3812 0 1.728299
3813 1 0.000000
3814 0 1.629614
3815 0 2.081374
3816 1 0.000000
3817 0 1.764522
3818 0 1.600427
3819 1 0.000000
3820 0 2.099085
3821 0 1.541237
3822 1 0.000000
3823 0 1.621876
3824 1 0.000000
3825 0 2.093724
3826 0 1.682847
3827 1 0.000000
3828 0 1.645678
3829 0 1.807278
3830 1 0.000000
3831 0 2.232128
3832 0 1.898600
3833 1 0.000000
3834 0 1.913781
3835 1 0.000000
3836 0 2.237706
3837 0 1.664284
3838 1 0.000000
3839 0 1.750511
3840 0 2.192233
3841 1 0.000000
3842 0 2.052765
3843 0 1.816332
3844 1 0.000000
3845 0 1.994441
3846 1 0.000000
3847 0 2.249228
3848 0 1.858074
3849 1 0.000000
3850 0 1.942159
3851 0 2.155271
3852 1 0.000000
3853 0 1.682666
3854 0 1.709019
3855 1 0.000000
3856 0 2.242327
3857 1 0.000000
3858 0 1.773850
3859 0 1.822875
3860 1 0.000000
3861 0 2.202364
3862 0 1.811565
3863 1 0.000000
3864 0 1.675060
3865 0 1.817160
3866 1 0.000000
3867 0 2.308695
3868 1 0.000000
3869 0 2.083463
3870 0 1.941392
3871 1 0.000000
3872 0 2.286293
3873 0 1.727950
3874 1 0.000000
3875 0 1.827227
3876 0 2.077484
3877 1 0.000000
3878 0 2.093874
3879 1 0.000000
3880 0 2.251231
3881 0 2.480408
3882 1 0.000000
3883 0 2.060206
3884 0 1.821849
3885 1 0.000000
3886 0 1.904088
3887 1 0.000000
3888 0 2.474954
3889 0 2.130975
3890 1 0.000000
3891 0 2.101194
3892 0 2.635675
3893 1 0.000000
3894 0 2.110216
3895 0 2.186579
3896 1 0.000000
3897 0 2.404012
3898 1 0.000000
3899 0 2.154712
3900 0 2.026024
3901 1 0.000000
3902 0 2.221838
3903 0 2.246220
3904 1 0.000000
3905 0 1.763105
3906 0 1.776464
3907 1 0.000000
3908 0 2.288084
3909 1 0.000000
3910 0 2.137267
3911 0 7.191388
3912 1 0.000000
3913 0 3.299988
3914 0 2.325057
3915 1 0.000000
3916 0 2.651582
3917 0 2.623596
3918 1 0.000000
3919 0 2.702711
3920 1 0.000000
3921 0 2.587916
3922 0 2.757161
3923 1 0.000000
3924 0 2.811689
3925 0 2.121515
3926 1 0.000000
3927 0 1.892382
3928 1 0.000000
3929 0 2.389332
3930 0 2.160552
3931 1 0.000000
3932 0 2.211375
3933 0 2.609832
3934 1 0.000000
3935 0 2.295066
3936 0 2.140455
3937 1 0.000000
3938 0 2.142011
3939 1 0.000000
3940 0 2.642482
3941 0 2.491461
3942 1 0.000000
3943 0 2.246981
3944 0 2.637931
3945 1 0.000000
3946 0 2.308992
3947 0 2.668265
3948 1 0.000000
3949 0 3.066561
3950 1 0.000000
3951 0 2.534874
3952 0 2.797418
3953 1 0.000000
3954 0 3.132176
3955 0 2.616083
3956 1 0.000000
3957 0 2.126039
3958 0 2.048796
3959 1 0.000000
3960 0 3.400025
3961 1 0.000000
3962 0 3.288974
3963 0 2.492724
3964 1 0.000000
3965 0 3.026257
3966 0 2.422441
3967 1 0.000000
3968 0 2.964199
3969 0 3.192232
3970 1 0.000000
3971 0 3.569097
3972 1 0.000000
3973 0 3.789630
3974 0 4.169544
3975 1 0.000000
3976 0 4.357157
3977 0 3.994683
3978 1 0.000000
3979 0 4.117291
3980 1 0.000000
3981 0 4.456195
3982 0 4.483119
3983 1 0.000000
3984 0 5.617734
3985 0 4.887847
3986 1 0.000000
3987 0 4.643260
3988 0 4.612799
3989 1 0.000000
3990 0 5.143881
3991 1 0.000000
3992 0 5.465245
3993 0 5.459999
3994 1 0.000000
3995 0 5.388476
3996 0 5.719537
3997 1 0.000000
3998 0 5.202395
3999 0 4.726844
4000 1 0.000000
4001 0 5.018266
4002 1 0.000000
4003 0 4.617244
4004 0 3.893863
4005 1 0.000000
4006 0 5.005647
4007 0 4.031187
4008 1 0.000000
4009 0 3.985979
4010 0 3.796444
4011 1 0.000000
4012 0 4.436847
4013 1 0.000000
4014 0 5.244866
4015 0 3.215593
4016 1 0.000000
4017 0 3.876602
4018 0 3.561745
4019 1 0.000000
4020 0 3.863833
4021 0 4.720343
4022 1 0.000000
4023 0 5.270385
4024 1 0.000000
4025 0 4.055632
4026 0 4.182327
4027 1 0.000000
4028 0 4.136826
4029 0 4.126282
4030 1 0.000000
4031 0 3.805261
4032 1 0.000000
4033 0 4.915092
4034 0 4.268899
4035 1 0.000000
4036 0 3.927241
4037 0 3.979532
4038 1 0.000000
4039 0 2.992728
4040 0 3.519916
4041 1 0.000000
4042 0 3.540937
4043 1 0.000000
4044 0 2.520289
4045 0 3.050906
4046 1 0.000000
4047 0 3.515107
4048 0 4.320465
4049 1 0.000000
4050 0 3.560456
4051 1 0.000000
4052 0 3.662496
4053 0 5.458369
4054 1 0.000000
4055 0 4.443350
4056 0 3.624961
4057 1 0.000000
4058 0 3.670582
4059 0 3.204571
4060 1 0.000000
4061 0 4.570011
4062 1 0.000000
4063 0 5.027594
4064 0 6.165427
4065 1 0.000000
4066 0 6.053981
4067 0 5.711231
4068 1 0.000000
4069 0 5.176132
4070 0 3.432411
4071 1 0.000000
4072 0 3.185031
4073 1 0.000000
4074 0 4.227690
4075 0 4.680815
4076 1 0.000000
4077 0 4.761405
4078 0 4.142861
4079 1 0.000000
4080 0 3.510614
4081 0 3.129130
4082 1 0.000000
4083 0 4.126368
4084 1 0.000000
4085 0 5.008911
4086 0 3.902379
4087 1 0.000000
4088 0 4.009962
4089 0 5.977449
4090 1 0.000000
4091 0 5.535729
4092 1 0.000000
4093 0 3.866487
4094 0 4.651883
4095 1 0.000000
4096 0 4.600640
4097 0 5.064546
4098 1 0.000000
4099 0 4.604428
4100 0 4.405685
4101 1 0.000000
4102 0 4.357649
4103 1 0.000000
4104 0 4.090219
4105 0 5.134930
4106 1 0.000000
4107 0 4.856949
4108 0 4.617428
4109 1 0.000000
4110 0 20.816132
4111 0 5.671261
4112 1 0.000000
4113 0 4.607689
4114 1 0.000000
4115 0 4.489230
4116 0 2.369717
4117 1 0.000000
4118 0 4.290328
4119 0 4.253962
4120 1 0.000000
4121 0 2.246951
4122 0 2.638267
4123 1 0.000000
4124 0 4.380442
4125 1 0.000000
4126 0 4.904752
4127 0 5.758277
4128 1 0.000000
4129 0 6.463425
4130 0 4.483642
4131 1 0.000000
4132 0 6.306367
4133 0 5.788097
4134 1 0.000000
4135 0 6.766846
4136 1 0.000000
4137 0 7.572023
4138 0 5.713922
4139 1 0.000000
4140 0 7.133070
4141 0 7.701751
4142 1 0.000000
4143 0 9.363229
4144 0 10.069677
4145 1 0.000000
4146 0 10.290056
4147 1 0.000000
4148 0 11.115882
4149 0 8.799909
4150 1 0.000000
4151 0 8.151367
4152 0 6.289143
4153 1 0.000000
4154 0 6.227445
4155 0 3.293451
4156 1 0.000000
4157 0 4.296242
4158 1 0.000000
4159 0 3.561526
4160 0 4.268033
4161 1 0.000000
4162 0 5.294202
4163 0 5.359259
4164 1 0.000000
4165 0 2.466195
4166 1 0.000000
4167 0 3.777406
4168 0 3.321536
4169 1 0.000000
4170 0 2.830197
4171 0 3.722642
4172 1 0.000000
4173 0 4.459164
4174 0 4.680149
4175 1 0.000000
4176 0 4.157788
4177 1 0.000000
4178 0 3.120670
4179 0 3.199698
4180 1 0.000000
4181 0 3.083647
4182 0 3.634747
4183 1 0.000000
4184 0 3.703875
4185 0 3.575446
4186 1 0.000000
4187 0 4.632895
4188 1 0.000000
4189 0 6.756738
4190 0 6.350661
4191 1 0.000000
4192 0 8.282422
4193 0 8.999004
4194 1 0.000000
4195 0 8.699249
4196 0 9.267040
4197 1 0.000000
4198 0 8.673037
4199 1 0.000000
4200 0 5.854377
4201 0 7.602758
4202 1 0.000000
4203 0 8.985467
4204 0 10.201023
4205 1 0.000000
4206 0 10.516630
4207 1 0.000000
4208 0 8.531366
4209 0 10.105911
4210 1 0.000000
4211 0 10.770095
4212 0 11.013560
4213 1 0.000000
4214 0 10.447035
4215 0 8.864194
4216 1 0.000000
4217 0 6.705927
4218 1 0.000000
4219 0 8.653810
4220 0 9.048556
4221 1 0.000000
4222 0 9.627118
4223 0 9.885955
4224 1 0.000000
4225 0 9.272432
4226 0 9.808585
4227 1 0.000000
4228 0 10.149716
4229 1 0.000000
4230 0 9.558352
4231 0 10.433512
4232 1 0.000000
4233 0 9.283641
4234 0 10.340084
4235 1 0.000000
4236 0 9.676458
4237 0 9.413994
4238 1 0.000000
4239 0 10.367692
4240 1 0.000000
4241 0 10.938202
4242 0 11.377961
4243 1 0.000000
4244 0 9.766460
4245 0 8.063825
4246 1 0.000000
4247 0 8.639998
4248 0 4.493871
4249 1 0.000000
4250 0 4.733714
4251 1 0.000000
4252 0 5.530164
4253 0 5.131107
4254 1 0.000000
4255 0 6.786180
4256 0 6.968824
4257 1 0.000000
4258 0 6.765685
4259 0 5.428895
4260 1 0.000000
4261 0 6.946386
4262 1 0.000000
4263 0 7.889466
4264 0 4.577661
4265 1 0.000000
4266 0 6.449506
4267 0 7.996980
4268 1 0.000000
4269 0 5.461870
4270 1 0.000000
4271 0 11.575105
4272 0 6.596298
4273 1 0.000000
4274 0 7.201798
4275 0 8.431128
4276 1 0.000000
4277 0 8.972569
4278 0 9.362278
4279 1 0.000000
4280 0 11.314647
4281 1 0.000000
4282 0 11.835108
4283 0 10.108246
4284 1 0.000000
4285 0 9.358986
4286 0 11.167868
4287 1 0.000000
4288 0 9.791380
4289 0 10.685690
4290 1 0.000000
4291 0 11.736855
4292 1 0.000000
4293 0 10.710470
4294 0 11.221690
4295 1 0.000000
4296 0 12.521781
4297 0 11.591707
4298 1 0.000000
4299 0 10.150036
4300 0 10.649414
4301 1 0.000000
4302 0 10.334574
4303 1 0.000000
4304 0 11.480584
4305 0 11.112643
4306 1 0.000000
4307 0 10.734948
4308 0 6.451873
4309 1 0.000000
4310 0 6.300709
4311 0 6.621682
4312 1 0.000000
4313 0 7.299133
4314 1 0.000000
4315 0 5.947428
4316 0 7.019262
4317 1 0.000000
4318 0 4.870471
4319 0 9.025336
4320 1 0.000000
4321 0 7.762704
4322 1 0.000000
4323 0 10.159478
4324 0 9.673588
4325 1 0.000000
4326 0 8.780239
4327 0 9.155759
4328 1 0.000000
4329 0 9.350002
4330 0 10.202293
4331 1 0.000000
4332 0 7.186167
4333 1 0.000000
4334 0 8.257747
4335 0 4.879385
4336 1 0.000000
4337 0 7.254611
4338 0 7.954114
4339 1 0.000000
4340 0 9.413420
4341 0 8.461086
4342 1 0.000000
4343 0 11.450521
4344 1 0.000000
4345 0 11.098354
4346 0 11.494339
4347 1 0.000000
4348 0 11.561722
4349 0 10.350987
4350 1 0.000000
4351 0 11.797205
4352 0 10.625140
4353 1 0.000000
4354 0 11.485163
4355 1 0.000000
4356 0 11.403847
4357 0 12.245391
4358 1 0.000000
4359 0 11.377813
4360 0 9.804989
4361 1 0.000000
4362 0 9.172850
4363 1 0.000000
4364 0 7.220505
4365 0 7.422342
4366 1 0.000000
4367 0 6.671256
4368 0 9.542766
4369 1 0.000000
4370 0 10.240705
4371 0 11.003789
4372 1 0.000000
4373 0 11.717213
4374 1 0.000000
4375 0 12.240414
4376 0 32.001373
4377 1 0.000000
4378 0 3.443041
4379 0 3.650001
4380 1 0.000000
4381 0 2.949301
4382 0 3.911610
4383 1 0.000000
4384 0 3.217286
4385 1 0.000000
4386 0 2.281083
4387 0 3.764917
4388 1 0.000000
4389 0 2.707614
4390 0 4.106937
4391 1 0.000000
4392 0 2.036085
4393 1 0.000000
4394 0 1.892293
4395 0 1.975412
4396 1 0.000000
4397 0 2.444076
4398 0 2.158902
4399 1 0.000000
4400 0 2.795615
4401 0 2.750376
4402 1 0.000000
4403 0 2.565140
4404 1 0.000000
4405 0 1.824807
4406 0 2.085375
4407 1 0.000000
4408 0 2.265181
4409 0 2.375933
4410 1 0.000000
4411 0 2.301290
4412 0 1.754394
4413 1 0.000000
4414 0 2.047542
4415 1 0.000000
4416 0 1.717393
4417 0 1.757398
4418 1 0.000000
4419 0 1.692767
4420 0 2.321850
4421 1 0.000000
4422 0 2.242716
4423 0 1.627059
4424 1 0.000000
4425 0 1.926700
4426 1 0.000000
4427 0 2.029807
4428 0 1.581267
4429 1 0.000000
4430 0 2.025076
4431 0 2.244907
4432 1 0.000000
4433 0 1.899889
4434 0 1.782366
4435 1 0.000000
4436 0 2.081355
4437 1 0.000000
4438 0 1.546188
4439 0 2.043031
4440 1 0.000000
4441 0 2.298896
4442 0 2.062436
4443 1 0.000000
4444 0 2.028861
4445 1 0.000000
4446 0 2.278142
4447 0 1.876112
4448 1 0.000000
4449 0 1.645724
4450 0 1.992966
4451 1 0.000000
4452 0 2.280528
4453 0 1.844605
4454 1 0.000000
4455 0 2.195588
4456 1 0.000000
4457 0 2.089544
4458 0 2.126015
4459 1 0.000000
4460 0 1.602423
4461 0 1.722702
4462 1 0.000000
4463 0 2.485428
4464 0 1.928363
4465 1 0.000000
4466 0 1.887265
4467 1 0.000000
4468 0 1.996907
4469 0 1.646032
4470 1 0.000000
4471 0 1.634305
4472 0 2.233367
4473 1 0.000000
4474 0 2.095231
4475 0 2.024054
4476 1 0.000000
4477 0 2.284009
4478 1 0.000000
4479 0 1.916301
4480 0 1.572736
4481 1 0.000000
4482 0 2.432273
4483 0 2.050536
4484 1 0.000000
4485 0 1.957519
4486 1 0.000000
4487 0 2.159357
4488 0 2.654152
4489 1 0.000000
4490 0 2.460302
4491 0 1.647605
4492 1 0.000000
4493 0 1.934339
4494 0 1.665012
4495 1 0.000000
4496 0 1.628253
4497 1 0.000000
4498 0 1.668712
4499 0 2.178427
4500 1 0.000000
4501 0 1.595554
4502 0 1.635078
4503 1 0.000000
4504 0 1.983278
4505 0 1.766903
4506 1 0.000000
4507 0 1.641986
4508 1 0.000000
4509 0 2.100473
4510 0 1.950150
4511 1 0.000000
4512 0 1.951400
4513 0 2.072352
4514 1 0.000000
4515 0 2.229781
4516 0 1.952745
4517 1 0.000000
4518 0 2.018814
4519 1 0.000000
4520 0 2.310818
4521 0 1.995997
4522 1 0.000000
4523 0 2.050825
4524 0 2.512589
4525 1 0.000000
4526 0 2.613960
4527 0 2.859645
4528 1 0.000000
4529 0 2.976538
4530 1 0.000000
4531 0 3.193711
4532 0 2.692469
4533 1 0.000000
4534 0 1.941858
4535 0 2.326932
4536 1 0.000000
4537 0 1.859715
4538 0 2.348625
4539 1 0.000000
4540 0 2.774394
4541 1 0.000000
4542 0 2.432776
4543 0 1.879550
4544 1 0.000000
4545 0 2.286876
4546 0 2.282913
4547 1 0.000000
4548 0 2.373233
4549 1 0.000000
4550 0 2.694293
4551 0 2.714578
4552 1 0.000000
4553 0 2.706766
4554 0 2.532710
4555 1 0.000000
4556 0 3.156896
4557 0 2.676486
4558 1 0.000000
4559 0 2.644590
4560 1 0.000000
4561 0 2.620663
4562 0 2.200584
4563 1 0.000000
4564 0 2.604722
4565 0 3.114879
4566 1 0.000000
4567 0 3.252887
4568 0 3.130993
4569 1 0.000000
4570 0 3.223377
4571 1 0.000000
4572 0 2.969341
4573 0 2.824708
4574 1 0.000000
4575 0 1.982389
4576 0 2.143418
4577 1 0.000000
4578 0 2.446381
4579 0 2.677130
4580 1 0.000000
4581 0 3.531697
4582 1 0.000000
4583 0 3.044717
4584 0 2.642801
4585 1 0.000000
4586 0 2.215507
4587 0 2.487035
4588 1 0.000000
4589 0 2.245533
4590 0 2.590039
4591 1 0.000000
4592 0 2.940323
4593 1 0.000000
4594 0 2.237994
4595 0 2.312580
4596 1 0.000000
4597 0 2.566628
4598 0 1.809784
4599 1 0.000000
4600 0 1.991305
4601 1 0.000000
4602 0 2.906738
4603 0 2.632474
4604 1 0.000000
4605 0 2.748535
4606 0 2.101096
4607 1 0.000000
4608 0 2.168929
4609 0 2.214024
4610 1 0.000000
4611 0 1.824665
4612 1 0.000000
4613 0 2.748726
4614 0 2.620370
4615 1 0.000000
4616 0 2.221357
4617 0 2.772997
4618 1 0.000000
4619 0 1.719478
4620 0 2.463899
4621 1 0.000000
4622 0 3.345894
4623 1 0.000000
4624 0 2.524665
4625 0 2.152996
4626 1 0.000000
4627 0 1.884819
4628 0 2.361819
4629 1 0.000000
4630 0 1.985765
4631 0 2.088939
4632 1 0.000000
4633 0 2.265582
4634 1 0.000000
4635 0 2.299823
4636 0 1.943078
4637 1 0.000000
4638 0 2.027535
4639 0 2.465838
4640 1 0.000000
4641 0 2.246986
4642 1 0.000000
4643 0 1.795223
4644 0 2.382279
4645 1 0.000000
4646 0 2.840253
4647 0 2.592760
4648 1 0.000000
4649 0 2.294858
4650 0 2.631800
4651 1 0.000000
4652 0 3.499712
4653 0 3.667658
4654 1 0.000000
4655 0 3.642862
4656 1 0.000000
4657 0 3.563006
4658 0 3.104286
4659 1 0.000000
4660 0 3.149080
4661 0 2.290166
4662 1 0.000000
4663 0 2.496678
4664 1 0.000000
4665 0 3.115854
4666 0 2.916306
4667 1 0.000000
4668 0 3.514306
4669 0 2.957305
4670 1 0.000000
4671 0 2.846130
4672 0 1.792067
4673 1 0.000000
4674 0 1.729223
4675 1 0.000000
4676 0 2.401922
4677 0 2.327029
4678 1 0.000000
4679 0 2.066915
4680 0 2.929582
4681 1 0.000000
4682 0 2.331501
4683 1 0.000000
4684 0 1.886621
4685 0 2.175857
4686 1 0.000000
4687 0 2.576364
4688 0 1.957500
4689 1 0.000000
4690 0 2.047102
4691 0 1.594348
4692 1 0.000000
4693 0 2.409257
4694 0 2.446859
4695 1 0.000000
4696 0 2.075096
4697 1 0.000000
4698 0 2.373051
4699 0 1.881275
4700 1 0.000000
4701 0 2.358080
4702 0 1.590043
4703 1 0.000000
4704 0 1.749010
4705 1 0.000000
4706 0 2.457531
4707 0 2.237065
4708 1 0.000000
4709 0 1.792045
4710 0 3.133450
4711 1 0.000000
4712 0 1.996050
4713 0 2.120657
4714 1 0.000000
4715 0 1.992270
4716 1 0.000000
4717 0 1.971423
4718 0 1.714392
4719 1 0.000000
4720 0 1.612326
4721 0 2.293314
4722 1 0.000000
4723 0 2.447528
4724 0 1.681400
4725 1 0.000000
4726 0 1.917537
4727 1 0.000000
4728 0 1.839832
4729 0 1.727875
4730 1 0.000000
4731 0 2.116851
4732 0 11.585199
4733 1 0.000000
4734 0 2.703918
4735 0 2.334695
4736 1 0.000000
4737 0 2.292887
4738 1 0.000000
4739 0 2.333401
4740 0 2.079651
4741 1 0.000000
4742 0 2.118283
4743 0 2.590216
4744 1 0.000000
4745 0 2.591436
4746 1 0.000000
4747 0 3.062461
4748 0 2.218831
4749 1 0.000000
4750 0 2.135362
4751 0 2.578535
4752 1 0.000000
4753 0 2.709906
4754 0 2.472238
4755 1 0.000000
4756 0 2.339177
4757 1 0.000000
4758 0 2.098973
4759 0 2.597484
4760 1 0.000000
4761 0 1.792018
4762 0 1.826117
4763 1 0.000000
4764 0 1.948707
4765 0 2.174521
4766 1 0.000000
4767 0 1.878505
4768 1 0.000000
4769 0 1.961932
4770 0 1.757567
4771 1 0.000000
4772 0 2.809043
4773 0 1.761595
4774 1 0.000000
4775 0 2.024120
4776 1 0.000000
4777 0 1.678700
4778 0 2.135654
4779 1 0.000000
4780 0 8.962533
4781 0 2.565077
4782 1 0.000000
4783 0 2.703056
4784 0 3.208389
4785 1 0.000000
4786 0 2.593819
4787 0 2.354136
4788 1 0.000000
4789 0 2.604314
4790 1 0.000000
4791 0 2.175034
4792 0 2.247360
4793 1 0.000000
4794 0 2.057320
4795 0 2.246428
4796 1 0.000000
4797 0 2.420932
4798 1 0.000000
4799 0 2.588880
4800 0 2.559603
4801 1 0.000000
4802 0 2.257821
4803 0 2.493293
4804 1 0.000000
4805 0 2.314740
4806 0 2.149606
4807 1 0.000000
4808 0 2.290913
4809 1 0.000000
4810 0 2.144385
4811 0 2.862768
4812 1 0.000000
4813 0 2.231613
4814 0 2.480552
4815 1 0.000000
4816 0 2.106933
4817 0 2.629153
4818 1 0.000000
4819 0 2.485691
4820 1 0.000000
4821 0 2.836722
4822 0 2.699802
4823 1 0.000000
4824 0 2.575181
4825 0 2.352609
4826 1 0.000000
4827 0 2.173092
4828 0 2.148663
4829 1 0.000000
4830 0 2.618974
4831 1 0.000000
4832 0 2.307776
4833 0 2.154297
4834 1 0.000000
4835 0 2.170152
4836 0 2.193500
4837 1 0.000000
4838 0 1.868362
4839 0 2.750702
4840 1 0.000000
4841 0 2.520340
4842 1 0.000000
4843 0 1.881708
4844 0 2.433151
4845 1 0.000000
4846 0 2.357529
4847 0 1.514131
4848 1 0.000000
4849 0 1.562715
4850 1 0.000000
4851 0 2.123799
4852 0 2.242811
4853 1 0.000000
4854 0 2.074160
4855 0 2.313785
4856 1 0.000000
4857 0 2.868571
4858 0 1.883230
4859 1 0.000000
4860 0 2.074732
4861 1 0.000000
4862 0 1.961091
4863 0 2.370358
4864 1 0.000000
4865 0 1.624821
4866 0 2.165730
4867 1 0.000000
4868 0 1.543027
4869 0 1.623684
4870 1 0.000000
4871 0 1.694388
4872 1 0.000000
4873 0 2.247862
4874 0 1.896386
4875 1 0.000000
4876 0 1.640327
4877 0 2.074214
4878 1 0.000000
4879 0 1.570729
4880 1 0.000000
4881 0 1.712899
4882 0 2.071781
4883 1 0.000000
4884 0 1.981153
4885 0 1.625927
4886 1 0.000000
4887 0 2.249594
4888 0 1.543234
4889 1 0.000000
4890 0 2.075826
4891 0 1.901343
4892 1 0.000000
4893 0 1.930801
4894 1 0.000000
4895 0 2.497567
4896 0 2.572888
4897 1 0.000000
4898 0 2.183866
4899 0 1.832591
4900 1 0.000000
4901 0 1.945703
4902 1 0.000000
4903 0 2.220011
4904 0 1.953167
4905 1 0.000000
4906 0 2.036437
4907 0 2.050734
4908 1 0.000000
4909 0 2.060811
4910 0 2.052567
4911 1 0.000000
4912 0 1.677618
4913 1 0.000000
4914 0 1.843466
4915 0 1.939875
4916 1 0.000000
4917 0 1.657308
4918 0 1.934019
4919 1 0.000000
4920 0 2.132029
4921 1 0.000000
4922 0 1.908890
4923 0 2.350449
4924 1 0.000000
4925 0 2.725480
4926 0 2.521514
4927 1 0.000000
4928 0 2.248843
4929 0 2.163219
4930 1 0.000000
4931 0 2.134264
4932 0 1.888636
4933 1 0.000000
4934 0 2.201713
4935 1 0.000000
4936 0 2.346934
4937 0 2.321841
4938 1 0.000000
4939 0 2.523119
4940 0 2.293539
4941 1 0.000000
4942 0 1.823564
4943 1 0.000000
4944 0 2.327041
4945 0 2.160430
4946 1 0.000000
4947 0 2.210276
4948 0 2.186037
4949 1 0.000000
4950 0 2.162038
4951 0 2.122270
4952 1 0.000000
4953 0 2.302873
4954 1 0.000000
4955 0 2.483397
4956 0 2.321666
4957 1 0.000000
4958 0 2.294324
4959 0 2.836732
4960 1 0.000000
4961 0 2.260290
4962 0 2.085998
4963 1 0.000000
4964 0 1.810403
4965 1 0.000000
4966 0 2.020293
4967 0 2.089731
4968 1 0.000000
4969 0 1.755227
4970 0 1.882239
4971 1 0.000000
4972 0 1.831235
4973 0 2.041084
4974 1 0.000000
4975 0 1.780226
4976 1 0.000000
4977 0 1.787376
4978 0 1.836872
4979 1 0.000000
4980 0 2.353386
4981 0 1.987516
4982 1 0.000000
4983 0 1.881481
4984 1 0.000000
4985 0 1.612319
4986 0 2.135078
4987 1 0.000000
4988 0 2.603950
4989 0 2.400085
4990 1 0.000000
4991 0 2.149261
4992 0 1.916408
4993 1 0.000000
4994 0 1.970332
4995 0 2.166056
4996 1 0.000000
4997 0 2.308138
4998 1 0.000000
4999 0 2.352012
5000 0 2.157585
5001 1 0.000000
5002 0 2.315573
5003 0 2.203776
5004 1 0.000000
5005 0 2.491678
5006 1 0.000000
5007 0 2.496855
5008 0 2.301784
5009 1 0.000000
5010 0 1.708359
5011 0 1.870484
5012 1 0.000000
5013 0 2.044372
5014 0 1.799634
5015 1 0.000000
5016 0 1.791226
5017 1 0.000000
5018 0 2.302006
5019 0 1.773248
5020 1 0.000000
5021 0 1.788537
5022 0 1.895977
5023 1 0.000000
5024 0 2.059296
5025 0 1.653656
5026 1 0.000000
5027 0 1.745335
5028 1 0.000000
5029 0 1.799817
5030 0 1.580898
5031 1 0.000000
5032 0 2.874931
5033 0 1.893479
5034 1 0.000000
5035 0 1.728300
5036 1 0.000000
5037 0 1.874131
5038 0 1.691052
5039 1 0.000000
5040 0 2.368201
5041 0 19.525171
5042 1 0.000000
5043 0 5.557049
5044 0 3.829422
5045 1 0.000000
5046 0 3.336456
5047 1 0.000000
5048 0 5.258557
5049 0 2.649197
5050 1 0.000000
5051 0 2.665829
5052 0 3.961356
5053 1 0.000000
5054 0 4.217857
5055 0 3.629732
5056 1 0.000000
5057 0 3.947679
5058 1 0.000000
5059 0 3.816520
5060 0 3.559819
5061 1 0.000000
5062 0 3.543456
5063 0 4.087277
5064 1 0.000000
5065 0 3.169676
5066 0 2.828416
5067 1 0.000000
5068 0 3.265374
5069 1 0.000000
5070 0 3.926475
5071 0 3.268212
5072 1 0.000000
5073 0 3.759739
5074 0 3.458161
5075 1 0.000000
5076 0 3.264969
5077 0 3.447456
5078 1 0.000000
5079 0 3.761434
5080 1 0.000000
5081 0 3.403195
5082 0 4.234540
5083 1 0.000000
5084 0 4.725325
5085 0 4.434892
5086 1 0.000000
5087 0 4.575036
5088 0 4.298731
5089 1 0.000000
5090 0 5.088830
5091 1 0.000000
5092 0 4.668874
5093 0 4.838503
5094 1 0.000000
5095 0 4.979439
5096 0 4.294385
5097 1 0.000000
5098 0 4.309163
5099 1 0.000000
5100 0 4.890229
5101 0 4.699604
5102 1 0.000000
5103 0 4.880492
5104 0 5.009018
5105 1 0.000000
5106 0 5.395656
5107 0 5.418748
5108 1 0.000000
5109 0 5.500115
5110 1 0.000000
5111 0 5.518381
5112 0 5.750521
5113 1 0.000000
5114 0 5.478311
5115 0 5.293924
5116 1 0.000000
5117 0 5.345676
5118 1 0.000000
5119 0 4.566344
5120 0 5.053966
5121 1 0.000000
5122 0 4.821439
5123 0 5.173945
5124 1 0.000000
5125 0 5.184342
5126 0 5.281925
5127 1 0.000000
5128 0 5.124427
5129 0 5.217493
5130 1 0.000000
5131 0 6.007873
5132 1 0.000000
5133 0 5.892159
5134 0 6.055137
5135 1 0.000000
5136 0 6.007736
5137 0 4.981912
5138 1 0.000000
5139 0 4.738144
5140 0 4.994506
5141 1 0.000000
5142 0 5.879770
5143 1 0.000000
5144 0 6.145558
5145 0 6.048184
5146 1 0.000000
5147 0 5.332210
5148 0 3.984700
5149 1 0.000000
5150 0 5.257226
5151 1 0.000000
5152 0 3.832261
5153 0 4.666156
5154 1 0.000000
5155 0 3.971373
5156 0 4.178971
5157 1 0.000000
5158 0 4.770389
5159 0 2.766931
5160 1 0.000000
5161 0 3.266425
5162 1 0.000000
5163 0 5.262860
5164 0 4.453562
5165 1 0.000000
5166 0 4.735699
5167 0 5.708730
5168 1 0.000000
5169 0 4.622721
5170 0 5.663524
5171 1 0.000000
5172 0 5.502182
5173 1 0.000000
5174 0 5.573168
5175 0 5.547434
5176 1 0.000000
5177 0 5.361008
5178 0 5.980717
5179 1 0.000000
5180 0 5.615352
5181 0 5.502062
5182 1 0.000000
5183 0 6.472927
5184 1 0.000000
5185 0 6.498614
5186 0 6.627008
5187 1 0.000000
5188 0 6.606137
5189 0 5.983193
5190 1 0.000000
5191 0 5.922976
5192 0 5.878478
5193 1 0.000000
5194 0 6.014855
5195 1 0.000000
5196 0 6.915802
5197 0 6.751933
5198 1 0.000000
5199 0 5.409023
5200 0 5.761115
5201 1 0.000000
5202 0 3.036372
5203 1 0.000000
5204 0 3.880214
5205 0 4.515870
5206 1 0.000000
5207 0 4.472423
5208 0 3.796646
5209 1 0.000000
5210 0 5.131685
5211 0 5.125768
5212 1 0.000000
5213 0 3.311152
5214 1 0.000000
5215 0 3.754412
5216 0 2.698362
5217 1 0.000000
5218 0 2.669847
5219 0 4.231969
5220 1 0.000000
5221 0 2.650140
5222 1 0.000000
5223 0 2.609086
5224 0 3.158740
5225 1 0.000000
5226 0 4.475510
5227 0 2.660758
5228 1 0.000000
5229 0 4.234108
5230 0 4.635659
5231 1 0.000000
5232 0 4.515700
5233 0 5.456033
5234 1 0.000000
5235 0 6.571278
5236 1 0.000000
5237 0 6.424255
5238 0 7.083314
5239 1 0.000000
5240 0 5.803594
5241 0 5.651284
5242 1 0.000000
5243 0 6.359865
5244 1 0.000000
5245 0 6.046982
5246 0 6.539063
5247 1 0.000000
5248 0 6.064560
5249 0 6.266524
5250 1 0.000000
5251 0 5.200534
5252 0 4.177589
5253 1 0.000000
5254 0 3.637876
5255 1 0.000000
5256 0 4.200506
5257 0 3.923745
5258 1 0.000000
5259 0 4.699507
5260 0 5.859493
5261 1 0.000000
5262 0 4.520505
5263 0 4.640721
5264 1 0.000000
5265 0 4.128196
5266 1 0.000000
5267 0 5.092598
5268 0 5.243009
5269 1 0.000000
5270 0 5.489028
5271 0 3.859706
5272 1 0.000000
5273 0 6.009599
5274 0 5.696898
5275 1 0.000000
5276 0 5.979499
5277 1 0.000000
5278 0 6.031662
5279 0 4.947299
5280 1 0.000000
5281 0 3.651178
5282 0 5.104997
5283 1 0.000000
5284 0 5.716988
5285 0 5.834884
5286 1 0.000000
5287 0 6.249578
5288 1 0.000000
5289 0 3.804633
5290 0 4.013793
5291 1 0.000000
5292 0 4.721120
5293 0 5.193488
5294 1 0.000000
5295 0 5.846099
5296 0 5.658565
5297 1 0.000000
5298 0 5.865502
5299 1 0.000000
5300 0 7.035665
5301 0 6.785759
5302 1 0.000000
5303 0 4.782864
5304 0 4.700288
5305 1 0.000000
5306 0 2.709302
5307 1 0.000000
5308 0 6.390435
5309 0 5.536131
5310 1 0.000000
5311 0 5.262772
5312 0 5.381272
5313 1 0.000000
5314 0 4.644361
5315 0 5.280818
5316 1 0.000000
5317 0 4.182451
5318 1 0.000000
5319 0 4.810718
5320 0 4.503095
5321 1 0.000000
5322 0 5.319382
5323 0 4.448208
5324 1 0.000000
5325 0 4.645503
5326 0 4.514559
5327 1 0.000000
5328 0 5.196245
5329 1 0.000000
5330 0 5.303315
5331 0 5.931526
5332 1 0.000000
5333 0 5.630978
5334 0 5.056948
5335 1 0.000000
5336 0 5.543163
5337 0 5.615051
5338 1 0.000000
5339 0 6.577742
5340 1 0.000000
5341 0 4.930116
5342 0 3.998210
5343 1 0.000000
5344 0 4.642029
5345 0 4.635620
5346 1 0.000000
5347 0 5.869886
5348 0 5.215179
5349 1 0.000000
5350 0 4.370726
5351 1 0.000000
5352 0 4.961794
5353 0 2.374478
5354 1 0.000000
5355 0 2.237367
5356 0 3.424041
5357 1 0.000000
5358 0 3.246887
5359 1 0.000000
5360 0 2.834110
5361 0 2.307105
5362 1 0.000000
5363 0 3.181131
5364 0 5.370553
5365 1 0.000000
5366 0 3.883391
5367 0 4.932857
5368 1 0.000000
5369 0 4.899170
5370 1 0.000000
5371 0 4.789922
5372 0 5.262056
5373 1 0.000000
5374 0 5.358804
5375 0 4.828927
5376 1 0.000000
5377 0 5.589860
5378 0 4.974989
5379 1 0.000000
5380 0 6.292652
5381 1 0.000000
5382 0 6.004929
5383 0 5.559653
5384 1 0.000000
5385 0 5.160526
5386 0 5.150569
5387 1 0.000000
5388 0 4.823339
5389 0 5.059104
5390 1 0.000000
5391 0 5.661260
5392 1 0.000000
5393 0 5.485499
5394 0 5.601086
5395 1 0.000000
5396 0 5.550979
5397 0 4.549237
5398 1 0.000000
5399 0 4.575085
5400 1 0.000000
5401 0 4.749564
5402 0 4.868952
5403 1 0.000000
5404 0 5.978581
5405 0 6.078776
5406 1 0.000000
5407 0 5.157854
5408 0 5.068962
5409 1 0.000000
5410 0 5.518110
5411 1 0.000000
5412 0 5.901618
5413 0 5.741386
5414 1 0.000000
5415 0 5.667250
5416 0 5.934754
5417 1 0.000000
5418 0 5.576682
5419 0 5.352073
5420 1 0.000000
5421 0 5.773451
5422 1 0.000000
5423 0 5.399674
5424 0 4.834189
5425 1 0.000000
5426 0 5.134556
5427 0 5.310822
5428 1 0.000000
5429 0 4.929344
5430 0 4.821142
5431 1 0.000000
5432 0 5.856542
5433 1 0.000000
5434 0 5.458032
5435 0 5.359199
5436 1 0.000000
5437 0 5.071419
5438 0 5.031823
5439 1 0.000000
5440 0 4.796378
5441 0 4.649149
5442 1 0.000000
5443 0 5.113065
5444 1 0.000000
5445 0 5.058493
5446 0 4.746519
5447 1 0.000000
5448 0 5.491908
5449 0 5.040390
5450 1 0.000000
5451 0 4.622439
5452 1 0.000000
5453 0 5.320703
5454 0 5.179582
5455 1 0.000000
5456 0 5.172392
5457 0 5.655165
5458 1 0.000000
5459 0 4.912240
5460 0 4.118076
5461 1 0.000000
5462 0 4.104009
5463 1 0.000000
5464 0 4.703248
5465 0 4.574309
5466 1 0.000000
5467 0 4.886697
5468 0 5.176001
5469 1 0.000000
5470 0 4.896357
5471 0 4.596320
5472 1 0.000000
5473 0 4.817865
5474 1 0.000000
5475 0 4.839344
5476 0 5.303776
5477 1 0.000000
5478 0 4.891156
5479 0 5.171160
5480 1 0.000000
5481 0 4.706589
5482 0 4.456738
5483 1 0.000000
5484 0 4.842011
5485 1 0.000000
5486 0 4.417872
5487 0 4.257191
5488 1 0.000000
5489 0 4.458559
5490 0 4.299395
5491 1 0.000000
5492 0 3.773995
5493 1 0.000000
5494 0 3.501262
5495 0 3.825425
5496 1 0.000000
5497 0 3.976433
5498 0 3.891253
5499 1 0.000000
5500 0 3.732957
5501 0 3.286882
5502 1 0.000000
5503 0 3.305759
5504 1 0.000000
5505 0 4.328359
5506 0 3.358979
5507 1 0.000000
5508 0 3.503379
5509 0 3.384158
5510 1 0.000000
5511 0 3.561695
5512 0 3.348817
5513 1 0.000000
5514 0 3.480725
5515 1 0.000000
5516 0 3.945324
5517 0 3.266494
5518 1 0.000000
5519 0 4.007316
5520 0 5.104484
5521 1 0.000000
5522 0 3.942050
5523 0 3.729472
5524 1 0.000000
5525 0 4.503288
5526 1 0.000000
5527 0 4.722082
5528 0 5.018509
5529 1 0.000000
5530 0 4.590625
5531 0 4.208354
5532 1 0.000000
5533 0 3.777825
5534 0 3.823275
5535 1 0.000000
5536 0 4.702358
5537 1 0.000000
5538 0 4.676612
5539 0 4.767126
5540 1 0.000000
5541 0 5.072380
5542 0 4.332000
5543 1 0.000000
5544 0 4.007341
5545 0 3.949259
5546 1 0.000000
5547 0 4.729579
5548 1 0.000000
5549 0 4.265496
5550 0 4.802315
5551 1 0.000000
5552 0 4.840181
5553 0 4.642654
5554 1 0.000000
5555 0 4.972880
5556 1 0.000000
5557 0 4.543058
5558 0 4.666263
5559 1 0.000000
5560 0 4.854040
5561 0 4.287763
5562 1 0.000000
5563 0 4.786707
5564 0 4.585818
5565 1 0.000000
5566 0 4.439303
5567 1 0.000000
5568 0 5.107407
5569 0 4.939705
5570 1 0.000000
5571 0 5.106819
5572 0 5.535356
5573 1 0.000000
5574 0 5.117918
5575 0 5.022560
5576 1 0.000000
5577 0 5.107042
5578 1 0.000000
5579 0 5.294359
5580 0 4.744055
5581 1 0.000000
5582 0 4.898775
5583 0 5.169339
5584 1 0.000000
5585 0 4.520519
5586 0 4.442055
5587 1 0.000000
5588 0 4.915762
5589 1 0.000000
5590 0 5.329752
5591 0 4.904133
5592 1 0.000000
5593 0 5.047536
5594 0 5.068507
5595 1 0.000000
5596 0 4.621953
5597 0 4.858061
5598 1 0.000000
5599 0 5.376841
5600 1 0.000000
5601 0 5.034238
5602 0 5.959030
5603 1 0.000000
5604 0 5.822090
5605 0 5.074233
5606 1 0.000000
5607 0 5.865956
5608 1 0.000000
5609 0 5.155924
5610 0 5.162113
5611 1 0.000000
5612 0 6.013520
5613 0 5.826367
5614 1 0.000000
5615 0 5.704381
5616 0 5.474583
5617 1 0.000000
5618 0 6.605088
5619 1 0.000000
5620 0 5.966114
5621 0 6.615201
5622 1 0.000000
5623 0 6.258620
5624 0 6.148479
5625 1 0.000000
5626 0 5.152435
5627 0 5.610961
5628 1 0.000000
5629 0 5.168303
5630 1 0.000000
5631 0 6.097590
5632 0 5.987969
5633 1 0.000000
5634 0 5.839033
5635 0 6.210761
5636 1 0.000000
5637 0 5.525055
5638 0 5.644570
5639 1 0.000000
5640 0 6.459323
5641 1 0.000000
5642 0 6.404284
5643 0 7.397608
5644 1 0.000000
5645 0 7.022992
5646 0 6.726244
5647 1 0.000000
5648 0 5.864167
5649 0 5.980594
5650 1 0.000000
5651 0 6.341915
5652 1 0.000000
5653 0 6.773628
5654 0 6.258641
5655 1 0.000000
5656 0 5.808410
5657 0 5.594454
5658 1 0.000000
5659 0 5.124506
5660 0 5.706581
5661 1 0.000000
5662 0 5.496243
5663 1 0.000000
5664 0 7.782072
5665 0 5.546923
5666 1 0.000000
5667 0 6.814900
5668 0 7.204069
5669 1 0.000000
5670 0 4.329547
5671 0 6.347731
5672 1 0.000000
5673 0 6.593010
5674 1 0.000000
5675 0 6.990675
5676 0 7.970053
5677 1 0.000000
5678 0 6.703019
5679 0 2.399386
5680 1 0.000000
5681 0 2.807822
5682 1 0.000000
5683 0 6.964795
5684 0 4.950843
5685 1 0.000000
5686 0 7.067132
5687 0 7.126623
5688 1 0.000000
5689 0 5.585268
5690 0 6.338798
5691 1 0.000000
5692 0 7.115296
5693 1 0.000000
5694 0 6.695470
5695 0 6.543393
5696 1 0.000000
5697 0 7.617194
5698 0 7.774543
5699 1 0.000000
5700 0 7.813297
5701 0 5.663321
