0 0.000000
1 0.000000
2 7.751449
3 5.357592
4 0.000000
5 4.513240
6 4.241230
7 0.000000
8 4.908326
9 0.000000
10 4.916477
11 5.498371
12 0.000000
13 4.668265
14 4.799394
15 0.000000
16 4.854295
17 4.600296
18 0.000000
19 5.513832
20 0.000000
21 4.780395
22 5.089537
23 0.000000
24 4.829281
25 4.394611
26 0.000000
27 4.987797
28 0.000000
29 4.395205
30 5.798973
31 0.000000
32 5.535362
33 4.808715
34 0.000000
35 4.148195
36 4.528567
37 0.000000
38 4.981084
39 0.000000
40 5.088209
41 6.384225
42 0.000000
43 5.192674
44 4.027616
45 0.000000
46 3.989411
47 4.470647
48 0.000000
49 5.241472
50 0.000000
51 4.342846
52 5.244708
53 0.000000
54 4.507593
55 4.049391
56 0.000000
57 4.754532
58 0.000000
59 4.666480
60 5.308242
61 0.000000
62 5.607402
63 5.719662
64 0.000000
65 6.109732
66 6.700749
67 0.000000
68 6.605870
69 0.000000
70 5.920024
71 4.846384
72 0.000000
73 4.329859
74 3.515868
75 0.000000
76 3.285938
77 0.000000
78 3.603286
79 5.062733
80 0.000000
81 3.968303
82 5.311961
83 0.000000
84 6.328700
85 6.167623
86 0.000000
87 7.340823
88 0.000000
89 7.506051
90 22.996189
91 0.000000
92 2.556302
93 2.719486
94 0.000000
95 2.531759
96 2.726899
97 0.000000
98 2.761111
99 0.000000
100 2.404782
101 2.559895
102 0.000000
103 3.042898
104 2.911184
105 0.000000
106 3.070437
107 0.000000
108 2.673216
109 2.647092
110 0.000000
111 3.335222
112 3.549589
113 0.000000
114 4.079051
115 3.651118
116 0.000000
117 3.445156
118 0.000000
119 3.548426
120 2.804186
121 0.000000
122 3.538641
123 3.658384
124 0.000000
125 3.372211
126 3.484273
127 0.000000
128 3.570972
129 0.000000
130 3.300664
131 3.852054
132 0.000000
133 3.511631
134 2.636660
135 0.000000
136 2.816990
137 0.000000
138 2.552582
139 2.913061
140 0.000000
141 2.350830
142 2.520608
143 0.000000
144 2.488277
145 2.294486
146 0.000000
147 2.841823
148 0.000000
149 3.683644
150 3.671535
151 0.000000
152 4.714442
153 4.836494
154 0.000000
155 4.987844
156 5.021743
157 0.000000
158 4.883287
159 0.000000
160 3.872498
161 4.459568
162 0.000000
163 3.712084
164 4.042625
165 0.000000
166 4.375106
167 0.000000
168 4.770836
169 5.294146
170 0.000000
171 5.600608
172 5.575970
173 0.000000
174 4.759683
175 4.190956
176 0.000000
177 4.357313
178 0.000000
179 4.925203
180 5.038117
181 0.000000
182 5.254377
183 4.775846
184 0.000000
185 3.901446
186 3.762792
187 0.000000
188 4.667914
189 0.000000
190 4.595755
191 4.256133
192 0.000000
193 5.093927
194 4.117190
195 0.000000
196 4.466356
197 4.067322
198 0.000000
199 4.081051
200 0.000000
201 5.281105
202 4.995798
203 0.000000
204 4.747353
205 3.850034
206 0.000000
207 3.901913
208 0.000000
209 3.836333
210 3.988848
211 0.000000
212 4.538416
213 4.578757
214 0.000000
215 3.845912
216 3.085962
217 0.000000
218 3.585567
219 0.000000
220 5.169378
221 4.234547
222 0.000000
223 4.020793
224 4.041173
225 0.000000
226 4.080137
227 3.773365
228 0.000000
229 4.730170
230 0.000000
231 4.392016
232 4.936908
233 0.000000
234 3.778140
235 4.274801
236 0.000000
237 4.714207
238 0.000000
239 4.411396
240 5.135244
241 0.000000
242 4.190641
243 3.940126
244 0.000000
245 2.867861
246 3.966120
247 0.000000
248 5.025518
249 0.000000
250 5.452007
251 6.089556
252 0.000000
253 5.536418
254 4.372797
255 0.000000
256 4.178465
257 0.000000
258 4.131714
259 4.877375
260 0.000000
261 5.437036
262 5.519766
263 0.000000
264 5.570266
265 16.197652
266 0.000000
267 3.759832
268 4.042961
269 0.000000
270 2.748654
271 0.000000
272 2.321050
273 3.118330
274 0.000000
275 1.982849
276 2.027986
277 0.000000
278 3.219117
279 0.000000
280 2.570161
281 2.808197
282 0.000000
283 3.375304
284 3.208972
285 0.000000
286 3.622252
287 4.238267
288 0.000000
289 4.363475
290 0.000000
291 3.882443
292 4.174160
293 0.000000
294 4.309509
295 4.208407
296 0.000000
297 4.052237
298 0.000000
299 4.506288
300 4.357591
301 0.000000
302 4.780620
303 4.791709
304 0.000000
305 5.285914
306 4.588741
307 0.000000
308 5.237160
309 0.000000
310 6.114426
311 6.240719
312 0.000000
313 6.156367
314 4.598021
315 0.000000
316 4.224740
317 4.049068
318 0.000000
319 4.360158
320 0.000000
321 5.143436
322 5.229362
323 0.000000
324 5.088038
325 4.761663
326 0.000000
327 4.691970
328 0.000000
329 5.114945
330 5.634023
331 0.000000
332 5.727477
333 5.672412
334 0.000000
335 5.310600
336 5.312094
337 0.000000
338 5.624494
339 0.000000
340 5.563004
341 5.409805
342 0.000000
343 5.193213
344 4.659380
345 0.000000
346 4.470468
347 4.344687
348 0.000000
349 4.528712
350 0.000000
351 4.877571
352 4.876708
353 0.000000
354 3.648593
355 3.839444
356 0.000000
357 4.097858
358 0.000000
359 3.483198
360 3.145763
361 0.000000
362 3.032912
363 3.354106
364 0.000000
365 2.445466
366 2.683000
367 0.000000
368 3.507635
369 0.000000
370 4.050076
371 3.973532
372 0.000000
373 4.055570
374 3.580537
375 0.000000
376 3.878315
377 3.528071
378 0.000000
379 4.264362
380 0.000000
381 4.147978
382 4.056868
383 0.000000
384 4.146349
385 3.563793
386 0.000000
387 3.979854
388 0.000000
389 3.890961
390 3.531320
391 0.000000
392 3.170782
393 3.821417
394 0.000000
395 3.603699
396 3.481463
397 0.000000
398 4.177603
399 0.000000
400 3.640664
401 3.691401
402 0.000000
403 3.909065
404 3.938322
405 0.000000
406 4.143893
407 0.000000
408 4.022827
409 3.834627
410 0.000000
411 3.417910
412 3.609286
413 0.000000
414 3.826247
415 4.109661
416 0.000000
417 3.502677
418 0.000000
419 4.650996
420 10.031595
421 0.000000
422 2.622193
423 3.773004
424 0.000000
425 2.255782
426 2.244709
427 0.000000
428 3.188495
429 0.000000
430 2.646708
431 2.416480
432 0.000000
433 2.928446
434 2.471843
435 0.000000
436 2.271364
437 2.376412
438 0.000000
439 2.976333
440 0.000000
441 2.720159
442 2.173788
443 0.000000
444 2.251767
445 2.229564
446 0.000000
447 2.487566
448 0.000000
449 2.931168
450 2.492553
451 0.000000
452 2.239607
453 2.436207
454 0.000000
455 2.510672
456 2.290291
457 0.000000
458 2.323413
459 0.000000
460 2.122530
461 2.450602
462 0.000000
463 2.512703
464 2.419287
465 0.000000
466 2.358811
467 0.000000
468 2.371411
469 2.712349
470 0.000000
471 2.547355
472 2.798562
473 0.000000
474 2.769569
475 2.576375
476 0.000000
477 2.218134
478 0.000000
479 2.753203
480 2.266182
481 0.000000
482 2.812527
483 2.754620
484 0.000000
485 2.311380
486 2.385907
487 0.000000
488 2.383390
489 0.000000
490 2.569696
491 2.525185
492 0.000000
493 2.946163
494 3.031946
495 0.000000
496 2.574094
497 2.400905
498 0.000000
499 2.457581
500 0.000000
501 2.168150
502 2.319534
503 0.000000
504 2.400529
505 2.160563
506 0.000000
507 2.811867
508 0.000000
509 2.947544
510 2.938854
511 0.000000
512 2.917039
513 2.971960
514 0.000000
515 2.668415
516 2.258963
517 0.000000
518 3.030580
519 0.000000
520 3.459513
521 3.398785
522 0.000000
523 3.283383
524 3.146434
525 0.000000
526 3.269650
527 0.000000
528 2.431288
529 3.466669
530 0.000000
531 3.453577
532 3.377698
533 0.000000
534 3.753247
535 3.374136
536 0.000000
537 3.398817
538 0.000000
539 3.147569
540 3.883650
541 0.000000
542 4.206452
543 3.889592
544 0.000000
545 3.656711
546 3.770406
547 0.000000
548 3.461866
549 0.000000
550 3.530860
551 3.104973
552 0.000000
553 2.819705
554 3.234209
555 0.000000
556 2.924170
557 0.000000
558 2.599328
559 2.893173
560 0.000000
561 2.947663
562 2.568780
563 0.000000
564 2.668342
565 2.308055
566 0.000000
567 2.462043
568 0.000000
569 2.701774
570 2.558436
571 0.000000
572 2.787458
573 2.751858
574 0.000000
575 2.722561
576 3.486660
577 0.000000
578 4.232350
579 0.000000
580 3.466888
581 4.066711
582 0.000000
583 4.833742
584 4.149681
585 0.000000
586 3.688878
587 3.808814
588 0.000000
589 4.016434
590 0.000000
591 3.871195
592 4.543028
593 0.000000
594 4.286267
595 3.767457
596 0.000000
597 4.112191
598 0.000000
599 4.108922
600 4.462075
601 0.000000
602 4.096209
603 4.035986
604 0.000000
605 3.936484
606 3.756573
607 0.000000
608 3.885386
609 0.000000
610 4.381362
611 3.841190
612 0.000000
613 3.629233
614 3.969899
615 0.000000
616 3.843627
617 3.534759
618 0.000000
619 4.171062
620 0.000000
621 3.825064
622 3.530180
623 0.000000
624 3.435986
625 3.191544
626 0.000000
627 4.269361
628 0.000000
629 3.532421
630 5.033884
631 0.000000
632 11.609414
633 2.638875
634 0.000000
635 2.526452
636 2.189095
637 0.000000
638 2.575161
639 0.000000
640 3.195130
641 2.771389
642 0.000000
643 2.755650
644 2.352449
645 0.000000
646 2.198273
647 2.176613
648 0.000000
649 2.465392
650 0.000000
651 2.492226
652 2.487825
653 0.000000
654 3.031969
655 3.365811
656 0.000000
657 3.163677
658 0.000000
659 3.160143
660 3.331153
661 0.000000
662 3.088503
663 3.203693
664 0.000000
665 3.249547
666 3.213817
667 0.000000
668 3.778935
669 0.000000
670 3.856307
671 4.494640
672 0.000000
673 4.296529
674 4.082737
675 0.000000
676 3.164304
677 2.873713
678 0.000000
679 2.781276
680 0.000000
681 3.331310
682 3.106398
683 0.000000
684 2.751576
685 3.718704
686 0.000000
687 11.824110
688 0.000000
689 1.959875
690 2.482680
691 0.000000
692 2.026423
693 1.830526
694 0.000000
695 2.038760
696 2.251917
697 0.000000
698 1.641244
699 0.000000
700 1.881960
701 1.689804
702 0.000000
703 1.908862
704 1.982084
705 0.000000
706 2.525756
707 1.559726
708 0.000000
709 1.723737
710 0.000000
711 1.951149
712 1.970955
713 0.000000
714 1.886702
715 1.635529
716 0.000000
717 1.498492
718 0.000000
719 1.509916
720 1.683980
721 0.000000
722 2.384471
723 1.980372
724 0.000000
725 2.202580
726 2.123255
727 0.000000
728 2.534545
729 0.000000
730 3.058172
731 3.967888
732 0.000000
733 2.896980
734 2.528970
735 0.000000
736 3.199029
737 2.892298
738 0.000000
739 2.187185
740 0.000000
741 3.074013
742 3.945107
743 0.000000
744 3.657673
745 3.258504
746 0.000000
747 3.556432
748 3.527241
749 0.000000
750 4.022535
751 0.000000
752 3.579807
753 3.408715
754 0.000000
755 2.718200
756 3.182182
757 0.000000
758 2.313888
759 2.801943
760 0.000000
761 3.869460
762 0.000000
763 2.542772
764 3.731207
765 0.000000
766 2.979653
767 1.828203
768 0.000000
769 2.574431
770 0.000000
771 2.334049
772 2.245196
773 0.000000
774 2.787755
775 2.718643
776 0.000000
777 3.525579
778 3.940960
779 0.000000
780 2.873120
781 0.000000
782 4.075043
783 4.183836
784 0.000000
785 3.328130
786 4.481999
787 0.000000
788 2.094001
789 3.880255
790 0.000000
791 3.580343
792 0.000000
793 2.084475
794 3.070065
795 0.000000
796 2.183406
797 2.326611
798 0.000000
799 3.362283
800 0.000000
801 2.737818
802 2.380532
803 0.000000
804 2.241771
805 2.261332
806 0.000000
807 2.765658
808 1.939870
809 0.000000
810 2.370290
811 0.000000
812 3.238905
813 2.833581
814 0.000000
815 2.825640
816 2.546078
817 0.000000
818 3.465263
819 2.513923
820 0.000000
821 2.447311
822 0.000000
823 2.537514
824 2.051695
825 0.000000
826 3.217180
827 2.400080
828 0.000000
829 2.592989
830 0.000000
831 2.414554
832 3.040925
833 0.000000
834 2.252012
835 2.888324
836 0.000000
837 2.483204
838 2.651425
839 0.000000
840 2.146492
841 0.000000
842 3.504545
843 2.214490
844 0.000000
845 2.791175
846 2.147975
847 0.000000
848 2.621067
849 2.124425
850 0.000000
851 2.515784
852 0.000000
853 3.009168
854 3.015467
855 0.000000
856 2.112944
857 3.166732
858 0.000000
859 3.104106
860 0.000000
861 2.341033
862 2.716819
863 0.000000
864 2.192162
865 2.174448
866 0.000000
867 3.043307
868 2.052545
869 0.000000
870 2.319432
871 0.000000
872 2.768357
873 2.429904
874 0.000000
875 2.917083
876 2.430280
877 0.000000
878 2.776437
879 2.104376
880 0.000000
881 3.470906
882 0.000000
883 2.819962
884 2.416375
885 0.000000
886 2.319085
887 2.946439
888 0.000000
889 2.054782
890 3.058873
891 0.000000
892 2.700655
893 0.000000
894 3.184406
895 2.346514
896 0.000000
897 3.541560
898 2.432730
899 0.000000
900 2.343158
901 0.000000
902 3.387498
903 2.340662
904 0.000000
905 2.793388
906 2.331188
907 0.000000
908 2.663394
909 2.566609
910 0.000000
911 2.587057
912 0.000000
913 2.678781
914 3.104346
915 0.000000
916 2.704274
917 3.024349
918 0.000000
919 2.385609
920 2.386609
921 0.000000
922 2.787090
923 0.000000
924 2.959643
925 3.753540
926 0.000000
927 2.602993
928 2.604520
929 0.000000
930 2.192079
931 0.000000
932 2.224926
933 4.149812
934 0.000000
935 3.258422
936 3.143893
937 0.000000
938 2.912347
939 2.266862
940 0.000000
941 3.213118
942 0.000000
943 3.347526
944 2.698371
945 0.000000
946 2.558033
947 3.572464
948 0.000000
949 4.309829
950 2.196347
951 0.000000
952 2.180440
953 0.000000
954 2.620373
955 3.507244
956 0.000000
957 2.246003
958 4.957985
959 0.000000
960 2.403870
961 2.252669
962 0.000000
963 2.619846
964 0.000000
965 2.719686
966 2.707686
967 0.000000
968 3.169170
969 2.230387
970 0.000000
971 2.579599
972 0.000000
973 4.019076
974 2.721696
975 0.000000
976 2.309595
977 2.195325
978 0.000000
979 2.525313
980 2.347851
981 0.000000
982 2.239642
983 0.000000
984 2.697254
985 2.325091
986 0.000000
987 2.288965
988 3.693175
989 0.000000
990 2.172370
991 2.355468
992 0.000000
993 2.171139
994 0.000000
995 2.601341
996 2.797187
997 0.000000
998 2.464436
999 2.691443
1000 0.000000
1001 3.083170
1002 3.372609
1003 0.000000
1004 3.225773
1005 0.000000
1006 2.024956
1007 2.416535
1008 0.000000
1009 2.852943
1010 3.476828
1011 0.000000
1012 3.974480
1013 0.000000
1014 2.910133
1015 2.692809
1016 0.000000
1017 3.462651
1018 3.251881
1019 0.000000
1020 3.586658
1021 2.543291
1022 0.000000
1023 2.185246
1024 0.000000
1025 3.052054
1026 2.312490
1027 0.000000
1028 2.676183
1029 3.519784
1030 0.000000
1031 2.646200
1032 2.307180
1033 0.000000
1034 3.028115
1035 0.000000
1036 2.377082
1037 2.259852
1038 0.000000
1039 2.823600
1040 3.529600
1041 0.000000
1042 2.247798
1043 2.422892
1044 0.000000
1045 3.604025
1046 0.000000
1047 2.712302
1048 2.382290
1049 0.000000
1050 4.553552
1051 23.286125
1052 0.000000
1053 2.389940
1054 3.241191
1055 0.000000
1056 3.825808
1057 0.000000
1058 2.171584
1059 3.401649
1060 0.000000
1061 3.303219
1062 3.287882
1063 0.000000
1064 2.650477
1065 0.000000
1066 3.012067
1067 4.074525
1068 0.000000
1069 4.482363
1070 4.768650
1071 0.000000
1072 4.852327
1073 2.363843
1074 0.000000
1075 5.318128
1076 0.000000
1077 17.300326
1078 4.794885
1079 0.000000
1080 3.932444
1081 4.984959
1082 0.000000
1083 3.473691
1084 3.094082
1085 0.000000
1086 4.591728
1087 0.000000
1088 2.572909
1089 2.453406
1090 0.000000
1091 2.700533
1092 2.731127
1093 0.000000
1094 3.471476
1095 0.000000
1096 3.676675
1097 2.321268
1098 0.000000
1099 3.497677
1100 3.130541
1101 0.000000
1102 2.638012
1103 2.591861
1104 0.000000
1105 3.051170
1106 0.000000
1107 2.543148
1108 2.924583
1109 0.000000
1110 3.297702
1111 3.360855
1112 0.000000
1113 3.621775
1114 3.113811
1115 0.000000
1116 3.249520
1117 0.000000
1118 4.603509
1119 3.124487
1120 0.000000
1121 3.656646
1122 3.799916
1123 0.000000
1124 4.014007
1125 0.000000
1126 4.577211
1127 4.731035
1128 0.000000
1129 3.034231
1130 4.318421
1131 0.000000
1132 2.412017
1133 2.614003
1134 0.000000
1135 2.923961
1136 0.000000
1137 4.807811
1138 3.118887
1139 0.000000
1140 3.643271
1141 3.831990
1142 0.000000
1143 2.883748
1144 2.858991
1145 0.000000
1146 2.780248
1147 0.000000
1148 2.841142
1149 3.839049
1150 0.000000
1151 3.279003
1152 2.208864
1153 0.000000
1154 2.916808
1155 2.915768
1156 0.000000
1157 2.944923
1158 0.000000
1159 4.000263
1160 3.073357
1161 0.000000
1162 3.918466
1163 3.075082
1164 0.000000
1165 4.652576
1166 0.000000
1167 3.962952
1168 4.553061
1169 0.000000
1170 3.765624
1171 4.287100
1172 0.000000
1173 2.619638
1174 2.651448
1175 0.000000
1176 4.424081
1177 0.000000
1178 3.755499
1179 3.010195
1180 0.000000
1181 2.842676
1182 3.358452
1183 0.000000
1184 2.408679
1185 3.037746
1186 0.000000
1187 4.805308
1188 0.000000
1189 3.207629
1190 2.941651
1191 0.000000
1192 3.242238
1193 3.827359
1194 0.000000
1195 3.133386
1196 0.000000
1197 4.360015
1198 5.409360
1199 0.000000
1200 2.393299
1201 3.635387
1202 0.000000
1203 6.503140
1204 3.680780
1205 0.000000
1206 7.367605
1207 0.000000
1208 8.440460
1209 7.392676
1210 0.000000
1211 5.542096
1212 4.890396
1213 0.000000
1214 4.140538
1215 5.842873
1216 0.000000
1217 5.620896
1218 0.000000
1219 4.638564
1220 3.744444
1221 0.000000
1222 6.231925
1223 2.886199
1224 0.000000
1225 2.893009
1226 3.043718
1227 0.000000
1228 3.717173
1229 0.000000
1230 4.872842
1231 3.600941
1232 0.000000
1233 4.118690
1234 2.840822
1235 0.000000
1236 4.944023
1237 0.000000
1238 4.436860
1239 2.800463
1240 0.000000
1241 2.867710
1242 2.811144
1243 0.000000
1244 3.112379
1245 2.638150
1246 0.000000
1247 3.309865
1248 0.000000
1249 4.511748
1250 4.209530
1251 0.000000
1252 3.107489
1253 3.364316
1254 0.000000
1255 3.090540
1256 3.954305
1257 0.000000
1258 3.850805
1259 0.000000
1260 3.853159
1261 3.043857
1262 0.000000
1263 3.191940
1264 2.964961
1265 0.000000
1266 2.636681
1267 0.000000
1268 3.689711
1269 3.392243
1270 0.000000
1271 2.365616
1272 2.529167
1273 0.000000
1274 2.663421
1275 2.250645
1276 0.000000
1277 2.659156
1278 0.000000
1279 3.644000
1280 2.821897
1281 0.000000
1282 3.051991
1283 2.983495
1284 0.000000
1285 27.612682
1286 10.532814
1287 0.000000
1288 9.779074
1289 0.000000
1290 12.570981
1291 6.471264
1292 0.000000
1293 6.949979
1294 7.981671
1295 0.000000
1296 10.201405
1297 6.234098
1298 0.000000
1299 10.572183
1300 0.000000
1301 6.708557
1302 11.076657
1303 0.000000
1304 11.599809
1305 9.832899
1306 0.000000
1307 4.963234
1308 10.742304
1309 0.000000
1310 3.851835
1311 0.000000
1312 7.681777
1313 9.314331
1314 0.000000
1315 7.945250
1316 4.006914
1317 0.000000
1318 8.627387
1319 0.000000
1320 4.984539
1321 4.778445
1322 0.000000
1323 5.609719
1324 9.834204
1325 0.000000
1326 4.214615
1327 5.040065
1328 0.000000
1329 7.453899
1330 0.000000
1331 3.852423
1332 7.352646
1333 0.000000
1334 3.788127
1335 4.319414
1336 0.000000
1337 8.501620
1338 8.301166
1339 0.000000
1340 10.528832
1341 0.000000
1342 7.355462
1343 3.503296
1344 0.000000
1345 4.425313
1346 7.539487
1347 0.000000
1348 10.359687
1349 0.000000
1350 6.945377
1351 8.739035
1352 0.000000
1353 8.835641
1354 11.338190
1355 0.000000
1356 11.960276
1357 6.751026
1358 0.000000
1359 6.935535
1360 0.000000
1361 7.848967
1362 7.708825
1363 0.000000
1364 6.112176
1365 9.253867
1366 0.000000
1367 10.382149
1368 10.955823
1369 0.000000
1370 9.997312
1371 0.000000
1372 11.973931
1373 7.037638
1374 0.000000
1375 9.603976
1376 6.811194
1377 0.000000
1378 10.411483
1379 8.259711
1380 0.000000
1381 11.885425
1382 0.000000
1383 9.981619
1384 11.272794
1385 0.000000
1386 11.083394
1387 11.485328
1388 0.000000
1389 7.693137
1390 0.000000
1391 5.895216
1392 8.569409
1393 0.000000
1394 5.423360
1395 11.694895
1396 0.000000
1397 4.986568
1398 6.154596
1399 0.000000
1400 6.016574
1401 0.000000
1402 5.364338
1403 4.853473
1404 0.000000
1405 6.016414
1406 9.052332
1407 0.000000
1408 11.188013
1409 12.680328
1410 0.000000
1411 13.788889
1412 0.000000
1413 14.848919
1414 13.053925
1415 0.000000
1416 7.578408
1417 11.682173
1418 0.000000
1419 10.877714
1420 6.656989
1421 0.000000
1422 4.815268
1423 0.000000
1424 10.470608
1425 7.523574
1426 0.000000
1427 6.387807
1428 6.327272
1429 0.000000
1430 11.389354
1431 0.000000
1432 9.964682
1433 7.415390
1434 0.000000
1435 12.832794
1436 10.676272
1437 0.000000
1438 14.418288
1439 7.651423
1440 0.000000
1441 12.250971
1442 0.000000
1443 5.443951
1444 8.501373
1445 0.000000
1446 12.200137
1447 8.612787
1448 0.000000
1449 7.135220
1450 3.516121
1451 0.000000
1452 6.418695
1453 0.000000
1454 9.100446
1455 7.312829
1456 0.000000
1457 7.511178
1458 7.956857
1459 0.000000
1460 6.937070
1461 0.000000
1462 8.457187
1463 4.028182
1464 0.000000
1465 7.369886
1466 6.811101
1467 0.000000
1468 6.718479
1469 5.809100
1470 0.000000
1471 7.891878
1472 0.000000
1473 8.068804
1474 6.890123
1475 0.000000
1476 4.756575
1477 13.004298
1478 0.000000
1479 28.251235
1480 7.715754
1481 0.000000
1482 4.220213
1483 6.724201
1484 0.000000
1485 8.842668
1486 0.000000
1487 5.128812
1488 6.298644
1489 0.000000
1490 3.410802
1491 9.436464
1492 0.000000
1493 4.188571
1494 0.000000
1495 7.414442
1496 5.766648
1497 0.000000
1498 3.628235
1499 6.348302
1500 0.000000
1501 6.168437
1502 5.851757
1503 0.000000
1504 4.596634
1505 7.342681
1506 0.000000
1507 8.334646
1508 0.000000
1509 3.604103
1510 8.034819
1511 0.000000
1512 6.317048
1513 13.788868
1514 0.000000
1515 8.748819
1516 0.000000
1517 4.738455
1518 4.958951
1519 0.000000
1520 3.161872
1521 6.108475
1522 0.000000
1523 3.385286
1524 5.952291
1525 0.000000
1526 4.818716
1527 0.000000
1528 3.371454
1529 6.327474
1530 0.000000
1531 5.945000
1532 7.862679
1533 0.000000
1534 4.746841
1535 0.000000
1536 3.908926
1537 4.918526
1538 0.000000
1539 5.574785
1540 5.528405
1541 0.000000
1542 7.614486
1543 3.626152
1544 0.000000
1545 7.434029
1546 0.000000
1547 4.339759
1548 9.043335
1549 0.000000
1550 8.597480
1551 11.277188
1552 0.000000
1553 8.749845
1554 6.158825
1555 0.000000
1556 8.704908
1557 0.000000
1558 10.996701
1559 11.862946
1560 0.000000
1561 7.667069
1562 9.834345
1563 0.000000
1564 12.912138
1565 0.000000
1566 14.389541
1567 11.716258
1568 0.000000
1569 8.500312
1570 9.422328
1571 0.000000
1572 5.895529
1573 3.454143
1574 0.000000
1575 3.378891
1576 4.116063
1577 0.000000
1578 6.516498
1579 0.000000
1580 7.042968
1581 5.959454
1582 0.000000
1583 7.343225
1584 5.960264
1585 0.000000
1586 8.317946
1587 0.000000
1588 3.439098
1589 7.259747
1590 0.000000
1591 6.297528
1592 4.599006
1593 0.000000
1594 3.323635
1595 4.615898
1596 0.000000
1597 4.745140
1598 0.000000
1599 3.648665
1600 4.718850
1601 0.000000
1602 3.152479
1603 3.868903
1604 0.000000
1605 5.025793
1606 0.000000
1607 3.454777
1608 4.575923
1609 0.000000
1610 5.083721
1611 4.895554
1612 0.000000
1613 2.922855
1614 4.336838
1615 0.000000
1616 7.344864
1617 0.000000
1618 6.456973
1619 7.413978
1620 0.000000
1621 5.636559
1622 3.426830
1623 0.000000
1624 2.604276
1625 4.962733
1626 0.000000
1627 4.191255
1628 0.000000
1629 5.053324
1630 5.511894
1631 0.000000
1632 5.767554
1633 2.511397
1634 0.000000
1635 4.114383
1636 6.623392
1637 0.000000
1638 3.896941
1639 0.000000
1640 4.930221
1641 4.454718
1642 0.000000
1643 4.821264
1644 4.196528
1645 0.000000
1646 2.721112
1647 0.000000
1648 3.409683
1649 3.920655
1650 0.000000
1651 3.177246
1652 4.559885
1653 0.000000
1654 6.785238
1655 4.507144
1656 0.000000
1657 3.091594
1658 0.000000
1659 4.046201
1660 5.228624
1661 0.000000
1662 3.146640
1663 4.338017
1664 0.000000
1665 3.782989
1666 0.000000
1667 5.469983
1668 3.285981
1669 0.000000
1670 5.695588
1671 4.024198
1672 0.000000
1673 4.246893
1674 3.828658
1675 0.000000
1676 3.393063
1677 0.000000
1678 8.480327
1679 7.345427
1680 0.000000
1681 4.659551
1682 3.192446
1683 0.000000
1684 5.482144
1685 6.406213
1686 0.000000
1687 9.782470
1688 6.387578
1689 0.000000
1690 11.787238
1691 0.000000
1692 11.034061
1693 6.073418
1694 0.000000
1695 8.251522
1696 8.776135
1697 0.000000
1698 5.016967
1699 0.000000
1700 7.414903
1701 7.612459
1702 0.000000
1703 3.808965
1704 5.617767
1705 0.000000
1706 3.376272
1707 3.439373
1708 0.000000
1709 7.898435
1710 0.000000
1711 7.377566
1712 3.613390
1713 0.000000
1714 4.655061
1715 6.163183
1716 0.000000
1717 4.102901
1718 7.971874
1719 0.000000
1720 5.552320
1721 0.000000
1722 8.657058
1723 8.074766
1724 0.000000
1725 11.059114
1726 8.878624
1727 0.000000
1728 7.482821
1729 0.000000
1730 9.586867
1731 5.149067
1732 0.000000
1733 3.421445
1734 6.071050
1735 0.000000
1736 3.742756
1737 4.334469
1738 0.000000
1739 6.644953
1740 0.000000
1741 3.722429
1742 4.481469
1743 0.000000
1744 4.669820
1745 4.008107
1746 0.000000
1747 4.024970
1748 4.296768
1749 0.000000
1750 6.735067
1751 0.000000
1752 5.027331
1753 6.137218
1754 0.000000
1755 6.730418
1756 5.766026
1757 0.000000
1758 3.754095
1759 4.674746
1760 0.000000
1761 3.632737
1762 0.000000
1763 3.153661
1764 4.012832
1765 0.000000
1766 6.363899
1767 4.584852
1768 0.000000
1769 4.847784
1770 0.000000
1771 5.974240
1772 7.827466
1773 0.000000
1774 9.112357
1775 8.926593
1776 0.000000
1777 4.379025
1778 8.287373
1779 0.000000
1780 8.023261
1781 0.000000
1782 5.458559
1783 7.300108
1784 0.000000
1785 7.445485
1786 7.184720
1787 0.000000
1788 3.500414
1789 7.943496
1790 0.000000
1791 10.079076
1792 0.000000
1793 7.054473
1794 6.782971
1795 0.000000
1796 4.992662
1797 8.993148
1798 0.000000
1799 5.657178
1800 0.000000
1801 4.861551
1802 8.533587
1803 0.000000
1804 9.721252
1805 7.870660
1806 0.000000
1807 9.766750
1808 6.889919
1809 0.000000
1810 5.401002
1811 0.000000
1812 7.414014
1813 6.475648
1814 0.000000
1815 4.200939
1816 11.605705
1817 0.000000
1818 13.735072
1819 14.299293
1820 0.000000
1821 11.786753
1822 0.000000
1823 11.874052
1824 12.474847
1825 0.000000
1826 11.358939
1827 9.585684
1828 0.000000
1829 10.698454
1830 9.237776
1831 0.000000
1832 6.280889
1833 0.000000
1834 11.626186
1835 11.974775
1836 0.000000
1837 13.157519
1838 8.988166
1839 0.000000
1840 10.537738
1841 0.000000
1842 8.635755
1843 6.848344
1844 0.000000
1845 7.855338
1846 10.924322
1847 0.000000
1848 15.344026
1849 14.727123
1850 0.000000
1851 15.150864
1852 0.000000
1853 12.952799
1854 11.969488
1855 0.000000
1856 10.063196
1857 5.004952
1858 0.000000
1859 6.419618
1860 9.893496
1861 0.000000
1862 9.534482
1863 0.000000
1864 8.624753
1865 10.948655
1866 0.000000
1867 5.154466
1868 10.139271
1869 0.000000
1870 8.033652
1871 7.730091
1872 0.000000
1873 7.468221
1874 0.000000
1875 3.289317
1876 9.678975
1877 0.000000
1878 9.661094
1879 8.051293
1880 0.000000
1881 7.804369
1882 0.000000
1883 6.629809
1884 11.428388
1885 0.000000
1886 6.833628
1887 5.127911
1888 0.000000
1889 7.599592
1890 10.476743
1891 0.000000
1892 8.884264
1893 0.000000
1894 10.064858
1895 9.381390
1896 0.000000
1897 8.813577
1898 6.515864
1899 0.000000
1900 7.556995
1901 3.434611
1902 0.000000
1903 6.102162
1904 0.000000
1905 6.035319
1906 8.846096
1907 0.000000
1908 9.573397
1909 8.493006
1910 0.000000
1911 7.316255
1912 10.944488
1913 0.000000
1914 4.994877
1915 0.000000
1916 5.395846
1917 6.127007
1918 0.000000
1919 6.451432
1920 3.818815
1921 0.000000
1922 6.133104
1923 5.834722
1924 0.000000
1925 5.434192
1926 0.000000
1927 4.112581
1928 8.434746
1929 0.000000
1930 6.804707
1931 3.999077
1932 0.000000
1933 6.522752
1934 0.000000
1935 6.140746
1936 4.493909
1937 0.000000
1938 7.709722
1939 8.055520
1940 0.000000
1941 3.308982
1942 4.544545
1943 0.000000
1944 3.571088
1945 4.836617
1946 0.000000
1947 4.502454
1948 0.000000
1949 6.999712
1950 4.923673
1951 0.000000
1952 9.456417
1953 4.118001
1954 0.000000
1955 3.935493
1956 0.000000
1957 3.918648
1958 5.573463
1959 0.000000
1960 6.608394
1961 7.189916
1962 0.000000
1963 4.858953
1964 8.440396
1965 0.000000
1966 8.467910
1967 0.000000
1968 7.949929
1969 7.895256
1970 0.000000
1971 4.986969
1972 7.058122
1973 0.000000
1974 5.806030
1975 6.089880
1976 0.000000
1977 3.572140
1978 0.000000
1979 4.495336
1980 5.278817
1981 0.000000
1982 6.866413
1983 4.739607
1984 0.000000
1985 5.762651
1986 0.000000
1987 5.430487
1988 4.626774
1989 0.000000
1990 6.387804
1991 4.863803
1992 0.000000
1993 7.008639
1994 4.759008
1995 0.000000
1996 5.508368
1997 0.000000
1998 4.673514
1999 3.761567
2000 0.000000
2001 4.741594
2002 5.084043
2003 0.000000
2004 4.391408
2005 6.149724
2006 0.000000
2007 7.088575
2008 0.000000
2009 8.469657
2010 6.766979
2011 0.000000
2012 7.286098
2013 8.647267
2014 0.000000
2015 5.922597
2016 6.574144
2017 0.000000
2018 4.943669
2019 0.000000
2020 7.309095
2021 5.734700
2022 0.000000
2023 4.537985
2024 5.097864
2025 0.000000
2026 4.806690
2027 4.074078
2028 0.000000
2029 6.483759
2030 0.000000
2031 4.484306
2032 6.085119
2033 0.000000
2034 3.703316
2035 3.976076
2036 0.000000
2037 5.263034
2038 0.000000
2039 4.190275
2040 4.308043
2041 0.000000
2042 4.955865
2043 6.164412
2044 0.000000
2045 5.785060
2046 6.685736
2047 0.000000
2048 6.846511
2049 0.000000
2050 5.516254
2051 6.757550
2052 0.000000
2053 4.633610
2054 6.269039
2055 0.000000
2056 4.393642
2057 5.519879
2058 0.000000
2059 6.253517
2060 0.000000
2061 7.383976
2062 8.156990
2063 0.000000
2064 7.194859
2065 7.133668
2066 0.000000
2067 8.747156
2068 0.000000
2069 5.976095
2070 6.263208
2071 0.000000
2072 6.160156
2073 7.199328
2074 0.000000
2075 6.879574
2076 4.387339
2077 0.000000
2078 6.022002
2079 0.000000
2080 6.992955
2081 24.128818
2082 0.000000
2083 3.603353
2084 3.975177
2085 0.000000
2086 3.416902
2087 3.258301
2088 0.000000
2089 3.909771
2090 0.000000
2091 3.744853
2092 3.000921
2093 0.000000
2094 3.535184
2095 3.094810
2096 0.000000
2097 3.023103
2098 2.772108
2099 0.000000
2100 3.284737
2101 0.000000
2102 2.977456
2103 3.172813
2104 0.000000
2105 3.388606
2106 2.578310
2107 0.000000
2108 3.131212
2109 0.000000
2110 3.347299
2111 3.073510
2112 0.000000
2113 3.414209
2114 3.511162
2115 0.000000
2116 2.953353
2117 2.989496
2118 0.000000
2119 2.611100
2120 0.000000
2121 3.420548
2122 2.885782
2123 0.000000
2124 3.104269
2125 3.509907
2126 0.000000
2127 2.957495
2128 3.465578
2129 0.000000
2130 3.577652
2131 0.000000
2132 2.919231
2133 3.152761
2134 0.000000
2135 3.667415
2136 3.217738
2137 0.000000
2138 3.189747
2139 2.963502
2140 0.000000
2141 3.477434
2142 0.000000
2143 3.255106
2144 3.292530
2145 0.000000
2146 3.491266
2147 3.042180
2148 0.000000
2149 2.771946
2150 2.873415
2151 0.000000
2152 3.156323
2153 0.000000
2154 3.153331
2155 3.306719
2156 0.000000
2157 3.077913
2158 3.148990
2159 0.000000
2160 4.284803
2161 0.000000
2162 4.028421
2163 3.351853
2164 0.000000
2165 3.519345
2166 3.843027
2167 0.000000
2168 3.515977
2169 3.181097
2170 0.000000
2171 3.513123
2172 0.000000
2173 3.651982
2174 3.669137
2175 0.000000
2176 3.991374
2177 3.411622
2178 0.000000
2179 3.401299
2180 3.271661
2181 0.000000
2182 3.616209
2183 0.000000
2184 3.795992
2185 3.798892
2186 0.000000
2187 4.316757
2188 3.716684
2189 0.000000
2190 3.421302
2191 3.129654
2192 0.000000
2193 3.134322
2194 0.000000
2195 2.802757
2196 3.391851
2197 0.000000
2198 2.775405
2199 2.617116
2200 0.000000
2201 2.560704
2202 0.000000
2203 3.004673
2204 2.531235
2205 0.000000
2206 2.719369
2207 2.822502
2208 0.000000
2209 2.449559
2210 2.426830
2211 0.000000
2212 2.944374
2213 0.000000
2214 2.628269
2215 2.542972
2216 0.000000
2217 3.037656
2218 2.743458
2219 0.000000
2220 2.552832
2221 2.650107
2222 0.000000
2223 3.023252
2224 0.000000
2225 2.951210
2226 2.946941
2227 0.000000
2228 3.117059
2229 2.525314
2230 0.000000
2231 2.829532
2232 2.664666
2233 0.000000
2234 3.172736
2235 0.000000
2236 3.389231
2237 3.599986
2238 0.000000
2239 3.707709
2240 3.245686
2241 0.000000
2242 3.173868
2243 0.000000
2244 3.355455
2245 3.139012
2246 0.000000
2247 2.864474
2248 3.161826
2249 0.000000
2250 2.619810
2251 2.449258
2252 0.000000
2253 2.619491
2254 0.000000
2255 2.826751
2256 2.809011
2257 0.000000
2258 2.778356
2259 3.268032
2260 0.000000
2261 2.924048
2262 3.289729
2263 0.000000
2264 3.549340
2265 0.000000
2266 3.466344
2267 3.539247
2268 0.000000
2269 3.770423
2270 3.244607
2271 0.000000
2272 3.033135
2273 0.000000
2274 2.977093
2275 3.087192
2276 0.000000
2277 3.058279
2278 3.145143
2279 0.000000
2280 3.655554
2281 3.140493
2282 0.000000
2283 2.854756
2284 0.000000
2285 3.236487
2286 2.507522
2287 0.000000
2288 2.516153
2289 3.246566
2290 0.000000
2291 2.815366
2292 2.684868
2293 0.000000
2294 2.595117
2295 0.000000
2296 3.079492
2297 2.858870
2298 0.000000
2299 3.349842
2300 3.229271
2301 0.000000
2302 2.442497
2303 2.438665
2304 0.000000
2305 3.194080
2306 0.000000
2307 2.972155
2308 3.236648
2309 0.000000
2310 3.292313
2311 2.712091
2312 0.000000
2313 2.316912
2314 2.813122
2315 0.000000
2316 3.043780
2317 0.000000
2318 3.072065
2319 2.650799
2320 0.000000
2321 3.177172
2322 2.581138
2323 0.000000
2324 2.481607
2325 2.617456
2326 0.000000
2327 3.031142
2328 0.000000
2329 2.844917
2330 3.079676
2331 0.000000
2332 2.885849
2333 2.655574
2334 0.000000
2335 2.896401
2336 0.000000
2337 3.296829
2338 3.147368
2339 0.000000
2340 3.228998
2341 3.506665
2342 0.000000
2343 2.962877
2344 2.896683
2345 0.000000
2346 3.136333
2347 0.000000
2348 3.061525
2349 3.221379
2350 0.000000
2351 3.373766
2352 3.597316
2353 0.000000
2354 2.957624
2355 2.884928
2356 0.000000
2357 3.139970
2358 0.000000
2359 3.451992
2360 3.209028
2361 0.000000
2362 3.453883
2363 3.077710
2364 0.000000
2365 3.224074
2366 3.208673
2367 0.000000
2368 3.745842
2369 0.000000
2370 3.371311
2371 2.965919
2372 0.000000
2373 3.240728
2374 2.993750
2375 0.000000
2376 2.727747
2377 2.936165
2378 0.000000
2379 3.003686
2380 0.000000
2381 3.114806
2382 3.132411
2383 0.000000
2384 2.870322
2385 2.807478
2386 0.000000
2387 2.977564
2388 0.000000
2389 6.126389
2390 32.098568
2391 0.000000
2392 5.686653
2393 4.696110
2394 0.000000
2395 3.869653
2396 3.468732
2397 0.000000
2398 4.078230
2399 0.000000
2400 2.711460
2401 2.444405
2402 0.000000
2403 2.976789
2404 3.301890
2405 0.000000
2406 2.617728
2407 2.439441
2408 0.000000
2409 3.480693
2410 0.000000
2411 3.187382
2412 2.693773
2413 0.000000
2414 4.033692
2415 2.825111
2416 0.000000
2417 2.617482
2418 3.026655
2419 0.000000
2420 3.271176
2421 0.000000
2422 2.478159
2423 2.928552
2424 0.000000
2425 3.175685
2426 2.736250
2427 0.000000
2428 3.276301
2429 0.000000
2430 4.053354
2431 3.311021
2432 0.000000
2433 3.129462
2434 4.284102
2435 0.000000
2436 3.379989
2437 2.815465
2438 0.000000
2439 3.335319
2440 0.000000
2441 2.912202
2442 2.469643
2443 0.000000
2444 3.115064
2445 3.747163
2446 0.000000
2447 3.009696
2448 3.203105
2449 0.000000
2450 3.757698
2451 0.000000
2452 3.038442
2453 2.742462
2454 0.000000
2455 3.520099
2456 2.313596
2457 0.000000
2458 2.172824
2459 0.000000
2460 2.960181
2461 2.757848
2462 0.000000
2463 2.559470
2464 2.656192
2465 0.000000
2466 3.572132
2467 2.690344
2468 0.000000
2469 2.555352
2470 3.912722
2471 0.000000
2472 3.484510
2473 0.000000
2474 2.959249
2475 3.427822
2476 0.000000
2477 2.686524
2478 3.234323
2479 0.000000
2480 2.648511
2481 0.000000
2482 2.958218
2483 2.373618
2484 0.000000
2485 2.662544
2486 3.527829
2487 0.000000
2488 2.768372
2489 2.787539
2490 0.000000
2491 3.493483
2492 0.000000
2493 2.791412
2494 2.890348
2495 0.000000
2496 3.681573
2497 2.945261
2498 0.000000
2499 2.942103
2500 2.900691
2501 0.000000
2502 4.254686
2503 0.000000
2504 3.157542
2505 3.226231
2506 0.000000
2507 3.817380
2508 2.918020
2509 0.000000
2510 3.405004
2511 0.000000
2512 4.117573
2513 3.285369
2514 0.000000
2515 3.148577
2516 2.994257
2517 0.000000
2518 3.097563
2519 2.563927
2520 0.000000
2521 3.286206
2522 0.000000
2523 3.490747
2524 2.797071
2525 0.000000
2526 2.816747
2527 3.785439
2528 0.000000
2529 2.785318
2530 3.193968
2531 0.000000
2532 3.861957
2533 0.000000
2534 3.529364
2535 3.419922
2536 0.000000
2537 3.388994
2538 3.246421
2539 0.000000
2540 2.573894
2541 2.577337
2542 0.000000
2543 3.643962
2544 0.000000
2545 3.251463
2546 2.987766
2547 0.000000
2548 3.946125
2549 2.621763
2550 0.000000
2551 2.903933
2552 0.000000
2553 2.958253
2554 3.679638
2555 0.000000
2556 2.731465
2557 3.034520
2558 0.000000
2559 3.474921
2560 2.662335
2561 0.000000
2562 2.886548
2563 0.000000
2564 4.913271
2565 3.815211
2566 0.000000
2567 3.793559
2568 4.416136
2569 0.000000
2570 3.494751
2571 3.425658
2572 0.000000
2573 3.743048
2574 0.000000
2575 4.059099
2576 4.039779
2577 0.000000
2578 3.380419
2579 3.595746
2580 0.000000
2581 2.775595
2582 2.989543
2583 0.000000
2584 4.191132
2585 0.000000
2586 3.058416
2587 3.336099
2588 0.000000
2589 3.641227
2590 3.209469
2591 0.000000
2592 2.890860
2593 2.949874
2594 0.000000
2595 3.836277
2596 0.000000
2597 2.846603
2598 2.662352
2599 0.000000
2600 3.561318
2601 2.700678
2602 0.000000
2603 2.604750
2604 0.000000
2605 3.930170
2606 2.860786
2607 0.000000
2608 2.498584
2609 3.048687
2610 0.000000
2611 2.723729
2612 2.733580
2613 0.000000
2614 2.803381
2615 0.000000
2616 3.835601
2617 3.862644
2618 0.000000
2619 3.699554
2620 4.553365
2621 0.000000
2622 3.441364
2623 3.053491
2624 0.000000
2625 3.681628
2626 0.000000
2627 3.930628
2628 3.704796
2629 0.000000
2630 3.480966
2631 3.586285
2632 0.000000
2633 2.768708
2634 2.947210
2635 0.000000
2636 4.119416
2637 0.000000
2638 3.188139
2639 2.647280
2640 0.000000
2641 3.515169
2642 2.420372
2643 0.000000
2644 2.260382
2645 0.000000
2646 3.147296
2647 2.645863
2648 0.000000
2649 2.339777
2650 2.618714
2651 0.000000
2652 2.972789
2653 2.131919
2654 0.000000
2655 2.459843
2656 0.000000
2657 3.884397
2658 2.409970
2659 0.000000
2660 2.288156
2661 3.406473
2662 0.000000
2663 2.653435
2664 2.285706
2665 0.000000
2666 2.756761
2667 0.000000
2668 3.126102
2669 2.469049
2670 0.000000
2671 2.778256
2672 3.563598
2673 0.000000
2674 2.581530
2675 2.519553
2676 0.000000
2677 3.696097
2678 0.000000
2679 2.803224
2680 2.954696
2681 0.000000
2682 3.923673
2683 3.208604
2684 0.000000
2685 2.638165
2686 2.420501
2687 0.000000
2688 3.893749
2689 0.000000
2690 2.617202
2691 2.537499
2692 0.000000
2693 3.527488
2694 2.602603
2695 0.000000
2696 2.865167
2697 2.955680
2698 0.000000
2699 3.284422
2700 0.000000
2701 2.987447
2702 3.666406
2703 0.000000
2704 4.164191
2705 34.781738
2706 0.000000
2707 9.347217
2708 12.984221
2709 0.000000
2710 13.328024
2711 0.000000
2712 11.530029
2713 12.206947
2714 0.000000
2715 8.639352
2716 11.518289
2717 0.000000
2718 11.593097
2719 11.779704
2720 0.000000
2721 11.334084
2722 0.000000
2723 11.349416
2724 8.575005
2725 0.000000
2726 10.320923
2727 8.367243
2728 0.000000
2729 6.554032
2730 0.000000
2731 5.301665
2732 6.105913
2733 0.000000
2734 9.858358
2735 7.783056
2736 0.000000
2737 7.882366
2738 4.644459
2739 0.000000
2740 6.238013
2741 0.000000
2742 10.970124
2743 9.896740
2744 6.683653
2745 0.000000
2746 8.889150
2747 0.000000
2748 8.425676
2749 11.365491
2750 0.000000
2751 10.633687
2752 9.207992
2753 0.000000
2754 8.607761
2755 0.000000
2756 12.915288
2757 12.678268
2758 0.000000
2759 12.320486
2760 13.824029
2761 0.000000
2762 13.952178
2763 13.341339
2764 0.000000
2765 14.277806
2766 0.000000
2767 14.523004
2768 13.622285
2769 0.000000
2770 14.840985
2771 13.064819
2772 0.000000
2773 13.852500
2774 0.000000
2775 15.001229
2776 13.165732
2777 0.000000
2778 14.491514
2779 12.844592
2780 0.000000
2781 11.940017
2782 12.874264
2783 0.000000
2784 10.934033
2785 0.000000
2786 9.915999
2787 11.459344
2788 0.000000
2789 10.610042
2790 10.563252
2791 0.000000
2792 12.957665
2793 10.909104
2794 0.000000
2795 12.388845
2796 0.000000
2797 14.723282
2798 15.615501
2799 0.000000
2800 13.826510
2801 13.780722
2802 0.000000
2803 15.691387
2804 0.000000
2805 15.094379
2806 14.182851
2807 0.000000
2808 16.452437
2809 15.655663
2810 0.000000
2811 13.676418
2812 14.176508
2813 0.000000
2814 16.780271
2815 0.000000
2816 10.408811
2817 15.387690
2818 0.000000
2819 8.476343
2820 7.307118
2821 0.000000
2822 8.903256
2823 0.000000
2824 9.291105
2825 6.171177
2826 0.000000
2827 6.227593
2828 4.534078
2829 0.000000
2830 6.285952
2831 6.670162
2832 0.000000
2833 7.629545
2834 0.000000
2835 7.133255
2836 5.620900
2837 0.000000
2838 7.120987
2839 5.626481
2840 0.000000
2841 5.857319
2842 6.742755
2843 0.000000
2844 6.800410
2845 5.335648
2846 0.000000
2847 6.982575
2848 0.000000
2849 5.106417
2850 8.366722
2851 0.000000
2852 7.829289
2853 11.097706
2854 0.000000
2855 9.815342
2856 0.000000
2857 10.627692
2858 11.418675
2859 0.000000
2860 15.324719
2861 13.694162
2862 0.000000
2863 13.932374
2864 16.319068
2865 0.000000
2866 15.261637
2867 0.000000
2868 15.070015
2869 16.229971
2870 0.000000
2871 15.566291
2872 15.207571
2873 0.000000
2874 13.693212
2875 0.000000
2876 14.520718
2877 14.641017
2878 0.000000
2879 13.775469
2880 14.555802
2881 0.000000
2882 14.714737
2883 11.165343
2884 0.000000
2885 12.283868
2886 0.000000
2887 12.288723
2888 13.419444
2889 0.000000
2890 14.542788
2891 13.720574
2892 0.000000
2893 11.072625
2894 6.624384
2895 0.000000
2896 6.218041
2897 0.000000
2898 7.992215
2899 5.329631
2900 0.000000
2901 5.541388
2902 6.561323
2903 0.000000
2904 6.066700
2905 0.000000
2906 8.162298
2907 13.417790
2908 0.000000
2909 29.778603
2910 12.703089
2911 0.000000
2912 13.660734
2913 12.901777
2914 0.000000
2915 6.457660
2916 0.000000
2917 9.544351
2918 14.007074
2919 0.000000
2920 6.405006
2921 3.670308
2922 0.000000
2923 5.633534
2924 7.443230
2925 0.000000
2926 7.838267
2927 0.000000
2928 9.125984
2929 6.324895
2930 0.000000
2931 7.537978
2932 16.096360
2933 0.000000
2934 4.311902
2935 0.000000
2936 4.381318
2937 3.634933
2938 0.000000
2939 11.044825
2940 6.552864
2941 0.000000
2942 7.083943
2943 12.510697
2944 0.000000
2945 12.166024
2946 0.000000
2947 9.908570
2948 10.030336
2949 0.000000
2950 9.758021
2951 10.533700
2952 0.000000
2953 7.704907
2954 11.377397
2955 0.000000
2956 5.595450
2957 0.000000
2958 8.102765
2959 4.322441
2960 0.000000
2961 4.457164
2962 8.983215
2963 0.000000
2964 6.841826
2965 4.883671
2966 0.000000
2967 4.252967
2968 0.000000
2969 9.823646
2970 7.076627
2971 0.000000
2972 8.832792
2973 11.059482
2974 0.000000
2975 8.904306
2976 0.000000
2977 9.806646
2978 10.534478
2979 0.000000
2980 9.059315
2981 11.127490
2982 0.000000
2983 9.086855
2984 9.332129
2985 0.000000
2986 4.785553
2987 0.000000
2988 10.911354
2989 10.717083
2990 0.000000
2991 9.905985
2992 12.711723
2993 0.000000
2994 14.380479
2995 11.327323
2996 0.000000
2997 11.263047
2998 0.000000
2999 9.086983
3000 10.522790
3001 0.000000
3002 12.501970
3003 10.286957
3004 0.000000
3005 4.905585
3006 9.454419
3007 0.000000
3008 8.862378
3009 0.000000
3010 6.495486
3011 4.144997
3012 0.000000
3013 6.067143
3014 8.695756
3015 0.000000
3016 13.007004
3017 0.000000
3018 8.425345
3019 10.209235
3020 0.000000
3021 9.425650
3022 5.340279
3023 0.000000
3024 12.620986
3025 10.330999
3026 0.000000
3027 13.323978
3028 0.000000
3029 8.019181
3030 8.358661
3031 0.000000
3032 8.987600
3033 4.591877
3034 0.000000
3035 5.686947
3036 6.825034
3037 0.000000
3038 7.267520
3039 0.000000
3040 6.923074
3041 7.945001
3042 0.000000
3043 3.942236
3044 13.468871
3045 0.000000
3046 3.961831
3047 11.568338
3048 0.000000
3049 9.543445
3050 0.000000
3051 8.020474
3052 5.574515
3053 0.000000
3054 8.400321
3055 4.925899
3056 0.000000
3057 12.051527
3058 11.165333
3059 0.000000
3060 6.250792
3061 0.000000
3062 5.554962
3063 8.597185
3064 0.000000
3065 9.937012
3066 13.149857
3067 0.000000
3068 9.634416
3069 0.000000
3070 9.235633
3071 8.092063
3072 0.000000
3073 3.548671
3074 9.384805
3075 0.000000
3076 12.641460
3077 8.771096
3078 0.000000
3079 5.232989
3080 0.000000
3081 8.533661
3082 6.182382
3083 0.000000
3084 7.991289
3085 11.749439
3086 0.000000
3087 9.484260
3088 8.331217
3089 0.000000
3090 7.918676
3091 0.000000
3092 4.100664
3093 11.972212
3094 0.000000
3095 11.007327
3096 10.964848
3097 0.000000
3098 7.167945
3099 7.977544
3100 0.000000
3101 10.501281
3102 0.000000
3103 10.160184
3104 9.458841
3105 0.000000
3106 13.547134
3107 11.009361
3108 0.000000
3109 10.455799
3110 9.707968
3111 0.000000
3112 10.260488
3113 0.000000
3114 13.545836
3115 10.110676
3116 0.000000
3117 6.469037
3118 10.505290
3119 0.000000
3120 6.106417
3121 0.000000
3122 4.825017
3123 6.083591
3124 0.000000
3125 5.623010
3126 6.917226
3127 0.000000
3128 10.215288
3129 7.811267
3130 0.000000
3131 8.870823
3132 0.000000
3133 9.685786
3134 6.226281
3135 0.000000
3136 6.834768
3137 5.863917
3138 0.000000
3139 4.572696
3140 7.018672
3141 0.000000
3142 4.834226
3143 0.000000
3144 5.692051
3145 7.204663
3146 0.000000
3147 5.246934
3148 4.890626
3149 0.000000
3150 6.181414
3151 6.023249
3152 0.000000
3153 6.961967
3154 0.000000
3155 7.969145
3156 9.795662
3157 0.000000
3158 12.175331
3159 11.985055
3160 0.000000
3161 6.351900
3162 0.000000
3163 5.750500
3164 10.122749
3165 0.000000
3166 6.552012
3167 4.611163
3168 0.000000
3169 5.428162
3170 3.634267
3171 0.000000
3172 3.911396
3173 0.000000
3174 4.635514
3175 4.048291
3176 0.000000
3177 6.692026
3178 7.794559
3179 0.000000
3180 9.920411
3181 9.674473
3182 0.000000
3183 8.807740
3184 0.000000
3185 9.140029
3186 6.650198
3187 0.000000
3188 9.471726
3189 9.302857
3190 0.000000
3191 2.881685
3192 6.370839
3193 0.000000
3194 6.469947
3195 0.000000
3196 6.279201
3197 5.315640
3198 0.000000
3199 10.072780
3200 9.460094
3201 0.000000
3202 8.936625
3203 0.000000
3204 7.782511
3205 10.570258
3206 0.000000
3207 8.362723
3208 7.164221
3209 0.000000
3210 9.850821
3211 9.950142
3212 0.000000
3213 6.226753
3214 0.000000
3215 8.933565
3216 4.683214
3217 0.000000
3218 7.658981
3219 10.541333
3220 0.000000
3221 6.421538
3222 6.725912
3223 0.000000
3224 6.668456
3225 0.000000
3226 6.412309
3227 9.335184
3228 0.000000
3229 7.898767
3230 7.607341
3231 0.000000
3232 5.748861
3233 12.718206
3234 0.000000
3235 9.627730
3236 0.000000
3237 3.681879
3238 9.306853
3239 0.000000
3240 6.654390
3241 10.635050
3242 0.000000
3243 10.614942
3244 9.611399
3245 0.000000
3246 12.260855
3247 0.000000
3248 8.790499
3249 11.235726
3250 0.000000
3251 14.057702
3252 11.535608
3253 0.000000
3254 5.498803
3255 0.000000
3256 6.996503
3257 12.724808
3258 0.000000
3259 9.055682
3260 14.091681
3261 0.000000
3262 9.417808
3263 6.551647
3264 0.000000
3265 11.163446
3266 0.000000
3267 8.785186
3268 10.651389
3269 0.000000
3270 8.506800
3271 9.681494
3272 0.000000
3273 4.490651
3274 5.642985
3275 0.000000
3276 6.845215
3277 0.000000
3278 10.233898
3279 7.454956
3280 0.000000
3281 4.318531
3282 5.440189
3283 0.000000
3284 5.176785
3285 10.514591
3286 0.000000
3287 11.910158
3288 0.000000
3289 14.140323
3290 11.208777
3291 0.000000
3292 10.342135
3293 11.084172
3294 0.000000
3295 11.198436
3296 0.000000
3297 9.351075
3298 8.214708
3299 0.000000
3300 8.859624
3301 10.329806
3302 0.000000
3303 13.421422
3304 11.726124
3305 0.000000
3306 12.750027
3307 0.000000
3308 12.039667
3309 12.333700
3310 0.000000
3311 10.020940
3312 13.296429
3313 0.000000
3314 9.597433
3315 6.255195
3316 0.000000
3317 8.551423
3318 0.000000
3319 10.472662
3320 13.033038
3321 0.000000
3322 14.228327
3323 12.666323
3324 0.000000
3325 13.120194
3326 13.355516
3327 0.000000
3328 13.913130
3329 0.000000
3330 13.449708
3331 14.125214
3332 0.000000
3333 14.425878
3334 14.131169
3335 0.000000
3336 14.320229
3337 14.508080
3338 0.000000
3339 14.902258
3340 0.000000
3341 14.315967
3342 15.229323
3343 0.000000
3344 15.145836
3345 13.984355
3346 0.000000
3347 14.132064
3348 13.689582
3349 0.000000
3350 13.330738
3351 0.000000
3352 11.573301
3353 14.157739
3354 0.000000
3355 10.292373
3356 6.851407
3357 0.000000
3358 8.808716
3359 0.000000
3360 8.963292
3361 4.791413
3362 0.000000
3363 10.661583
3364 7.492165
3365 0.000000
3366 7.472089
3367 9.603648
3368 0.000000
3369 11.008048
3370 0.000000
3371 10.816371
3372 13.887719
3373 0.000000
3374 9.641633
3375 11.928796
3376 0.000000
3377 9.759556
3378 13.063468
3379 0.000000
3380 13.093429
3381 0.000000
3382 13.896832
3383 12.847750
3384 0.000000
3385 13.222647
3386 13.525989
3387 0.000000
3388 11.480855
3389 10.087368
3390 0.000000
3391 14.209996
3392 0.000000
3393 12.134503
3394 11.443640
3395 0.000000
3396 13.299088
3397 10.020782
3398 0.000000
3399 12.257878
3400 0.000000
3401 12.168106
3402 14.049388
3403 0.000000
3404 13.189640
3405 12.646141
3406 9.785999
3407 0.000000
3408 13.740854
3409 0.000000
3410 12.874099
3411 12.347588
3412 0.000000
3413 13.596712
3414 13.316108
3415 0.000000
3416 14.450722
3417 0.000000
3418 11.209139
3419 11.726093
3420 0.000000
3421 14.930927
3422 28.627825
3423 0.000000
3424 9.656347
3425 4.749802
3426 0.000000
3427 10.466808
3428 0.000000
3429 5.293272
3430 4.157970
3431 0.000000
3432 4.215466
3433 6.410104
3434 0.000000
3435 3.332906
3436 0.000000
3437 3.211492
3438 2.923348
3439 0.000000
3440 4.671604
3441 7.364082
3442 0.000000
3443 4.189859
3444 5.221001
3445 0.000000
3446 7.462317
3447 0.000000
3448 8.349563
3449 7.307939
3450 0.000000
3451 6.356872
3452 7.202940
3453 0.000000
3454 6.816642
3455 6.518035
3456 0.000000
3457 5.487755
3458 0.000000
3459 6.696149
3460 4.215469
3461 0.000000
3462 3.485657
3463 7.144353
3464 0.000000
3465 3.622902
3466 0.000000
3467 5.936999
3468 8.930932
3469 0.000000
3470 7.368994
3471 9.567023
3472 0.000000
3473 11.354526
3474 9.388038
3475 0.000000
3476 8.002089
3477 0.000000
3478 5.081590
3479 4.757817
3480 0.000000
3481 3.411452
3482 5.079732
3483 0.000000
3484 7.242996
3485 0.000000
3486 4.470069
3487 3.127138
3488 0.000000
3489 5.301895
3490 6.135040
3491 0.000000
3492 4.562191
3493 4.707499
3494 0.000000
3495 5.929532
3496 0.000000
3497 7.860430
3498 8.595884
3499 0.000000
3500 9.563969
3501 8.169410
3502 0.000000
3503 4.436621
3504 8.408044
3505 0.000000
3506 8.347451
3507 0.000000
3508 4.802075
3509 4.038824
3510 0.000000
3511 4.211899
3512 5.651404
3513 0.000000
3514 7.858625
3515 0.000000
3516 8.470475
3517 9.186244
3518 0.000000
3519 7.929674
3520 7.225920
3521 0.000000
3522 4.987291
3523 10.293084
3524 0.000000
3525 9.194524
3526 7.193127
3527 0.000000
3528 8.504605
3529 0.000000
3530 7.405801
3531 7.474718
3532 0.000000
3533 9.715296
3534 10.728603
3535 0.000000
3536 11.524270
3537 0.000000
3538 10.470567
3539 10.139315
3540 0.000000
3541 7.951091
3542 9.277316
3543 0.000000
3544 12.443865
3545 10.767062
3546 0.000000
3547 4.996816
3548 0.000000
3549 8.350660
3550 6.728709
3551 0.000000
3552 6.627955
3553 6.743101
3554 0.000000
3555 7.751751
3556 0.000000
3557 4.629090
3558 8.534135
3559 0.000000
3560 6.586435
3561 4.216216
3562 0.000000
3563 7.234194
3564 7.312586
3565 0.000000
3566 5.790243
3567 0.000000
3568 4.117248
3569 5.994609
3570 0.000000
3571 9.257443
3572 6.208327
3573 0.000000
3574 8.889900
3575 6.758668
3576 0.000000
3577 6.042888
3578 0.000000
3579 6.778587
3580 8.433476
3581 0.000000
3582 7.221493
3583 5.368722
3584 0.000000
3585 6.385077
3586 5.740263
3587 0.000000
3588 7.011854
3589 0.000000
3590 6.730132
3591 9.924919
3592 0.000000
3593 5.543956
3594 6.991134
3595 0.000000
3596 5.803162
3597 0.000000
3598 6.628135
3599 4.214734
3600 0.000000
3601 6.194566
3602 4.824785
3603 0.000000
3604 9.712105
3605 7.291593
3606 0.000000
3607 36.018292
3608 6.025855
3609 0.000000
3610 4.208575
3611 0.000000
3612 2.840272
3613 2.978622
3614 0.000000
3615 2.273300
3616 2.054736
3617 0.000000
3618 2.693865
3619 0.000000
3620 1.884113
3621 2.062025
3622 0.000000
3623 2.835388
3624 1.960078
3625 0.000000
3626 2.138959
3627 2.323816
3628 0.000000
3629 2.980645
3630 2.072970
3631 0.000000
3632 1.831131
3633 0.000000
3634 2.477887
3635 2.005194
3636 0.000000
3637 2.026539
3638 2.554857
3639 0.000000
3640 2.182627
3641 0.000000
3642 2.165368
3643 2.033097
3644 2.581725
3645 0.000000
3646 1.839894
3647 0.000000
3648 1.843415
3649 2.590107
3650 0.000000
3651 2.216864
3652 2.199782
3653 0.000000
3654 2.838575
3655 0.000000
3656 2.456272
3657 1.831507
3658 0.000000
3659 2.552652
3660 2.474557
3661 0.000000
3662 2.006336
3663 2.046392
3664 0.000000
3665 2.982010
3666 0.000000
3667 2.096698
3668 1.938134
3669 0.000000
3670 2.547012
3671 1.965359
3672 0.000000
3673 2.051726
3674 0.000000
3675 2.558730
3676 2.060401
3677 0.000000
3678 2.096360
3679 1.924821
3680 0.000000
3681 2.435663
3682 2.069015
3683 0.000000
3684 2.453744
3685 0.000000
3686 2.809604
3687 2.089376
3688 0.000000
3689 1.973887
3690 2.807377
3691 0.000000
3692 2.539624
3693 2.444440
3694 0.000000
3695 2.760061
3696 0.000000
3697 2.330281
3698 1.999730
3699 0.000000
3700 2.400131
3701 2.662379
3702 0.000000
3703 1.994238
3704 0.000000
3705 2.083532
3706 3.201939
3707 0.000000
3708 1.878783
3709 1.861911
3710 0.000000
3711 2.047055
3712 2.426998
3713 0.000000
3714 2.436361
3715 0.000000
3716 2.627392
3717 2.276084
3718 0.000000
3719 1.964326
3720 1.889227
3721 0.000000
3722 2.179977
3723 0.000000
3724 2.264292
3725 2.395114
3726 0.000000
3727 3.608353
3728 1.902721
3729 0.000000
3730 2.147993
3731 1.855806
3732 0.000000
3733 2.668092
3734 0.000000
3735 1.859780
3736 2.533546
3737 0.000000
3738 2.150643
3739 1.786804
3740 0.000000
3741 2.045601
3742 1.982034
3743 0.000000
3744 2.462488
3745 0.000000
3746 1.829330
3747 2.331283
3748 0.000000
3749 1.824830
3750 1.803704
3751 0.000000
3752 2.060016
3753 0.000000
3754 2.058424
3755 1.733108
3756 0.000000
3757 2.142387
3758 2.099208
3759 0.000000
3760 2.079653
3761 1.707451
3762 0.000000
3763 2.360588
3764 0.000000
3765 1.699463
3766 1.955639
3767 0.000000
3768 2.174515
3769 1.836131
3770 0.000000
3771 1.759242
3772 0.000000
3773 1.972685
3774 2.138292
3775 0.000000
3776 1.751675
3777 2.188984
3778 0.000000
3779 2.161537
3780 1.618293
3781 0.000000
3782 1.697787
3783 0.000000
3784 2.788931
3785 1.980301
3786 0.000000
3787 2.099132
3788 2.179447
3789 0.000000
3790 1.936450
3791 2.047374
3792 0.000000
3793 1.895427
3794 0.000000
3795 2.084402
3796 1.768828
3797 0.000000
3798 1.733118
3799 2.627086
3800 0.000000
3801 1.968746
3802 2.107726
3803 0.000000
3804 2.122283
3805 0.000000
3806 1.828748
3807 1.755075
3808 0.000000
3809 2.584129
3810 2.049133
3811 0.000000
3812 1.728299
3813 0.000000
3814 1.629614
3815 2.081374
3816 0.000000
3817 1.764522
3818 1.600427
3819 0.000000
3820 2.099085
3821 1.541237
3822 0.000000
3823 1.621876
3824 0.000000
3825 2.093724
3826 1.682847
3827 0.000000
3828 1.645678
3829 1.807278
3830 0.000000
3831 2.232128
3832 1.898600
3833 0.000000
3834 1.913781
3835 0.000000
3836 2.237706
3837 1.664284
3838 0.000000
3839 1.750511
3840 2.192233
3841 0.000000
3842 2.052765
3843 1.816332
3844 0.000000
3845 1.994441
3846 0.000000
3847 2.249228
3848 1.858074
3849 0.000000
3850 1.942159
3851 2.155271
3852 0.000000
3853 1.682666
3854 1.709019
3855 0.000000
3856 2.242327
3857 0.000000
3858 1.773850
3859 1.822875
3860 0.000000
3861 2.202364
3862 1.811565
3863 0.000000
3864 1.675060
3865 1.817160
3866 0.000000
3867 2.308695
3868 0.000000
3869 2.083463
3870 1.941392
3871 0.000000
3872 2.286293
3873 1.727950
3874 0.000000
3875 1.827227
3876 2.077484
3877 0.000000
3878 2.093874
3879 0.000000
3880 2.251231
3881 2.480408
3882 0.000000
3883 2.060206
3884 1.821849
3885 0.000000
3886 1.904088
3887 0.000000
3888 2.474954
3889 2.130975
3890 0.000000
3891 2.101194
3892 2.635675
3893 0.000000
3894 2.110216
3895 2.186579
3896 0.000000
3897 2.404012
3898 0.000000
3899 2.154712
3900 2.026024
3901 0.000000
3902 2.221838
3903 2.246220
3904 0.000000
3905 1.763105
3906 1.776464
3907 0.000000
3908 2.288084
3909 0.000000
3910 2.137267
3911 7.191388
3912 0.000000
3913 3.299988
3914 2.325057
3915 0.000000
3916 2.651582
3917 2.623596
3918 0.000000
3919 2.702711
3920 0.000000
3921 2.587916
3922 2.757161
3923 0.000000
3924 2.811689
3925 2.121515
3926 0.000000
3927 1.892382
3928 0.000000
3929 2.389332
3930 2.160552
3931 0.000000
3932 2.211375
3933 2.609832
3934 0.000000
3935 2.295066
3936 2.140455
3937 0.000000
3938 2.142011
3939 0.000000
3940 2.642482
3941 2.491461
3942 0.000000
3943 2.246981
3944 2.637931
3945 0.000000
3946 2.308992
3947 2.668265
3948 0.000000
3949 3.066561
3950 0.000000
3951 2.534874
3952 2.797418
3953 0.000000
3954 3.132176
3955 2.616083
3956 0.000000
3957 2.126039
3958 2.048796
3959 0.000000
3960 3.400025
3961 0.000000
3962 3.288974
3963 2.492724
3964 0.000000
3965 3.026257
3966 2.422441
3967 0.000000
3968 2.964199
3969 3.192232
3970 0.000000
3971 3.569097
3972 0.000000
3973 3.789630
3974 4.169544
3975 0.000000
3976 4.357157
3977 3.994683
3978 0.000000
3979 4.117291
3980 0.000000
3981 4.456195
3982 4.483119
3983 0.000000
3984 5.617734
3985 4.887847
3986 0.000000
3987 4.643260
3988 4.612799
3989 0.000000
3990 5.143881
3991 0.000000
3992 5.465245
3993 5.459999
3994 0.000000
3995 5.388476
3996 5.719537
3997 0.000000
3998 5.202395
3999 4.726844
4000 0.000000
4001 5.018266
4002 0.000000
4003 4.617244
4004 3.893863
4005 0.000000
4006 5.005647
4007 4.031187
4008 0.000000
4009 3.985979
4010 3.796444
4011 0.000000
4012 4.436847
4013 0.000000
4014 5.244866
4015 3.215593
4016 0.000000
4017 3.876602
4018 3.561745
4019 0.000000
4020 3.863833
4021 4.720343
4022 0.000000
4023 5.270385
4024 0.000000
4025 4.055632
4026 4.182327
4027 0.000000
4028 4.136826
4029 4.126282
4030 0.000000
4031 3.805261
4032 0.000000
4033 4.915092
4034 4.268899
4035 0.000000
4036 3.927241
4037 3.979532
4038 0.000000
4039 2.992728
4040 3.519916
4041 0.000000
4042 3.540937
4043 0.000000
4044 2.520289
4045 3.050906
4046 0.000000
4047 3.515107
4048 4.320465
4049 0.000000
4050 3.560456
4051 0.000000
4052 3.662496
4053 5.458369
4054 0.000000
4055 4.443350
4056 3.624961
4057 0.000000
4058 3.670582
4059 3.204571
4060 0.000000
4061 4.570011
4062 0.000000
4063 5.027594
4064 6.165427
4065 0.000000
4066 6.053981
4067 5.711231
4068 0.000000
4069 5.176132
4070 3.432411
4071 0.000000
4072 3.185031
4073 0.000000
4074 4.227690
4075 4.680815
4076 0.000000
4077 4.761405
4078 4.142861
4079 0.000000
4080 3.510614
4081 3.129130
4082 0.000000
4083 4.126368
4084 0.000000
4085 5.008911
4086 3.902379
4087 0.000000
4088 4.009962
4089 5.977449
4090 0.000000
4091 5.535729
4092 0.000000
4093 3.866487
4094 4.651883
4095 0.000000
4096 4.600640
4097 5.064546
4098 0.000000
4099 4.604428
4100 4.405685
4101 0.000000
4102 4.357649
4103 0.000000
4104 4.090219
4105 5.134930
4106 0.000000
4107 4.856949
4108 4.617428
4109 0.000000
4110 20.816132
4111 5.671261
4112 0.000000
4113 4.607689
4114 0.000000
4115 4.489230
4116 2.369717
4117 0.000000
4118 4.290328
4119 4.253962
4120 0.000000
4121 2.246951
4122 2.638267
4123 0.000000
4124 4.380442
4125 0.000000
4126 4.904752
4127 5.758277
4128 0.000000
4129 6.463425
4130 4.483642
4131 0.000000
4132 6.306367
4133 5.788097
4134 0.000000
4135 6.766846
4136 0.000000
4137 7.572023
4138 5.713922
4139 0.000000
4140 7.133070
4141 7.701751
4142 0.000000
4143 9.363229
4144 10.069677
4145 0.000000
4146 10.290056
4147 0.000000
4148 11.115882
4149 8.799909
4150 0.000000
4151 8.151367
4152 6.289143
4153 0.000000
4154 6.227445
4155 3.293451
4156 0.000000
4157 4.296242
4158 0.000000
4159 3.561526
4160 4.268033
4161 0.000000
4162 5.294202
4163 5.359259
4164 0.000000
4165 2.466195
4166 0.000000
4167 3.777406
4168 3.321536
4169 0.000000
4170 2.830197
4171 3.722642
4172 0.000000
4173 4.459164
4174 4.680149
4175 0.000000
4176 4.157788
4177 0.000000
4178 3.120670
4179 3.199698
4180 0.000000
4181 3.083647
4182 3.634747
4183 0.000000
4184 3.703875
4185 3.575446
4186 0.000000
4187 4.632895
4188 0.000000
4189 6.756738
4190 6.350661
4191 0.000000
4192 8.282422
4193 8.999004
4194 0.000000
4195 8.699249
4196 9.267040
4197 0.000000
4198 8.673037
4199 0.000000
4200 5.854377
4201 7.602758
4202 0.000000
4203 8.985467
4204 10.201023
4205 0.000000
4206 10.516630
4207 0.000000
4208 8.531366
4209 10.105911
4210 0.000000
4211 10.770095
4212 11.013560
4213 0.000000
4214 10.447035
4215 8.864194
4216 0.000000
4217 6.705927
4218 0.000000
4219 8.653810
4220 9.048556
4221 0.000000
4222 9.627118
4223 9.885955
4224 0.000000
4225 9.272432
4226 9.808585
4227 0.000000
4228 10.149716
4229 0.000000
4230 9.558352
4231 10.433512
4232 0.000000
4233 9.283641
4234 10.340084
4235 0.000000
4236 9.676458
4237 9.413994
4238 0.000000
4239 10.367692
4240 0.000000
4241 10.938202
4242 11.377961
4243 0.000000
4244 9.766460
4245 8.063825
4246 0.000000
4247 8.639998
4248 4.493871
4249 0.000000
4250 4.733714
4251 0.000000
4252 5.530164
4253 5.131107
4254 0.000000
4255 6.786180
4256 6.968824
4257 0.000000
4258 6.765685
4259 5.428895
4260 0.000000
4261 6.946386
4262 0.000000
4263 7.889466
4264 4.577661
4265 0.000000
4266 6.449506
4267 7.996980
4268 0.000000
4269 5.461870
4270 0.000000
4271 11.575105
4272 6.596298
4273 0.000000
4274 7.201798
4275 8.431128
4276 0.000000
4277 8.972569
4278 9.362278
4279 0.000000
4280 11.314647
4281 0.000000
4282 11.835108
4283 10.108246
4284 0.000000
4285 9.358986
4286 11.167868
4287 0.000000
4288 9.791380
4289 10.685690
4290 0.000000
4291 11.736855
4292 0.000000
4293 10.710470
4294 11.221690
4295 0.000000
4296 12.521781
4297 11.591707
4298 0.000000
4299 10.150036
4300 10.649414
4301 0.000000
4302 10.334574
4303 0.000000
4304 11.480584
4305 11.112643
4306 0.000000
4307 10.734948
4308 6.451873
4309 0.000000
4310 6.300709
4311 6.621682
4312 0.000000
4313 7.299133
4314 0.000000
4315 5.947428
4316 7.019262
4317 0.000000
4318 4.870471
4319 9.025336
4320 0.000000
4321 7.762704
4322 0.000000
4323 10.159478
4324 9.673588
4325 0.000000
4326 8.780239
4327 9.155759
4328 0.000000
4329 9.350002
4330 10.202293
4331 0.000000
4332 7.186167
4333 0.000000
4334 8.257747
4335 4.879385
4336 0.000000
4337 7.254611
4338 7.954114
4339 0.000000
4340 9.413420
4341 8.461086
4342 0.000000
4343 11.450521
4344 0.000000
4345 11.098354
4346 11.494339
4347 0.000000
4348 11.561722
4349 10.350987
4350 0.000000
4351 11.797205
4352 10.625140
4353 0.000000
4354 11.485163
4355 0.000000
4356 11.403847
4357 12.245391
4358 0.000000
4359 11.377813
4360 9.804989
4361 0.000000
4362 9.172850
4363 0.000000
4364 7.220505
4365 7.422342
4366 0.000000
4367 6.671256
4368 9.542766
4369 0.000000
4370 10.240705
4371 11.003789
4372 0.000000
4373 11.717213
4374 0.000000
4375 12.240414
4376 32.001372
4377 0.000000
4378 3.443041
4379 3.650001
4380 0.000000
4381 2.949301
4382 3.911610
4383 0.000000
4384 3.217286
4385 0.000000
4386 2.281083
4387 3.764917
4388 0.000000
4389 2.707614
4390 4.106937
4391 0.000000
4392 2.036085
4393 0.000000
4394 1.892293
4395 1.975412
4396 0.000000
4397 2.444076
4398 2.158902
4399 0.000000
4400 2.795615
4401 2.750376
4402 0.000000
4403 2.565140
4404 0.000000
4405 1.824807
4406 2.085375
4407 0.000000
4408 2.265181
4409 2.375933
4410 0.000000
4411 2.301290
4412 1.754394
4413 0.000000
4414 2.047542
4415 0.000000
4416 1.717393
4417 1.757398
4418 0.000000
4419 1.692767
4420 2.321850
4421 0.000000
4422 2.242716
4423 1.627059
4424 0.000000
4425 1.926700
4426 0.000000
4427 2.029807
4428 1.581267
4429 0.000000
4430 2.025076
4431 2.244907
4432 0.000000
4433 1.899889
4434 1.782366
4435 0.000000
4436 2.081355
4437 0.000000
4438 1.546188
4439 2.043031
4440 0.000000
4441 2.298896
4442 2.062436
4443 0.000000
4444 2.028861
4445 0.000000
4446 2.278142
4447 1.876112
4448 0.000000
4449 1.645724
4450 1.992966
4451 0.000000
4452 2.280528
4453 1.844605
4454 0.000000
4455 2.195588
4456 0.000000
4457 2.089544
4458 2.126015
4459 0.000000
4460 1.602423
4461 1.722702
4462 0.000000
4463 2.485428
4464 1.928363
4465 0.000000
4466 1.887265
4467 0.000000
4468 1.996907
4469 1.646032
4470 0.000000
4471 1.634305
4472 2.233367
4473 0.000000
4474 2.095231
4475 2.024054
4476 0.000000
4477 2.284009
4478 0.000000
4479 1.916301
4480 1.572736
4481 0.000000
4482 2.432273
4483 2.050536
4484 0.000000
4485 1.957519
4486 0.000000
4487 2.159357
4488 2.654152
4489 0.000000
4490 2.460302
4491 1.647605
4492 0.000000
4493 1.934339
4494 1.665012
4495 0.000000
4496 1.628253
4497 0.000000
4498 1.668712
4499 2.178427
4500 0.000000
4501 1.595554
4502 1.635078
4503 0.000000
4504 1.983278
4505 1.766903
4506 0.000000
4507 1.641986
4508 0.000000
4509 2.100473
4510 1.950150
4511 0.000000
4512 1.951400
4513 2.072352
4514 0.000000
4515 2.229781
4516 1.952745
4517 0.000000
4518 2.018814
4519 0.000000
4520 2.310818
4521 1.995997
4522 0.000000
4523 2.050825
4524 2.512589
4525 0.000000
4526 2.613960
4527 2.859645
4528 0.000000
4529 2.976538
4530 0.000000
4531 3.193711
4532 2.692469
4533 0.000000
4534 1.941858
4535 2.326932
4536 0.000000
4537 1.859715
4538 2.348625
4539 0.000000
4540 2.774394
4541 0.000000
4542 2.432776
4543 1.879550
4544 0.000000
4545 2.286876
4546 2.282913
4547 0.000000
4548 2.373233
4549 0.000000
4550 2.694293
4551 2.714578
4552 0.000000
4553 2.706766
4554 2.532710
4555 0.000000
4556 3.156896
4557 2.676486
4558 0.000000
4559 2.644590
4560 0.000000
4561 2.620663
4562 2.200584
4563 0.000000
4564 2.604722
4565 3.114879
4566 0.000000
4567 3.252887
4568 3.130993
4569 0.000000
4570 3.223377
4571 0.000000
4572 2.969341
4573 2.824708
4574 0.000000
4575 1.982389
4576 2.143418
4577 0.000000
4578 2.446381
4579 2.677130
4580 0.000000
4581 3.531697
4582 0.000000
4583 3.044717
4584 2.642801
4585 0.000000
4586 2.215507
4587 2.487035
4588 0.000000
4589 2.245533
4590 2.590039
4591 0.000000
4592 2.940323
4593 0.000000
4594 2.237994
4595 2.312580
4596 0.000000
4597 2.566628
4598 1.809784
4599 0.000000
4600 1.991305
4601 0.000000
4602 2.906738
4603 2.632474
4604 0.000000
4605 2.748535
4606 2.101096
4607 0.000000
4608 2.168929
4609 2.214024
4610 0.000000
4611 1.824665
4612 0.000000
4613 2.748726
4614 2.620370
4615 0.000000
4616 2.221357
4617 2.772997
4618 0.000000
4619 1.719478
4620 2.463899
4621 0.000000
4622 3.345894
4623 0.000000
4624 2.524665
4625 2.152996
4626 0.000000
4627 1.884819
4628 2.361819
4629 0.000000
4630 1.985765
4631 2.088939
4632 0.000000
4633 2.265582
4634 0.000000
4635 2.299823
4636 1.943078
4637 0.000000
4638 2.027535
4639 2.465838
4640 0.000000
4641 2.246986
4642 0.000000
4643 1.795223
4644 2.382279
4645 0.000000
4646 2.840253
4647 2.592760
4648 0.000000
4649 2.294858
4650 2.631800
4651 0.000000
4652 3.499712
4653 3.667658
4654 0.000000
4655 3.642862
4656 0.000000
4657 3.563006
4658 3.104286
4659 0.000000
4660 3.149080
4661 2.290166
4662 0.000000
4663 2.496678
4664 0.000000
4665 3.115854
4666 2.916306
4667 0.000000
4668 3.514306
4669 2.957305
4670 0.000000
4671 2.846130
4672 1.792067
4673 0.000000
4674 1.729223
4675 0.000000
4676 2.401922
4677 2.327029
4678 0.000000
4679 2.066915
4680 2.929582
4681 0.000000
4682 2.331501
4683 0.000000
4684 1.886621
4685 2.175857
4686 0.000000
4687 2.576364
4688 1.957500
4689 0.000000
4690 2.047102
4691 1.594348
4692 0.000000
4693 2.409257
4694 2.446859
4695 0.000000
4696 2.075096
4697 0.000000
4698 2.373051
4699 1.881275
4700 0.000000
4701 2.358080
4702 1.590043
4703 0.000000
4704 1.749010
4705 0.000000
4706 2.457531
4707 2.237065
4708 0.000000
4709 1.792045
4710 3.133450
4711 0.000000
4712 1.996050
4713 2.120657
4714 0.000000
4715 1.992270
4716 0.000000
4717 1.971423
4718 1.714392
4719 0.000000
4720 1.612326
4721 2.293314
4722 0.000000
4723 2.447528
4724 1.681400
4725 0.000000
4726 1.917537
4727 0.000000
4728 1.839832
4729 1.727875
4730 0.000000
4731 2.116851
4732 11.585199
4733 0.000000
4734 2.703918
4735 2.334695
4736 0.000000
4737 2.292887
4738 0.000000
4739 2.333401
4740 2.079651
4741 0.000000
4742 2.118283
4743 2.590216
4744 0.000000
4745 2.591436
4746 0.000000
4747 3.062461
4748 2.218831
4749 0.000000
4750 2.135362
4751 2.578535
4752 0.000000
4753 2.709906
4754 2.472238
4755 0.000000
4756 2.339177
4757 0.000000
4758 2.098973
4759 2.597484
4760 0.000000
4761 1.792018
4762 1.826117
4763 0.000000
4764 1.948707
4765 2.174521
4766 0.000000
4767 1.878505
4768 0.000000
4769 1.961932
4770 1.757567
4771 0.000000
4772 2.809043
4773 1.761595
4774 0.000000
4775 2.024120
4776 0.000000
4777 1.678700
4778 2.135654
4779 0.000000
4780 8.962533
4781 2.565077
4782 0.000000
4783 2.703056
4784 3.208389
4785 0.000000
4786 2.593819
4787 2.354136
4788 0.000000
4789 2.604314
4790 0.000000
4791 2.175034
4792 2.247360
4793 0.000000
4794 2.057320
4795 2.246428
4796 0.000000
4797 2.420932
4798 0.000000
4799 2.588880
4800 2.559603
4801 0.000000
4802 2.257821
4803 2.493293
4804 0.000000
4805 2.314740
4806 2.149606
4807 0.000000
4808 2.290913
4809 0.000000
4810 2.144385
4811 2.862768
4812 0.000000
4813 2.231613
4814 2.480552
4815 0.000000
4816 2.106933
4817 2.629153
4818 0.000000
4819 2.485691
4820 0.000000
4821 2.836722
4822 2.699802
4823 0.000000
4824 2.575181
4825 2.352609
4826 0.000000
4827 2.173092
4828 2.148663
4829 0.000000
4830 2.618974
4831 0.000000
4832 2.307776
4833 2.154297
4834 0.000000
4835 2.170152
4836 2.193500
4837 0.000000
4838 1.868362
4839 2.750702
4840 0.000000
4841 2.520340
4842 0.000000
4843 1.881708
4844 2.433151
4845 0.000000
4846 2.357529
4847 1.514131
4848 0.000000
4849 1.562715
4850 0.000000
4851 2.123799
4852 2.242811
4853 0.000000
4854 2.074160
4855 2.313785
4856 0.000000
4857 2.868571
4858 1.883230
4859 0.000000
4860 2.074732
4861 0.000000
4862 1.961091
4863 2.370358
4864 0.000000
4865 1.624821
4866 2.165730
4867 0.000000
4868 1.543027
4869 1.623684
4870 0.000000
4871 1.694388
4872 0.000000
4873 2.247862
4874 1.896386
4875 0.000000
4876 1.640327
4877 2.074214
4878 0.000000
4879 1.570729
4880 0.000000
4881 1.712899
4882 2.071781
4883 0.000000
4884 1.981153
4885 1.625927
4886 0.000000
4887 2.249594
4888 1.543234
4889 0.000000
4890 2.075826
4891 1.901343
4892 0.000000
4893 1.930801
4894 0.000000
4895 2.497567
4896 2.572888
4897 0.000000
4898 2.183866
4899 1.832591
4900 0.000000
4901 1.945703
4902 0.000000
4903 2.220011
4904 1.953167
4905 0.000000
4906 2.036437
4907 2.050734
4908 0.000000
4909 2.060811
4910 2.052567
4911 0.000000
4912 1.677618
4913 0.000000
4914 1.843466
4915 1.939875
4916 0.000000
4917 1.657308
4918 1.934019
4919 0.000000
4920 2.132029
4921 0.000000
4922 1.908890
4923 2.350449
4924 0.000000
4925 2.725480
4926 2.521514
4927 0.000000
4928 2.248843
4929 2.163219
4930 0.000000
4931 2.134264
4932 1.888636
4933 0.000000
4934 2.201713
4935 0.000000
4936 2.346934
4937 2.321841
4938 0.000000
4939 2.523119
4940 2.293539
4941 0.000000
4942 1.823564
4943 0.000000
4944 2.327041
4945 2.160430
4946 0.000000
4947 2.210276
4948 2.186037
4949 0.000000
4950 2.162038
4951 2.122270
4952 0.000000
4953 2.302873
4954 0.000000
4955 2.483397
4956 2.321666
4957 0.000000
4958 2.294324
4959 2.836732
4960 0.000000
4961 2.260290
4962 2.085998
4963 0.000000
4964 1.810403
4965 0.000000
4966 2.020293
4967 2.089731
4968 0.000000
4969 1.755227
4970 1.882239
4971 0.000000
4972 1.831235
4973 2.041084
4974 0.000000
4975 1.780226
4976 0.000000
4977 1.787376
4978 1.836872
4979 0.000000
4980 2.353386
4981 1.987516
4982 0.000000
4983 1.881481
4984 0.000000
4985 1.612319
4986 2.135078
4987 0.000000
4988 2.603950
4989 2.400085
4990 0.000000
4991 2.149261
4992 1.916408
4993 0.000000
4994 1.970332
4995 2.166056
4996 0.000000
4997 2.308138
4998 0.000000
4999 2.352012
5000 2.157585
5001 0.000000
5002 2.315573
5003 2.203776
5004 0.000000
5005 2.491678
5006 0.000000
5007 2.496855
5008 2.301784
5009 0.000000
5010 1.708359
5011 1.870484
5012 0.000000
5013 2.044372
5014 1.799634
5015 0.000000
5016 1.791226
5017 0.000000
5018 2.302006
5019 1.773248
5020 0.000000
5021 1.788537
5022 1.895977
5023 0.000000
5024 2.059296
5025 1.653656
5026 0.000000
5027 1.745335
5028 0.000000
5029 1.799817
5030 1.580898
5031 0.000000
5032 2.874931
5033 1.893479
5034 0.000000
5035 1.728300
5036 0.000000
5037 1.874131
5038 1.691052
5039 0.000000
5040 2.368201
5041 19.525172
5042 0.000000
5043 5.557049
5044 3.829422
5045 0.000000
5046 3.336456
5047 0.000000
5048 5.258557
5049 2.649197
5050 0.000000
5051 2.665829
5052 3.961356
5053 0.000000
5054 4.217857
5055 3.629732
5056 0.000000
5057 3.947679
5058 0.000000
5059 3.816520
5060 3.559819
5061 0.000000
5062 3.543456
5063 4.087277
5064 0.000000
5065 3.169676
5066 2.828416
5067 0.000000
5068 3.265374
5069 0.000000
5070 3.926475
5071 3.268212
5072 0.000000
5073 3.759739
5074 3.458161
5075 0.000000
5076 3.264969
5077 3.447456
5078 0.000000
5079 3.761434
5080 0.000000
5081 3.403195
5082 4.234540
5083 0.000000
5084 4.725325
5085 4.434892
5086 0.000000
5087 4.575036
5088 4.298731
5089 0.000000
5090 5.088830
5091 0.000000
5092 4.668874
5093 4.838503
5094 0.000000
5095 4.979439
5096 4.294385
5097 0.000000
5098 4.309163
5099 0.000000
5100 4.890229
5101 4.699604
5102 0.000000
5103 4.880492
5104 5.009018
5105 0.000000
5106 5.395656
5107 5.418748
5108 0.000000
5109 5.500115
5110 0.000000
5111 5.518381
5112 5.750521
5113 0.000000
5114 5.478311
5115 5.293924
5116 0.000000
5117 5.345676
5118 0.000000
5119 4.566344
5120 5.053966
5121 0.000000
5122 4.821439
5123 5.173945
5124 0.000000
5125 5.184342
5126 5.281925
5127 0.000000
5128 5.124427
5129 5.217493
5130 0.000000
5131 6.007873
5132 0.000000
5133 5.892159
5134 6.055137
5135 0.000000
5136 6.007736
5137 4.981912
5138 0.000000
5139 4.738144
5140 4.994506
5141 0.000000
5142 5.879770
5143 0.000000
5144 6.145558
5145 6.048184
5146 0.000000
5147 5.332210
5148 3.984700
5149 0.000000
5150 5.257226
5151 0.000000
5152 3.832261
5153 4.666156
5154 0.000000
5155 3.971373
5156 4.178971
5157 0.000000
5158 4.770389
5159 2.766931
5160 0.000000
5161 3.266425
5162 0.000000
5163 5.262860
5164 4.453562
5165 0.000000
5166 4.735699
5167 5.708730
5168 0.000000
5169 4.622721
5170 5.663524
5171 0.000000
5172 5.502182
5173 0.000000
5174 5.573168
5175 5.547434
5176 0.000000
5177 5.361008
5178 5.980717
5179 0.000000
5180 5.615352
5181 5.502062
5182 0.000000
5183 6.472927
5184 0.000000
5185 6.498614
5186 6.627008
5187 0.000000
5188 6.606137
5189 5.983193
5190 0.000000
5191 5.922976
5192 5.878478
5193 0.000000
5194 6.014855
5195 0.000000
5196 6.915802
5197 6.751933
5198 0.000000
5199 5.409023
5200 5.761115
5201 0.000000
5202 3.036372
5203 0.000000
5204 3.880214
5205 4.515870
5206 0.000000
5207 4.472423
5208 3.796646
5209 0.000000
5210 5.131685
5211 5.125768
5212 0.000000
5213 3.311152
5214 0.000000
5215 3.754412
5216 2.698362
5217 0.000000
5218 2.669847
5219 4.231969
5220 0.000000
5221 2.650140
5222 0.000000
5223 2.609086
5224 3.158740
5225 0.000000
5226 4.475510
5227 2.660758
5228 0.000000
5229 4.234108
5230 4.635659
5231 0.000000
5232 4.515700
5233 5.456033
5234 0.000000
5235 6.571278
5236 0.000000
5237 6.424255
5238 7.083314
5239 0.000000
5240 5.803594
5241 5.651284
5242 0.000000
5243 6.359865
5244 0.000000
5245 6.046982
5246 6.539063
5247 0.000000
5248 6.064560
5249 6.266524
5250 0.000000
5251 5.200534
5252 4.177589
5253 0.000000
5254 3.637876
5255 0.000000
5256 4.200506
5257 3.923745
5258 0.000000
5259 4.699507
5260 5.859493
5261 0.000000
5262 4.520505
5263 4.640721
5264 0.000000
5265 4.128196
5266 0.000000
5267 5.092598
5268 5.243009
5269 0.000000
5270 5.489028
5271 3.859706
5272 0.000000
5273 6.009599
5274 5.696898
5275 0.000000
5276 5.979499
5277 0.000000
5278 6.031662
5279 4.947299
5280 0.000000
5281 3.651178
5282 5.104997
5283 0.000000
5284 5.716988
5285 5.834884
5286 0.000000
5287 6.249578
5288 0.000000
5289 3.804633
5290 4.013793
5291 0.000000
5292 4.721120
5293 5.193488
5294 0.000000
5295 5.846099
5296 5.658565
5297 0.000000
5298 5.865502
5299 0.000000
5300 7.035665
5301 6.785759
5302 0.000000
5303 4.782864
5304 4.700288
5305 0.000000
5306 2.709302
5307 0.000000
5308 6.390435
5309 5.536131
5310 0.000000
5311 5.262772
5312 5.381272
5313 0.000000
5314 4.644361
5315 5.280818
5316 0.000000
5317 4.182451
5318 0.000000
5319 4.810718
5320 4.503095
5321 0.000000
5322 5.319382
5323 4.448208
5324 0.000000
5325 4.645503
5326 4.514559
5327 0.000000
5328 5.196245
5329 0.000000
5330 5.303315
5331 5.931526
5332 0.000000
5333 5.630978
5334 5.056948
5335 0.000000
5336 5.543163
5337 5.615051
5338 0.000000
5339 6.577742
5340 0.000000
5341 4.930116
5342 3.998210
5343 0.000000
5344 4.642029
5345 4.635620
5346 0.000000
5347 5.869886
5348 5.215179
5349 0.000000
5350 4.370726
5351 0.000000
5352 4.961794
5353 2.374478
5354 0.000000
5355 2.237367
5356 3.424041
5357 0.000000
5358 3.246887
5359 0.000000
5360 2.834110
5361 2.307105
5362 0.000000
5363 3.181131
5364 5.370553
5365 0.000000
5366 3.883391
5367 4.932857
5368 0.000000
5369 4.899170
5370 0.000000
5371 4.789922
5372 5.262056
5373 0.000000
5374 5.358804
5375 4.828927
5376 0.000000
5377 5.589860
5378 4.974989
5379 0.000000
5380 6.292652
5381 0.000000
5382 6.004929
5383 5.559653
5384 0.000000
5385 5.160526
5386 5.150569
5387 0.000000
5388 4.823339
5389 5.059104
5390 0.000000
5391 5.661260
5392 0.000000
5393 5.485499
5394 5.601086
5395 0.000000
5396 5.550979
5397 4.549237
5398 0.000000
5399 4.575085
5400 0.000000
5401 4.749564
5402 4.868952
5403 0.000000
5404 5.978581
5405 6.078776
5406 0.000000
5407 5.157854
5408 5.068962
5409 0.000000
5410 5.518110
5411 0.000000
5412 5.901618
5413 5.741386
5414 0.000000
5415 5.667250
5416 5.934754
5417 0.000000
5418 5.576682
5419 5.352073
5420 0.000000
5421 5.773451
5422 0.000000
5423 5.399674
5424 4.834189
5425 0.000000
5426 5.134556
5427 5.310822
5428 0.000000
5429 4.929344
5430 4.821142
5431 0.000000
5432 5.856542
5433 0.000000
5434 5.458032
5435 5.359199
5436 0.000000
5437 5.071419
5438 5.031823
5439 0.000000
5440 4.796378
5441 4.649149
5442 0.000000
5443 5.113065
5444 0.000000
5445 5.058493
5446 4.746519
5447 0.000000
5448 5.491908
5449 5.040390
5450 0.000000
5451 4.622439
5452 0.000000
5453 5.320703
5454 5.179582
5455 0.000000
5456 5.172392
5457 5.655165
5458 0.000000
5459 4.912240
5460 4.118076
5461 0.000000
5462 4.104009
5463 0.000000
5464 4.703248
5465 4.574309
5466 0.000000
5467 4.886697
5468 5.176001
5469 0.000000
5470 4.896357
5471 4.596320
5472 0.000000
5473 4.817865
5474 0.000000
5475 4.839344
5476 5.303776
5477 0.000000
5478 4.891156
5479 5.171160
5480 0.000000
5481 4.706589
5482 4.456738
5483 0.000000
5484 4.842011
5485 0.000000
5486 4.417872
5487 4.257191
5488 0.000000
5489 4.458559
5490 4.299395
5491 0.000000
5492 3.773995
5493 0.000000
5494 3.501262
5495 3.825425
5496 0.000000
5497 3.976433
5498 3.891253
5499 0.000000
5500 3.732957
5501 3.286882
5502 0.000000
5503 3.305759
5504 0.000000
5505 4.328359
5506 3.358979
5507 0.000000
5508 3.503379
5509 3.384158
5510 0.000000
5511 3.561695
5512 3.348817
5513 0.000000
5514 3.480725
5515 0.000000
5516 3.945324
5517 3.266494
5518 0.000000
5519 4.007316
5520 5.104484
5521 0.000000
5522 3.942050
5523 3.729472
5524 0.000000
5525 4.503288
5526 0.000000
5527 4.722082
5528 5.018509
5529 0.000000
5530 4.590625
5531 4.208354
5532 0.000000
5533 3.777825
5534 3.823275
5535 0.000000
5536 4.702358
5537 0.000000
5538 4.676612
5539 4.767126
5540 0.000000
5541 5.072380
5542 4.332000
5543 0.000000
5544 4.007341
5545 3.949259
5546 0.000000
5547 4.729579
5548 0.000000
5549 4.265496
5550 4.802315
5551 0.000000
5552 4.840181
5553 4.642654
5554 0.000000
5555 4.972880
5556 0.000000
5557 4.543058
5558 4.666263
5559 0.000000
5560 4.854040
5561 4.287763
5562 0.000000
5563 4.786707
5564 4.585818
5565 0.000000
5566 4.439303
5567 0.000000
5568 5.107407
5569 4.939705
5570 0.000000
5571 5.106819
5572 5.535356
5573 0.000000
5574 5.117918
5575 5.022560
5576 0.000000
5577 5.107042
5578 0.000000
5579 5.294359
5580 4.744055
5581 0.000000
5582 4.898775
5583 5.169339
5584 0.000000
5585 4.520519
5586 4.442055
5587 0.000000
5588 4.915762
5589 0.000000
5590 5.329752
5591 4.904133
5592 0.000000
5593 5.047536
5594 5.068507
5595 0.000000
5596 4.621953
5597 4.858061
5598 0.000000
5599 5.376841
5600 0.000000
5601 5.034238
5602 5.959030
5603 0.000000
5604 5.822090
5605 5.074233
5606 0.000000
5607 5.865956
5608 0.000000
5609 5.155924
5610 5.162113
5611 0.000000
5612 6.013520
5613 5.826367
5614 0.000000
5615 5.704381
5616 5.474583
5617 0.000000
5618 6.605088
5619 0.000000
5620 5.966114
5621 6.615201
5622 0.000000
5623 6.258620
5624 6.148479
5625 0.000000
5626 5.152435
5627 5.610961
5628 0.000000
5629 5.168303
5630 0.000000
5631 6.097590
5632 5.987969
5633 0.000000
5634 5.839033
5635 6.210761
5636 0.000000
5637 5.525055
5638 5.644570
5639 0.000000
5640 6.459323
5641 0.000000
5642 6.404284
5643 7.397608
5644 0.000000
5645 7.022992
5646 6.726244
5647 0.000000
5648 5.864167
5649 5.980594
5650 0.000000
5651 6.341915
5652 0.000000
5653 6.773628
5654 6.258641
5655 0.000000
5656 5.808410
5657 5.594454
5658 0.000000
5659 5.124506
5660 5.706581
5661 0.000000
5662 5.496243
5663 0.000000
5664 7.782072
5665 5.546923
5666 0.000000
5667 6.814900
5668 7.204069
5669 0.000000
5670 4.329547
5671 6.347731
5672 0.000000
5673 6.593010
5674 0.000000
5675 6.990675
5676 7.970053
5677 0.000000
5678 6.703019
5679 2.399386
5680 0.000000
5681 2.807822
5682 0.000000
5683 6.964795
5684 4.950843
5685 0.000000
5686 7.067132
5687 7.126623
5688 0.000000
5689 5.585268
5690 6.338798
5691 0.000000
5692 7.115296
5693 0.000000
5694 6.695470
5695 6.543393
5696 0.000000
5697 7.617194
5698 7.774543
5699 0.000000
5700 7.813297
5701 5.663321
