1 5 1 5678 3612
0 0
1 1
2 2
3 4
4 5
5 7
6 8
7 10
8 12
9 13
10 15
11 16
12 18
13 19
14 21
15 23
16 24
17 26
18 27
19 29
20 31
21 32
22 34
23 35
24 37
25 38
26 40
27 42
28 43
29 45
30 46
31 48
32 49
33 51
34 53
35 54
36 56
37 57
38 59
39 60
40 62
41 64
42 65
43 67
44 68
45 70
46 71
47 73
48 75
49 76
50 78
51 79
52 81
53 82
54 84
55 86
56 87
57 89
58 90
59 92
60 93
61 95
62 97
63 98
64 100
65 101
66 103
67 104
68 106
69 108
70 109
71 111
72 112
73 114
74 115
75 117
76 119
77 120
78 122
79 123
80 125
81 126
82 128
83 130
84 131
85 133
86 134
87 136
88 137
89 139
90 141
91 142
92 144
93 145
94 147
95 148
96 150
97 152
98 153
99 155
100 156
101 158
102 159
103 161
104 163
105 164
106 166
107 167
108 169
109 170
110 172
111 174
112 175
113 177
114 178
115 180
116 182
117 183
118 185
119 186
120 188
121 189
122 191
123 193
124 194
125 196
126 197
127 199
128 200
129 202
130 204
131 205
132 207
133 208
134 210
135 211
136 213
137 215
138 216
139 218
140 219
141 221
142 222
143 224
144 226
145 227
146 229
147 230
148 232
149 233
150 235
151 237
152 238
153 240
154 241
155 243
156 244
157 246
158 248
159 249
160 251
161 252
162 254
163 255
164 257
165 259
166 260
167 262
168 263
169 265
170 266
171 268
172 270
173 271
174 273
175 274
176 276
177 277
178 279
179 281
180 282
181 284
182 285
183 287
184 288
185 290
186 292
187 293
188 295
189 296
190 298
191 299
192 301
193 303
194 304
195 306
196 307
197 309
198 310
199 312
200 314
201 315
202 317
203 318
204 320
205 321
206 323
207 325
208 326
209 328
210 329
211 331
212 332
213 334
214 336
215 337
216 339
217 340
218 342
219 344
220 345
221 347
222 348
223 350
224 351
225 353
226 355
227 356
228 358
229 359
230 361
231 362
232 364
233 366
234 367
235 369
236 370
237 372
238 373
239 375
240 377
241 378
242 380
243 381
244 383
245 384
246 386
247 388
248 389
249 391
250 392
251 394
252 395
253 397
254 399
255 400
256 402
257 403
258 405
259 406
260 408
261 410
262 411
263 413
264 414
265 416
266 417
267 419
268 421
269 422
270 424
271 425
272 427
273 428
274 430
275 432
276 433
277 435
278 436
279 438
280 439
281 441
282 443
283 444
284 446
285 447
286 449
287 450
288 452
289 454
290 455
291 457
292 458
293 460
294 461
295 463
296 465
297 466
298 468
299 469
300 471
301 472
302 474
303 476
304 477
305 479
306 480
307 482
308 483
309 485
310 487
311 488
312 490
313 491
314 493
315 495
316 496
317 498
318 499
319 501
320 502
321 504
322 506
323 507
324 509
325 510
326 512
327 513
328 515
329 517
330 518
331 520
332 521
333 523
334 524
335 526
336 528
337 529
338 531
339 532
340 534
341 535
342 537
343 539
344 540
345 542
346 543
347 545
348 546
349 548
350 550
351 551
352 553
353 554
354 556
355 557
356 559
357 561
358 562
359 564
360 565
361 567
362 568
363 570
364 572
365 573
366 575
367 576
368 578
369 579
370 581
371 583
372 584
373 586
374 587
375 589
376 590
377 592
378 594
379 595
380 597
381 598
382 600
383 601
384 603
385 605
386 606
387 608
388 609
389 611
390 612
391 614
392 616
393 617
394 619
395 620
396 622
397 624
398 625
399 627
400 628
401 630
402 631
403 633
404 635
405 636
406 638
407 639
408 641
409 642
410 644
411 646
412 647
413 649
414 650
415 652
416 653
417 655
418 657
419 658
420 660
421 661
422 663
423 664
424 666
425 668
426 669
427 671
428 672
429 674
430 675
431 677
432 679
433 680
434 682
435 683
436 685
437 686
438 688
439 690
440 691
441 693
442 694
443 696
444 697
445 699
446 701
447 702
448 704
449 705
450 707
451 708
452 710
453 712
454 713
455 715
456 716
457 718
458 719
459 721
460 723
461 724
462 726
463 727
464 729
465 730
466 732
467 734
468 735
469 737
470 738
471 740
472 741
473 743
474 745
475 746
476 748
477 749
478 751
479 752
480 754
481 756
482 757
483 759
484 760
485 762
486 763
487 765
488 767
489 768
490 770
491 771
492 773
493 774
494 776
495 778
496 779
497 781
498 782
499 784
500 785
501 787
502 789
503 790
504 792
505 793
506 795
507 796
508 798
509 800
510 801
511 803
512 804
513 806
514 807
515 809
516 811
517 812
518 814
519 815
520 817
521 819
522 820
523 822
524 823
525 825
526 826
527 828
528 830
529 831
530 833
531 834
532 836
533 837
534 839
535 841
536 842
537 844
538 845
539 847
540 848
541 850
542 852
543 853
544 855
545 856
546 858
547 859
548 861
549 863
550 864
551 866
552 867
553 869
554 870
555 872
556 874
557 875
558 877
559 878
560 880
561 881
562 883
563 885
564 886
565 888
566 889
567 891
568 892
569 894
570 896
571 897
572 899
573 900
574 902
575 903
576 905
577 907
578 908
579 910
580 911
581 913
582 914
583 916
584 918
585 919
586 921
587 922
588 924
589 925
590 927
591 929
592 930
593 932
594 933
595 935
596 936
597 938
598 940
599 941
600 943
601 944
602 946
603 947
604 949
605 951
606 952
607 954
608 955
609 957
610 958
611 960
612 962
613 963
614 965
615 966
616 968
617 969
618 971
619 973
620 974
621 976
622 977
623 979
624 980
625 982
626 984
627 985
628 987
629 988
630 990
631 992
632 993
633 995
634 996
635 998
636 999
637 1001
638 1003
639 1004
640 1006
641 1007
642 1009
643 1010
644 1012
645 1014
646 1015
647 1017
648 1018
649 1020
650 1021
651 1023
652 1025
653 1026
654 1028
655 1029
656 1031
657 1032
658 1034
659 1036
660 1037
661 1039
662 1040
663 1042
664 1043
665 1045
666 1047
667 1048
668 1050
669 1051
670 1053
671 1054
672 1056
673 1058
674 1059
675 1061
676 1062
677 1064
678 1065
679 1067
680 1069
681 1070
682 1072
683 1073
684 1075
685 1076
686 1078
687 1080
688 1081
689 1083
690 1084
691 1086
692 1087
693 1089
694 1091
695 1092
696 1094
697 1095
698 1097
699 1098
700 1100
701 1102
702 1103
703 1105
704 1106
705 1108
706 1109
707 1111
708 1113
709 1114
710 1116
711 1117
712 1119
713 1120
714 1122
715 1124
716 1125
717 1127
718 1128
719 1130
720 1131
721 1133
722 1135
723 1136
724 1138
725 1139
726 1141
727 1142
728 1144
729 1146
730 1147
731 1149
732 1150
733 1152
734 1154
735 1155
736 1157
737 1158
738 1160
739 1161
740 1163
741 1165
742 1166
743 1168
744 1169
745 1171
746 1172
747 1174
748 1176
749 1177
750 1179
751 1180
752 1182
753 1183
754 1185
755 1187
756 1188
757 1190
758 1191
759 1193
760 1194
761 1196
762 1198
763 1199
764 1201
765 1202
766 1204
767 1205
768 1207
769 1209
770 1210
771 1212
772 1213
773 1215
774 1216
775 1218
776 1220
777 1221
778 1223
779 1224
780 1226
781 1227
782 1229
783 1231
784 1232
785 1234
786 1235
787 1237
788 1238
789 1240
790 1242
791 1243
792 1245
793 1246
794 1248
795 1249
796 1251
797 1253
798 1254
799 1256
800 1257
801 1259
802 1260
803 1262
804 1264
805 1265
806 1267
807 1268
808 1270
809 1271
810 1273
811 1275
812 1276
813 1278
814 1279
815 1281
816 1282
817 1284
818 1286
819 1287
820 1289
821 1290
822 1292
823 1293
824 1295
825 1297
826 1298
827 1300
828 1301
829 1303
830 1304
831 1306
832 1308
833 1309
834 1311
835 1312
836 1314
837 1316
838 1317
839 1319
840 1320
841 1322
842 1323
843 1325
844 1327
845 1328
846 1330
847 1331
848 1333
849 1334
850 1336
851 1338
852 1339
853 1341
854 1342
855 1344
856 1345
857 1347
858 1349
859 1350
860 1352
861 1353
862 1355
863 1356
864 1358
865 1360
866 1361
867 1363
868 1364
869 1366
870 1367
871 1369
872 1371
873 1372
874 1374
875 1375
876 1377
877 1378
878 1380
879 1382
880 1383
881 1385
882 1386
883 1388
884 1389
885 1391
886 1393
887 1394
888 1396
889 1397
890 1399
891 1400
892 1402
893 1404
894 1405
895 1407
896 1408
897 1410
898 1411
899 1413
900 1415
901 1416
902 1418
903 1419
904 1421
905 1422
906 1424
907 1426
908 1427
909 1429
910 1430
911 1432
912 1433
913 1435
914 1437
915 1438
916 1440
917 1441
918 1443
919 1444
920 1446
921 1448
922 1449
923 1451
924 1452
925 1454
926 1455
927 1457
928 1459
929 1460
930 1462
931 1463
932 1465
933 1466
934 1468
935 1470
936 1471
937 1473
938 1474
939 1476
940 1477
941 1479
942 1481
943 1482
944 1484
945 1485
946 1487
947 1488
948 1490
949 1492
950 1493
951 1495
952 1496
953 1498
954 1499
955 1501
956 1503
957 1504
958 1506
959 1507
960 1509
961 1511
962 1512
963 1514
964 1515
965 1517
966 1518
967 1520
968 1522
969 1523
970 1525
971 1526
972 1528
973 1529
974 1531
975 1533
976 1534
977 1536
978 1537
979 1539
980 1540
981 1542
982 1544
983 1545
984 1547
985 1548
986 1550
987 1551
988 1553
989 1555
990 1556
991 1558
992 1559
993 1561
994 1562
995 1564
996 1566
997 1567
998 1569
999 1570
1000 1572
1001 1573
1002 1575
1003 1577
1004 1578
1005 1580
1006 1581
1007 1583
1008 1584
1009 1586
1010 1588
1011 1589
1012 1591
1013 1592
1014 1594
1015 1595
1016 1597
1017 1599
1018 1600
1019 1602
1020 1603
1021 1605
1022 1606
1023 1608
1024 1610
1025 1611
1026 1613
1027 1614
1028 1616
1029 1617
1030 1619
1031 1621
1032 1622
1033 1624
1034 1625
1035 1627
1036 1629
1037 1630
1038 1632
1039 1633
1040 1635
1041 1636
1042 1638
1043 1640
1044 1641
1045 1643
1046 1644
1047 1646
1048 1647
1049 1649
1050 1651
1051 1652
1052 1654
1053 1655
1054 1657
1055 1658
1056 1660
1057 1662
1058 1663
1059 1665
1060 1666
1061 1668
1062 1669
1063 1671
1064 1673
1065 1674
1066 1676
1067 1677
1068 1679
1069 1680
1070 1682
1071 1684
1072 1685
1073 1687
1074 1688
1075 1690
1076 1691
1077 1693
1078 1695
1079 1696
1080 1698
1081 1699
1082 1701
1083 1702
1084 1704
1085 1706
1086 1707
1087 1709
1088 1710
1089 1712
1090 1713
1091 1715
1092 1717
1093 1718
1094 1720
1095 1721
1096 1723
1097 1724
1098 1726
1099 1728
1100 1729
1101 1731
1102 1732
1103 1734
1104 1735
1105 1737
1106 1739
1107 1740
1108 1742
1109 1743
1110 1745
1111 1746
1112 1748
1113 1750
1114 1751
1115 1753
1116 1754
1117 1756
1118 1757
1119 1759
1120 1761
1121 1762
1122 1764
1123 1765
1124 1767
1125 1768
1126 1770
1127 1772
1128 1773
1129 1775
1130 1776
1131 1778
1132 1779
1133 1781
1134 1783
1135 1784
1136 1786
1137 1787
1138 1789
1139 1790
1140 1792
1141 1794
1142 1795
1143 1797
1144 1798
1145 1800
1146 1801
1147 1803
1148 1805
1149 1806
1150 1808
1151 1809
1152 1811
1153 1812
1154 1814
1155 1816
1156 1817
1157 1819
1158 1820
1159 1822
1160 1823
1161 1825
1162 1827
1163 1828
1164 1830
1165 1831
1166 1833
1167 1834
1168 1836
1169 1838
1170 1839
1171 1841
1172 1842
1173 1844
1174 1845
1175 1847
1176 1849
1177 1850
1178 1852
1179 1853
1180 1855
1181 1856
1182 1858
1183 1860
1184 1861
1185 1863
1186 1864
1187 1866
1188 1867
1189 1869
1190 1871
1191 1872
1192 1874
1193 1875
1194 1877
1195 1878
1196 1880
1197 1882
1198 1883
1199 1885
1200 1886
1201 1888
1202 1889
1203 1891
1204 1893
1205 1894
1206 1896
1207 1897
1208 1899
1209 1900
1210 1902
1211 1904
1212 1905
1213 1907
1214 1908
1215 1910
1216 1911
1217 1913
1218 1915
1219 1916
1220 1918
1221 1919
1222 1921
1223 1923
1224 1924
1225 1926
1226 1927
1227 1929
1228 1930
1229 1932
1230 1934
1231 1935
1232 1937
1233 1938
1234 1940
1235 1941
1236 1943
1237 1945
1238 1946
1239 1948
1240 1949
1241 1951
1242 1952
1243 1954
1244 1956
1245 1957
1246 1959
1247 1960
1248 1962
1249 1963
1250 1965
1251 1967
1252 1968
1253 1970
1254 1971
1255 1973
1256 1974
1257 1976
1258 1978
1259 1979
1260 1981
1261 1982
1262 1984
1263 1985
1264 1987
1265 1989
1266 1990
1267 1992
1268 1993
1269 1995
1270 1996
1271 1998
1272 2000
1273 2001
1274 2003
1275 2004
1276 2006
1277 2007
1278 2009
1279 2011
1280 2012
1281 2014
1282 2015
1283 2017
1284 2018
1285 2020
1286 2022
1287 2023
1288 2025
1289 2026
1290 2028
1291 2029
1292 2031
1293 2033
1294 2034
1295 2036
1296 2037
1297 2039
1298 2040
1299 2042
1300 2044
1301 2045
1302 2047
1303 2048
1304 2050
1305 2051
1306 2053
1307 2055
1308 2056
1309 2058
1310 2059
1311 2061
1312 2062
1313 2064
1314 2066
1315 2067
1316 2069
1317 2070
1318 2072
1319 2073
1320 2075
1321 2077
1322 2078
1323 2080
1324 2081
1325 2083
1326 2084
1327 2086
1328 2088
1329 2089
1330 2091
1331 2092
1332 2094
1333 2095
1334 2097
1335 2099
1336 2100
1337 2102
1338 2103
1339 2105
1340 2106
1341 2108
1342 2110
1343 2111
1344 2113
1345 2114
1346 2116
1347 2117
1348 2119
1349 2121
1350 2122
1351 2124
1352 2125
1353 2127
1354 2129
1355 2130
1356 2132
1357 2133
1358 2135
1359 2136
1360 2138
1361 2140
1362 2141
1363 2143
1364 2144
1365 2146
1366 2147
1367 2149
1368 2151
1369 2152
1370 2154
1371 2155
1372 2157
1373 2158
1374 2160
1375 2162
1376 2163
1377 2165
1378 2166
1379 2168
1380 2169
1381 2171
1382 2173
1383 2174
1384 2176
1385 2177
1386 2179
1387 2180
1388 2182
1389 2184
1390 2185
1391 2187
1392 2188
1393 2190
1394 2191
1395 2193
1396 2195
1397 2196
1398 2198
1399 2199
1400 2201
1401 2202
1402 2204
1403 2206
1404 2207
1405 2209
1406 2210
1407 2212
1408 2213
1409 2215
1410 2217
1411 2218
1412 2220
1413 2221
1414 2223
1415 2224
1416 2226
1417 2228
1418 2229
1419 2231
1420 2232
1421 2234
1422 2235
1423 2237
1424 2239
1425 2240
1426 2242
1427 2243
1428 2245
1429 2246
1430 2248
1431 2250
1432 2251
1433 2253
1434 2254
1435 2256
1436 2257
1437 2259
1438 2261
1439 2262
1440 2264
1441 2265
1442 2267
1443 2268
1444 2270
1445 2272
1446 2273
1447 2275
1448 2276
1449 2278
1450 2279
1451 2281
1452 2283
1453 2284
1454 2286
1455 2287
1456 2289
1457 2291
1458 2292
1459 2294
1460 2295
1461 2297
1462 2298
1463 2300
1464 2302
1465 2303
1466 2305
1467 2306
1468 2308
1469 2309
1470 2311
1471 2313
1472 2314
1473 2316
1474 2317
1475 2319
1476 2320
1477 2322
1478 2324
1479 2325
1480 2327
1481 2328
1482 2330
1483 2331
1484 2333
1485 2335
1486 2336
1487 2338
1488 2339
1489 2341
1490 2342
1491 2344
1492 2346
1493 2347
1494 2349
1495 2350
1496 2352
1497 2353
1498 2355
1499 2357
1500 2358
1501 2360
1502 2361
1503 2363
1504 2364
1505 2366
1506 2368
1507 2369
1508 2371
1509 2372
1510 2374
1511 2375
1512 2377
1513 2379
1514 2380
1515 2382
1516 2383
1517 2385
1518 2386
1519 2388
1520 2390
1521 2391
1522 2393
1523 2394
1524 2396
1525 2397
1526 2399
1527 2401
1528 2402
1529 2404
1530 2405
1531 2407
1532 2408
1533 2410
1534 2412
1535 2413
1536 2415
1537 2416
1538 2418
1539 2419
1540 2421
1541 2423
1542 2424
1543 2426
1544 2427
1545 2429
1546 2430
1547 2432
1548 2434
1549 2435
1550 2437
1551 2438
1552 2440
1553 2441
1554 2443
1555 2445
1556 2446
1557 2448
1558 2449
1559 2451
1560 2452
1561 2454
1562 2456
1563 2457
1564 2459
1565 2460
1566 2462
1567 2463
1568 2465
1569 2467
1570 2468
1571 2470
1572 2471
1573 2473
1574 2474
1575 2476
1576 2478
1577 2479
1578 2481
1579 2482
1580 2484
1581 2485
1582 2487
1583 2489
1584 2490
1585 2492
1586 2493
1587 2495
1588 2496
1589 2498
1590 2500
1591 2501
1592 2503
1593 2504
1594 2506
1595 2507
1596 2509
1597 2511
1598 2512
1599 2514
1600 2515
1601 2517
1602 2518
1603 2520
1604 2522
1605 2523
1606 2525
1607 2526
1608 2528
1609 2529
1610 2531
1611 2533
1612 2534
1613 2536
1614 2537
1615 2539
1616 2540
1617 2542
1618 2544
1619 2545
1620 2547
1621 2548
1622 2550
1623 2552
1624 2553
1625 2555
1626 2556
1627 2558
1628 2559
1629 2561
1630 2563
1631 2564
1632 2566
1633 2567
1634 2569
1635 2570
1636 2572
1637 2574
1638 2575
1639 2577
1640 2578
1641 2580
1642 2581
1643 2583
1644 2585
1645 2586
1646 2588
1647 2589
1648 2591
1649 2592
1650 2594
1651 2596
1652 2597
1653 2599
1654 2600
1655 2602
1656 2603
1657 2605
1658 2607
1659 2608
1660 2610
1661 2611
1662 2613
1663 2614
1664 2616
1665 2618
1666 2619
1667 2621
1668 2622
1669 2624
1670 2625
1671 2627
1672 2629
1673 2630
1674 2632
1675 2633
1676 2635
1677 2636
1678 2638
1679 2640
1680 2641
1681 2643
1682 2644
1683 2646
1684 2647
1685 2649
1686 2651
1687 2652
1688 2654
1689 2655
1690 2657
1691 2658
1692 2660
1693 2662
1694 2663
1695 2665
1696 2666
1697 2668
1698 2669
1699 2671
1700 2673
1701 2674
1702 2676
1703 2677
1704 2679
1705 2680
1706 2682
1707 2684
1708 2685
1709 2687
1710 2688
1711 2690
1712 2691
1713 2693
1714 2695
1715 2696
1716 2698
1717 2699
1718 2701
1719 2702
1720 2704
1721 2706
1722 2707
1723 2709
1724 2710
1725 2712
1726 2713
1727 2715
1728 2717
1729 2718
1730 2720
1731 2721
1732 2723
1733 2724
1734 2726
1735 2728
1736 2729
1737 2731
1738 2732
1739 2734
1740 2735
1741 2737
1742 2739
1743 2740
1744 2742
1745 2743
1746 2745
1747 2746
1748 2748
1749 2750
1750 2751
1751 2753
1752 2754
1753 2756
1754 2757
1755 2759
1756 2761
1757 2762
1758 2764
1759 2765
1760 2767
1761 2768
1762 2770
1763 2772
1764 2773
1765 2775
1766 2776
1767 2778
1768 2779
1769 2781
1770 2783
1771 2784
1772 2786
1773 2787
1774 2789
1775 2790
1776 2792
1777 2794
1778 2795
1779 2797
1780 2798
1781 2800
1782 2801
1783 2803
1784 2805
1785 2806
1786 2808
1787 2809
1788 2811
1789 2812
1790 2814
1791 2816
1792 2817
1793 2819
1794 2820
1795 2822
1796 2823
1797 2825
1798 2827
1799 2828
1800 2830
1801 2831
1802 2833
1803 2834
1804 2836
1805 2838
1806 2839
1807 2841
1808 2842
1809 2844
1810 2845
1811 2847
1812 2849
1813 2850
1814 2852
1815 2853
1816 2855
1817 2856
1818 2858
1819 2860
1820 2861
1821 2863
1822 2864
1823 2866
1824 2867
1825 2869
1826 2871
1827 2872
1828 2874
1829 2875
1830 2877
1831 2878
1832 2880
1833 2882
1834 2883
1835 2885
1836 2886
1837 2888
1838 2890
1839 2891
1840 2893
1841 2894
1842 2896
1843 2897
1844 2899
1845 2901
1846 2902
1847 2904
1848 2905
1849 2907
1850 2908
1851 2910
1852 2912
1853 2913
1854 2915
1855 2916
1856 2918
1857 2919
1858 2921
1859 2923
1860 2924
1861 2926
1862 2927
1863 2929
1864 2930
1865 2932
1866 2934
1867 2935
1868 2937
1869 2938
1870 2940
1871 2941
1872 2943
1873 2945
1874 2946
1875 2948
1876 2949
1877 2951
1878 2952
1879 2954
1880 2956
1881 2957
1882 2959
1883 2960
1884 2962
1885 2963
1886 2965
1887 2967
1888 2968
1889 2970
1890 2971
1891 2973
1892 2974
1893 2976
1894 2978
1895 2979
1896 2981
1897 2982
1898 2984
1899 2985
1900 2987
1901 2989
1902 2990
1903 2992
1904 2993
1905 2995
1906 2996
1907 2998
1908 3000
1909 3001
1910 3003
1911 3004
1912 3006
1913 3007
1914 3009
1915 3011
1916 3012
1917 3014
1918 3015
1919 3017
1920 3018
1921 3020
1922 3022
1923 3023
1924 3025
1925 3026
1926 3028
1927 3029
1928 3031
1929 3033
1930 3034
1931 3036
1932 3037
1933 3039
1934 3040
1935 3042
1936 3044
1937 3045
1938 3047
1939 3048
1940 3050
1941 3051
1942 3053
1943 3055
1944 3056
1945 3058
1946 3059
1947 3061
1948 3062
1949 3064
1950 3066
1951 3067
1952 3069
1953 3070
1954 3072
1955 3073
1956 3075
1957 3077
1958 3078
1959 3080
1960 3081
1961 3083
1962 3084
1963 3086
1964 3088
1965 3089
1966 3091
1967 3092
1968 3094
1969 3095
1970 3097
1971 3099
1972 3100
1973 3102
1974 3103
1975 3105
1976 3106
1977 3108
1978 3110
1979 3111
1980 3113
1981 3114
1982 3116
1983 3117
1984 3119
1985 3121
1986 3122
1987 3124
1988 3125
1989 3127
1990 3128
1991 3130
1992 3132
1993 3133
1994 3135
1995 3136
1996 3138
1997 3139
1998 3141
1999 3143
2000 3144
2001 3146
2002 3147
2003 3149
2004 3150
2005 3152
2006 3154
2007 3155
2008 3157
2009 3158
2010 3160
2011 3161
2012 3163
2013 3165
2014 3166
2015 3168
2016 3169
2017 3171
2018 3172
2019 3174
2020 3176
2021 3177
2022 3179
2023 3180
2024 3182
2025 3183
2026 3185
2027 3187
2028 3188
2029 3190
2030 3191
2031 3193
2032 3194
2033 3196
2034 3198
2035 3199
2036 3201
2037 3202
2038 3204
2039 3205
2040 3207
2041 3209
2042 3210
2043 3212
2044 3213
2045 3215
2046 3216
2047 3218
2048 3220
2049 3221
2050 3223
2051 3224
2052 3226
2053 3227
2054 3229
2055 3231
2056 3232
2057 3234
2058 3235
2059 3237
2060 3238
2061 3240
2062 3242
2063 3243
2064 3245
2065 3246
2066 3248
2067 3249
2068 3251
2069 3253
2070 3254
2071 3256
2072 3257
2073 3259
2074 3260
2075 3262
2076 3264
2077 3265
2078 3267
2079 3268
2080 3270
2081 3271
2082 3273
2083 3275
2084 3276
2085 3278
2086 3279
2087 3281
2088 3282
2089 3284
2090 3286
2091 3287
2092 3289
2093 3290
2094 3292
2095 3293
2096 3295
2097 3297
2098 3298
2099 3300
2100 3301
2101 3303
2102 3304
2103 3306
2104 3308
2105 3309
2106 3311
2107 3312
2108 3314
2109 3315
2110 3317
2111 3319
2112 3320
2113 3322
2114 3323
2115 3325
2116 3326
2117 3328
2118 3330
2119 3331
2120 3333
2121 3334
2122 3336
2123 3337
2124 3339
2125 3341
2126 3342
2127 3344
2128 3345
2129 3347
2130 3348
2131 3350
2132 3352
2133 3353
2134 3355
2135 3356
2136 3358
2137 3359
2138 3361
2139 3363
2140 3364
2141 3366
2142 3367
2143 3369
2144 3370
2145 3372
2146 3374
2147 3375
2148 3377
2149 3378
2150 3380
2151 3381
2152 3383
2153 3385
2154 3386
2155 3388
2156 3389
2157 3391
2158 3392
2159 3394
2160 3396
2161 3397
2162 3399
2163 3400
2164 3402
2165 3404
2166 3405
2167 3407
2168 3408
2169 3410
2170 3411
2171 3413
2172 3415
2173 3416
2174 3418
2175 3419
2176 3421
2177 3422
2178 3424
2179 3426
2180 3427
2181 3429
2182 3430
2183 3432
2184 3433
2185 3435
2186 3437
2187 3438
2188 3440
2189 3441
2190 3443
2191 3444
2192 3446
2193 3448
2194 3449
2195 3451
2196 3452
2197 3454
2198 3455
2199 3457
2200 3459
2201 3460
2202 3462
2203 3463
2204 3465
2205 3466
2206 3468
2207 3470
2208 3471
2209 3473
2210 3474
2211 3476
2212 3477
2213 3479
2214 3481
2215 3482
2216 3484
2217 3485
2218 3487
2219 3488
2220 3490
2221 3492
2222 3493
2223 3495
2224 3496
2225 3498
2226 3499
2227 3501
2228 3503
2229 3504
2230 3506
2231 3507
2232 3509
2233 3510
2234 3512
2235 3514
2236 3515
2237 3517
2238 3518
2239 3520
2240 3521
2241 3523
2242 3525
2243 3526
2244 3528
2245 3529
2246 3531
2247 3532
2248 3534
2249 3536
2250 3537
2251 3539
2252 3540
2253 3542
2254 3543
2255 3545
2256 3547
2257 3548
2258 3550
2259 3551
2260 3553
2261 3554
2262 3556
2263 3558
2264 3559
2265 3561
2266 3562
2267 3564
2268 3565
2269 3567
2270 3569
2271 3570
2272 3572
2273 3573
2274 3575
2275 3576
2276 3578
2277 3580
2278 3581
2279 3583
2280 3584
2281 3586
2282 3587
2283 3589
2284 3591
2285 3592
2286 3594
2287 3595
2288 3597
2289 3598
2290 3600
2291 3602
2292 3603
2293 3605
2294 3606
2295 3608
2296 3609
2297 3611
2298 3613
2299 3614
2300 3616
2301 3617
2302 3619
2303 3620
2304 3622
2305 3624
2306 3625
2307 3627
2308 3628
2309 3630
2310 3631
2311 3633
2312 3635
2313 3636
2314 3638
2315 3639
2316 3641
2317 3642
2318 3644
2319 3646
2320 3647
2321 3649
2322 3650
2323 3652
2324 3653
2325 3655
2326 3657
2327 3658
2328 3660
2329 3661
2330 3663
2331 3664
2332 3666
2333 3668
2334 3669
2335 3671
2336 3672
2337 3674
2338 3675
2339 3677
2340 3679
2341 3680
2342 3682
2343 3683
2344 3685
2345 3686
2346 3688
2347 3690
2348 3691
2349 3693
2350 3694
2351 3696
2352 3697
2353 3699
2354 3701
2355 3702
2356 3704
2357 3705
2358 3707
2359 3708
2360 3710
2361 3712
2362 3713
2363 3715
2364 3716
2365 3718
2366 3719
2367 3721
2368 3723
2369 3724
2370 3726
2371 3727
2372 3729
2373 3731
2374 3732
2375 3734
2376 3735
2377 3737
2378 3738
2379 3740
2380 3742
2381 3743
2382 3745
2383 3746
2384 3748
2385 3749
2386 3751
2387 3753
2388 3754
2389 3756
2390 3757
2391 3759
2392 3760
2393 3762
2394 3764
2395 3765
2396 3767
2397 3768
2398 3770
2399 3771
2400 3773
2401 3775
2402 3776
2403 3778
2404 3779
2405 3781
2406 3782
2407 3784
2408 3786
2409 3787
2410 3789
2411 3790
2412 3792
2413 3793
2414 3795
2415 3797
2416 3798
2417 3800
2418 3801
2419 3803
2420 3804
2421 3806
2422 3808
2423 3809
2424 3811
2425 3812
2426 3814
2427 3815
2428 3817
2429 3819
2430 3820
2431 3822
2432 3823
2433 3825
2434 3826
2435 3828
2436 3830
2437 3831
2438 3833
2439 3834
2440 3836
2441 3837
2442 3839
2443 3841
2444 3842
2445 3844
2446 3845
2447 3847
2448 3848
2449 3850
2450 3852
2451 3853
2452 3855
2453 3856
2454 3858
2455 3859
2456 3861
2457 3863
2458 3864
2459 3866
2460 3867
2461 3869
2462 3870
2463 3872
2464 3874
2465 3875
2466 3877
2467 3878
2468 3880
2469 3881
2470 3883
2471 3885
2472 3886
2473 3888
2474 3889
2475 3891
2476 3892
2477 3894
2478 3896
2479 3897
2480 3899
2481 3900
2482 3902
2483 3903
2484 3905
2485 3907
2486 3908
2487 3910
2488 3911
2489 3913
2490 3914
2491 3916
2492 3918
2493 3919
2494 3921
2495 3922
2496 3924
2497 3925
2498 3927
2499 3929
2500 3930
2501 3932
2502 3933
2503 3935
2504 3936
2505 3938
2506 3940
2507 3941
2508 3943
2509 3944
2510 3946
2511 3947
2512 3949
2513 3951
2514 3952
2515 3954
2516 3955
2517 3957
2518 3958
2519 3960
2520 3962
2521 3963
2522 3965
2523 3966
2524 3968
2525 3969
2526 3971
2527 3973
2528 3974
2529 3976
2530 3977
2531 3979
2532 3980
2533 3982
2534 3984
2535 3985
2536 3987
2537 3988
2538 3990
2539 3991
2540 3993
2541 3995
2542 3996
2543 3998
2544 3999
2545 4001
2546 4002
2547 4004
2548 4006
2549 4007
2550 4009
2551 4010
2552 4012
2553 4013
2554 4015
2555 4017
2556 4018
2557 4020
2558 4021
2559 4023
2560 4024
2561 4026
2562 4028
2563 4029
2564 4031
2565 4032
2566 4034
2567 4035
2568 4037
2569 4039
2570 4040
2571 4042
2572 4043
2573 4045
2574 4047
2575 4048
2576 4050
2577 4051
2578 4053
2579 4054
2580 4056
2581 4058
2582 4059
2583 4061
2584 4062
2585 4064
2586 4065
2587 4067
2588 4069
2589 4070
2590 4072
2591 4073
2592 4075
2593 4076
2594 4078
2595 4080
2596 4081
2597 4083
2598 4084
2599 4086
2600 4087
2601 4089
2602 4091
2603 4092
2604 4094
2605 4095
2606 4097
2607 4098
2608 4100
2609 4102
2610 4103
2611 4105
2612 4106
2613 4108
2614 4109
2615 4111
2616 4113
2617 4114
2618 4116
2619 4117
2620 4119
2621 4120
2622 4122
2623 4124
2624 4125
2625 4127
2626 4128
2627 4130
2628 4131
2629 4133
2630 4135
2631 4136
2632 4138
2633 4139
2634 4141
2635 4142
2636 4144
2637 4146
2638 4147
2639 4149
2640 4150
2641 4152
2642 4153
2643 4155
2644 4157
2645 4158
2646 4160
2647 4161
2648 4163
2649 4164
2650 4166
2651 4168
2652 4169
2653 4171
2654 4172
2655 4174
2656 4175
2657 4177
2658 4179
2659 4180
2660 4182
2661 4183
2662 4185
2663 4186
2664 4188
2665 4190
2666 4191
2667 4193
2668 4194
2669 4196
2670 4197
2671 4199
2672 4201
2673 4202
2674 4204
2675 4205
2676 4207
2677 4208
2678 4210
2679 4212
2680 4213
2681 4215
2682 4216
2683 4218
2684 4219
2685 4221
2686 4223
2687 4224
2688 4226
2689 4227
2690 4229
2691 4230
2692 4232
2693 4234
2694 4235
2695 4237
2696 4238
2697 4240
2698 4241
2699 4243
2700 4245
2701 4246
2702 4248
2703 4249
2704 4251
2705 4252
2706 4254
2707 4256
2708 4257
2709 4259
2710 4260
2711 4262
2712 4263
2713 4265
2714 4267
2715 4268
2716 4270
2717 4271
2718 4273
2719 4274
2720 4276
2721 4278
2722 4279
2723 4281
2724 4282
2725 4284
2726 4285
2727 4287
2728 4289
2729 4290
2730 4292
2731 4293
2732 4295
2733 4296
2734 4298
2735 4300
2736 4301
2737 4303
2738 4304
2739 4306
2740 4307
2741 4309
2742 4311
2743 4312
2744 4314
2745 4315
2746 4317
2747 4318
2748 4320
2749 4322
2750 4323
2751 4325
2752 4326
2753 4328
2754 4329
2755 4331
2756 4333
2757 4334
2758 4336
2759 4337
2760 4339
2761 4340
2762 4342
2763 4344
2764 4345
2765 4347
2766 4348
2767 4350
2768 4351
2769 4353
2770 4355
2771 4356
2772 4358
2773 4359
2774 4361
2775 4362
2776 4364
2777 4366
2778 4367
2779 4369
2780 4370
2781 4372
2782 4373
2783 4375
2784 4377
2785 4378
2786 4380
2787 4381
2788 4383
2789 4384
2790 4386
2791 4388
2792 4389
2793 4391
2794 4392
2795 4394
2796 4396
2797 4397
2798 4399
2799 4400
2800 4402
2801 4403
2802 4405
2803 4407
2804 4408
2805 4410
2806 4411
2807 4413
2808 4414
2809 4416
2810 4418
2811 4419
2812 4421
2813 4422
2814 4424
2815 4425
2816 4427
2817 4429
2818 4430
2819 4432
2820 4433
2821 4435
2822 4436
2823 4438
2824 4440
2825 4441
2826 4443
2827 4444
2828 4446
2829 4447
2830 4449
2831 4451
2832 4452
2833 4454
2834 4455
2835 4457
2836 4458
2837 4460
2838 4462
2839 4463
2840 4465
2841 4466
2842 4468
2843 4469
2844 4471
2845 4473
2846 4474
2847 4476
2848 4477
2849 4479
2850 4480
2851 4482
2852 4484
2853 4485
2854 4487
2855 4488
2856 4490
2857 4491
2858 4493
2859 4495
2860 4496
2861 4498
2862 4499
2863 4501
2864 4502
2865 4504
2866 4506
2867 4507
2868 4509
2869 4510
2870 4512
2871 4513
2872 4515
2873 4517
2874 4518
2875 4520
2876 4521
2877 4523
2878 4524
2879 4526
2880 4528
2881 4529
2882 4531
2883 4532
2884 4534
2885 4535
2886 4537
2887 4539
2888 4540
2889 4542
2890 4543
2891 4545
2892 4546
2893 4548
2894 4550
2895 4551
2896 4553
2897 4554
2898 4556
2899 4557
2900 4559
2901 4561
2902 4562
2903 4564
2904 4565
2905 4567
2906 4568
2907 4570
2908 4572
2909 4573
2910 4575
2911 4576
2912 4578
2913 4579
2914 4581
2915 4583
2916 4584
2917 4586
2918 4587
2919 4589
2920 4590
2921 4592
2922 4594
2923 4595
2924 4597
2925 4598
2926 4600
2927 4601
2928 4603
2929 4605
2930 4606
2931 4608
2932 4609
2933 4611
2934 4612
2935 4614
2936 4616
2937 4617
2938 4619
2939 4620
2940 4622
2941 4623
2942 4625
2943 4627
2944 4628
2945 4630
2946 4631
2947 4633
2948 4634
2949 4636
2950 4638
2951 4639
2952 4641
2953 4642
2954 4644
2955 4645
2956 4647
2957 4649
2958 4650
2959 4652
2960 4653
2961 4655
2962 4656
2963 4658
2964 4660
2965 4661
2966 4663
2967 4664
2968 4666
2969 4667
2970 4669
2971 4671
2972 4672
2973 4674
2974 4675
2975 4677
2976 4678
2977 4680
2978 4682
2979 4683
2980 4685
2981 4686
2982 4688
2983 4689
2984 4691
2985 4693
2986 4694
2987 4696
2988 4697
2989 4699
2990 4700
2991 4702
2992 4704
2993 4705
2994 4707
2995 4708
2996 4710
2997 4711
2998 4713
2999 4715
3000 4716
3001 4718
3002 4719
3003 4721
3004 4722
3005 4724
3006 4726
3007 4727
3008 4729
3009 4730
3010 4732
3011 4733
3012 4735
3013 4737
3014 4738
3015 4740
3016 4741
3017 4743
3018 4744
3019 4746
3020 4748
3021 4749
3022 4751
3023 4752
3024 4754
3025 4755
3026 4757
3027 4759
3028 4760
3029 4762
3030 4763
3031 4765
3032 4766
3033 4768
3034 4770
3035 4771
3036 4773
3037 4774
3038 4776
3039 4777
3040 4779
3041 4781
3042 4782
3043 4784
3044 4785
3045 4787
3046 4788
3047 4790
3048 4792
3049 4793
3050 4795
3051 4796
3052 4798
3053 4799
3054 4801
3055 4803
3056 4804
3057 4806
3058 4807
3059 4809
3060 4810
3061 4812
3062 4814
3063 4815
3064 4817
3065 4818
3066 4820
3067 4821
3068 4823
3069 4825
3070 4826
3071 4828
3072 4829
3073 4831
3074 4832
3075 4834
3076 4836
3077 4837
3078 4839
3079 4840
3080 4842
3081 4843
3082 4845
3083 4847
3084 4848
3085 4850
3086 4851
3087 4853
3088 4855
3089 4856
3090 4858
3091 4859
3092 4861
3093 4862
3094 4864
3095 4866
3096 4867
3097 4869
3098 4870
3099 4872
3100 4873
3101 4875
3102 4877
3103 4878
3104 4880
3105 4881
3106 4883
3107 4884
3108 4886
3109 4888
3110 4889
3111 4891
3112 4892
3113 4894
3114 4895
3115 4897
3116 4899
3117 4900
3118 4902
3119 4903
3120 4905
3121 4906
3122 4908
3123 4910
3124 4911
3125 4913
3126 4914
3127 4916
3128 4917
3129 4919
3130 4921
3131 4922
3132 4924
3133 4925
3134 4927
3135 4928
3136 4930
3137 4932
3138 4933
3139 4935
3140 4936
3141 4938
3142 4939
3143 4941
3144 4943
3145 4944
3146 4946
3147 4947
3148 4949
3149 4950
3150 4952
3151 4954
3152 4955
3153 4957
3154 4958
3155 4960
3156 4961
3157 4963
3158 4965
3159 4966
3160 4968
3161 4969
3162 4971
3163 4972
3164 4974
3165 4976
3166 4977
3167 4979
3168 4980
3169 4982
3170 4983
3171 4985
3172 4987
3173 4988
3174 4990
3175 4991
3176 4993
3177 4994
3178 4996
3179 4998
3180 4999
3181 5001
3182 5002
3183 5004
3184 5005
3185 5007
3186 5009
3187 5010
3188 5012
3189 5013
3190 5015
3191 5016
3192 5018
3193 5020
3194 5021
3195 5023
3196 5024
3197 5026
3198 5027
3199 5029
3200 5031
3201 5032
3202 5034
3203 5035
3204 5037
3205 5038
3206 5040
3207 5042
3208 5043
3209 5045
3210 5046
3211 5048
3212 5049
3213 5051
3214 5053
3215 5054
3216 5056
3217 5057
3218 5059
3219 5060
3220 5062
3221 5064
3222 5065
3223 5067
3224 5068
3225 5070
3226 5071
3227 5073
3228 5075
3229 5076
3230 5078
3231 5079
3232 5081
3233 5082
3234 5084
3235 5086
3236 5087
3237 5089
3238 5090
3239 5092
3240 5093
3241 5095
3242 5097
3243 5098
3244 5100
3245 5101
3246 5103
3247 5104
3248 5106
3249 5108
3250 5109
3251 5111
3252 5112
3253 5114
3254 5115
3255 5117
3256 5119
3257 5120
3258 5122
3259 5123
3260 5125
3261 5126
3262 5128
3263 5130
3264 5131
3265 5133
3266 5134
3267 5136
3268 5137
3269 5139
3270 5141
3271 5142
3272 5144
3273 5145
3274 5147
3275 5148
3276 5150
3277 5152
3278 5153
3279 5155
3280 5156
3281 5158
3282 5159
3283 5161
3284 5163
3285 5164
3286 5166
3287 5167
3288 5169
3289 5170
3290 5172
3291 5174
3292 5175
3293 5177
3294 5178
3295 5180
3296 5181
3297 5183
3298 5185
3299 5186
3300 5188
3301 5189
3302 5191
3303 5192
3304 5194
3305 5196
3306 5197
3307 5199
3308 5200
3309 5202
3310 5203
3311 5205
3312 5207
3313 5208
3314 5210
3315 5211
3316 5213
3317 5214
3318 5216
3319 5218
3320 5219
3321 5221
3322 5222
3323 5224
3324 5225
3325 5227
3326 5229
3327 5230
3328 5232
3329 5233
3330 5235
3331 5236
3332 5238
3333 5240
3334 5241
3335 5243
3336 5244
3337 5246
3338 5247
3339 5249
3340 5251
3341 5252
3342 5254
3343 5255
3344 5257
3345 5258
3346 5260
3347 5262
3348 5263
3349 5265
3350 5266
3351 5268
3352 5269
3353 5271
3354 5273
3355 5274
3356 5276
3357 5277
3358 5279
3359 5280
3360 5282
3361 5284
3362 5285
3363 5287
3364 5288
3365 5290
3366 5291
3367 5293
3368 5295
3369 5296
3370 5298
3371 5299
3372 5301
3373 5302
3374 5304
3375 5306
3376 5307
3377 5309
3378 5310
3379 5312
3380 5313
3381 5315
3382 5317
3383 5318
3384 5320
3385 5321
3386 5323
3387 5325
3388 5326
3389 5328
3390 5329
3391 5331
3392 5332
3393 5334
3394 5336
3395 5337
3396 5339
3397 5340
3398 5342
3399 5343
3400 5345
3401 5347
3402 5348
3403 5350
3404 5351
3405 5353
3406 5354
3407 5356
3408 5358
3409 5359
3410 5361
3411 5362
3412 5364
3413 5365
3414 5367
3415 5369
3416 5370
3417 5372
3418 5373
3419 5375
3420 5376
3421 5378
3422 5380
3423 5381
3424 5383
3425 5384
3426 5386
3427 5387
3428 5389
3429 5391
3430 5392
3431 5394
3432 5395
3433 5397
3434 5398
3435 5400
3436 5402
3437 5403
3438 5405
3439 5406
3440 5408
3441 5409
3442 5411
3443 5413
3444 5414
3445 5416
3446 5417
3447 5419
3448 5420
3449 5422
3450 5424
3451 5425
3452 5427
3453 5428
3454 5430
3455 5431
3456 5433
3457 5435
3458 5436
3459 5438
3460 5439
3461 5441
3462 5442
3463 5444
3464 5446
3465 5447
3466 5449
3467 5450
3468 5452
3469 5453
3470 5455
3471 5457
3472 5458
3473 5460
3474 5461
3475 5463
3476 5464
3477 5466
3478 5468
3479 5469
3480 5471
3481 5472
3482 5474
3483 5475
3484 5477
3485 5479
3486 5480
3487 5482
3488 5483
3489 5485
3490 5486
3491 5488
3492 5490
3493 5491
3494 5493
3495 5494
3496 5496
3497 5497
3498 5499
3499 5501
3500 5502
3501 5504
3502 5505
3503 5507
3504 5508
3505 5510
3506 5512
3507 5513
3508 5515
3509 5516
3510 5518
3511 5519
3512 5521
3513 5523
3514 5524
3515 5526
3516 5527
3517 5529
3518 5530
3519 5532
3520 5534
3521 5535
3522 5537
3523 5538
3524 5540
3525 5541
3526 5543
3527 5545
3528 5546
3529 5548
3530 5549
3531 5551
3532 5552
3533 5554
3534 5556
3535 5557
3536 5559
3537 5560
3538 5562
3539 5563
3540 5565
3541 5567
3542 5568
3543 5570
3544 5571
3545 5573
3546 5574
3547 5576
3548 5578
3549 5579
3550 5581
3551 5582
3552 5584
3553 5585
3554 5587
3555 5589
3556 5590
3557 5592
3558 5593
3559 5595
3560 5596
3561 5598
3562 5600
3563 5601
3564 5603
3565 5604
3566 5606
3567 5607
3568 5609
3569 5611
3570 5612
3571 5614
3572 5615
3573 5617
3574 5618
3575 5620
3576 5622
3577 5623
3578 5625
3579 5626
3580 5628
3581 5629
3582 5631
3583 5633
3584 5634
3585 5636
3586 5637
3587 5639
3588 5640
3589 5642
3590 5644
3591 5645
3592 5647
3593 5648
3594 5650
3595 5651
3596 5653
3597 5655
3598 5656
3599 5658
3600 5659
3601 5661
3602 5662
3603 5664
3604 5666
3605 5667
3606 5669
3607 5670
3608 5672
3609 5673
3610 5675
3611 5677
