1 5 1 5693 3609
0 0
1 1
2 2
3 4
4 6
5 7
6 9
7 10
8 12
9 13
10 15
11 17
12 18
13 20
14 21
15 23
16 25
17 26
18 28
19 29
20 31
21 32
22 34
23 36
24 37
25 39
26 40
27 42
28 44
29 45
30 47
31 48
32 50
33 51
34 53
35 55
36 56
37 58
38 59
39 61
40 63
41 64
42 66
43 67
44 69
45 70
46 72
47 74
48 75
49 77
50 78
51 80
52 82
53 83
54 85
55 86
56 88
57 89
58 91
59 93
60 94
61 96
62 97
63 99
64 101
65 102
66 104
67 105
68 107
69 108
70 110
71 112
72 113
73 115
74 116
75 118
76 120
77 121
78 123
79 124
80 126
81 127
82 129
83 131
84 132
85 134
86 135
87 137
88 139
89 140
90 142
91 143
92 145
93 146
94 148
95 150
96 151
97 153
98 154
99 156
100 158
101 159
102 161
103 162
104 164
105 165
106 167
107 169
108 170
109 172
110 173
111 175
112 177
113 178
114 180
115 181
116 183
117 184
118 186
119 188
120 189
121 191
122 192
123 194
124 196
125 197
126 199
127 200
128 202
129 203
130 205
131 207
132 208
133 210
134 211
135 213
136 215
137 216
138 218
139 219
140 221
141 222
142 224
143 226
144 227
145 229
146 230
147 232
148 234
149 235
150 237
151 238
152 240
153 241
154 243
155 245
156 246
157 248
158 249
159 251
160 253
161 254
162 256
163 257
164 259
165 260
166 262
167 264
168 265
169 267
170 268
171 270
172 272
173 273
174 275
175 276
176 278
177 279
178 281
179 283
180 284
181 286
182 287
183 289
184 291
185 292
186 294
187 295
188 297
189 298
190 300
191 302
192 303
193 305
194 306
195 308
196 309
197 311
198 313
199 314
200 316
201 317
202 319
203 321
204 322
205 324
206 325
207 327
208 328
209 330
210 332
211 333
212 335
213 336
214 338
215 340
216 341
217 343
218 344
219 346
220 347
221 349
222 351
223 352
224 354
225 355
226 357
227 359
228 360
229 362
230 363
231 365
232 366
233 368
234 370
235 371
236 373
237 374
238 376
239 378
240 379
241 381
242 382
243 384
244 385
245 387
246 389
247 390
248 392
249 393
250 395
251 397
252 398
253 400
254 401
255 403
256 404
257 406
258 408
259 409
260 411
261 412
262 414
263 416
264 417
265 419
266 420
267 422
268 423
269 425
270 427
271 428
272 430
273 431
274 433
275 435
276 436
277 438
278 439
279 441
280 442
281 444
282 446
283 447
284 449
285 450
286 452
287 453
288 455
289 457
290 458
291 460
292 461
293 463
294 465
295 466
296 468
297 469
298 471
299 472
300 474
301 476
302 477
303 479
304 480
305 482
306 484
307 485
308 487
309 488
310 490
311 491
312 493
313 495
314 496
315 498
316 499
317 501
318 503
319 504
320 506
321 507
322 509
323 510
324 512
325 514
326 515
327 517
328 518
329 520
330 522
331 523
332 525
333 526
334 528
335 529
336 531
337 533
338 534
339 536
340 537
341 539
342 541
343 542
344 544
345 545
346 547
347 548
348 550
349 552
350 553
351 555
352 556
353 558
354 559
355 561
356 563
357 564
358 566
359 567
360 569
361 571
362 572
363 574
364 575
365 577
366 578
367 580
368 582
369 583
370 585
371 586
372 588
373 590
374 591
375 593
376 594
377 596
378 597
379 599
380 601
381 602
382 604
383 605
384 607
385 609
386 610
387 612
388 613
389 615
390 616
391 618
392 620
393 621
394 623
395 624
396 626
397 628
398 629
399 631
400 632
401 634
402 635
403 637
404 639
405 640
406 642
407 643
408 645
409 647
410 648
411 650
412 651
413 653
414 654
415 656
416 658
417 659
418 661
419 662
420 664
421 665
422 667
423 669
424 670
425 672
426 673
427 675
428 677
429 678
430 680
431 681
432 683
433 684
434 686
435 688
436 689
437 691
438 692
439 694
440 696
441 697
442 699
443 700
444 702
445 703
446 705
447 707
448 708
449 710
450 711
451 713
452 715
453 716
454 718
455 719
456 721
457 722
458 724
459 726
460 727
461 729
462 730
463 732
464 734
465 735
466 737
467 738
468 740
469 741
470 743
471 745
472 746
473 748
474 749
475 751
476 752
477 754
478 756
479 757
480 759
481 760
482 762
483 764
484 765
485 767
486 768
487 770
488 771
489 773
490 775
491 776
492 778
493 779
494 781
495 783
496 784
497 786
498 787
499 789
500 790
501 792
502 794
503 795
504 797
505 798
506 800
507 802
508 803
509 805
510 806
511 808
512 809
513 811
514 813
515 814
516 816
517 817
518 819
519 820
520 822
521 824
522 825
523 827
524 828
525 830
526 832
527 833
528 835
529 836
530 838
531 839
532 841
533 843
534 844
535 846
536 847
537 849
538 851
539 852
540 854
541 855
542 857
543 858
544 860
545 862
546 863
547 865
548 866
549 868
550 870
551 871
552 873
553 874
554 876
555 877
556 879
557 881
558 882
559 884
560 885
561 887
562 888
563 890
564 892
565 893
566 895
567 896
568 898
569 900
570 901
571 903
572 904
573 906
574 907
575 909
576 911
577 912
578 914
579 915
580 917
581 919
582 920
583 922
584 923
585 925
586 926
587 928
588 930
589 931
590 933
591 934
592 936
593 938
594 939
595 941
596 942
597 944
598 945
599 947
600 949
601 950
602 952
603 953
604 955
605 956
606 958
607 960
608 961
609 963
610 964
611 966
612 968
613 969
614 971
615 972
616 974
617 975
618 977
619 979
620 980
621 982
622 983
623 985
624 987
625 988
626 990
627 991
628 993
629 994
630 996
631 998
632 999
633 1001
634 1002
635 1004
636 1006
637 1007
638 1009
639 1010
640 1012
641 1013
642 1015
643 1017
644 1018
645 1020
646 1021
647 1023
648 1025
649 1026
650 1028
651 1029
652 1031
653 1032
654 1034
655 1036
656 1037
657 1039
658 1040
659 1042
660 1044
661 1045
662 1047
663 1048
664 1050
665 1051
666 1053
667 1055
668 1056
669 1058
670 1059
671 1061
672 1062
673 1064
674 1066
675 1067
676 1069
677 1070
678 1072
679 1074
680 1075
681 1077
682 1078
683 1080
684 1081
685 1083
686 1085
687 1086
688 1088
689 1089
690 1091
691 1093
692 1094
693 1096
694 1097
695 1099
696 1100
697 1102
698 1104
699 1105
700 1107
701 1108
702 1110
703 1111
704 1113
705 1115
706 1116
707 1118
708 1119
709 1121
710 1123
711 1124
712 1126
713 1127
714 1129
715 1130
716 1132
717 1134
718 1135
719 1137
720 1138
721 1140
722 1142
723 1143
724 1145
725 1146
726 1148
727 1149
728 1151
729 1153
730 1154
731 1156
732 1157
733 1159
734 1161
735 1162
736 1164
737 1165
738 1167
739 1168
740 1170
741 1172
742 1173
743 1175
744 1176
745 1178
746 1180
747 1181
748 1183
749 1184
750 1186
751 1187
752 1189
753 1191
754 1192
755 1194
756 1195
757 1197
758 1198
759 1200
760 1202
761 1203
762 1205
763 1206
764 1208
765 1210
766 1211
767 1213
768 1214
769 1216
770 1217
771 1219
772 1221
773 1222
774 1224
775 1225
776 1227
777 1228
778 1230
779 1232
780 1233
781 1235
782 1236
783 1238
784 1240
785 1241
786 1243
787 1244
788 1246
789 1247
790 1249
791 1251
792 1252
793 1254
794 1255
795 1257
796 1259
797 1260
798 1262
799 1263
800 1265
801 1266
802 1268
803 1270
804 1271
805 1273
806 1274
807 1276
808 1278
809 1279
810 1281
811 1282
812 1284
813 1285
814 1287
815 1289
816 1290
817 1292
818 1293
819 1295
820 1296
821 1298
822 1300
823 1301
824 1303
825 1304
826 1306
827 1308
828 1309
829 1311
830 1312
831 1314
832 1315
833 1317
834 1319
835 1320
836 1322
837 1323
838 1325
839 1327
840 1328
841 1330
842 1331
843 1333
844 1334
845 1336
846 1338
847 1339
848 1341
849 1342
850 1344
851 1345
852 1347
853 1349
854 1350
855 1352
856 1353
857 1355
858 1357
859 1358
860 1360
861 1361
862 1363
863 1364
864 1366
865 1368
866 1369
867 1371
868 1372
869 1374
870 1376
871 1377
872 1379
873 1380
874 1382
875 1383
876 1385
877 1387
878 1388
879 1390
880 1391
881 1393
882 1394
883 1396
884 1398
885 1399
886 1401
887 1402
888 1404
889 1406
890 1407
891 1409
892 1410
893 1412
894 1413
895 1415
896 1417
897 1418
898 1420
899 1421
900 1423
901 1425
902 1426
903 1428
904 1429
905 1431
906 1432
907 1434
908 1436
909 1437
910 1439
911 1440
912 1442
913 1443
914 1445
915 1447
916 1448
917 1450
918 1451
919 1453
920 1455
921 1456
922 1458
923 1459
924 1461
925 1462
926 1464
927 1466
928 1467
929 1469
930 1470
931 1472
932 1474
933 1475
934 1477
935 1478
936 1480
937 1481
938 1483
939 1485
940 1486
941 1488
942 1489
943 1491
944 1492
945 1494
946 1496
947 1497
948 1499
949 1500
950 1502
951 1504
952 1505
953 1507
954 1508
955 1510
956 1511
957 1513
958 1515
959 1516
960 1518
961 1519
962 1521
963 1523
964 1524
965 1526
966 1527
967 1529
968 1530
969 1532
970 1534
971 1535
972 1537
973 1538
974 1540
975 1542
976 1543
977 1545
978 1546
979 1548
980 1549
981 1551
982 1553
983 1554
984 1556
985 1557
986 1559
987 1560
988 1562
989 1564
990 1565
991 1567
992 1568
993 1570
994 1572
995 1573
996 1575
997 1576
998 1578
999 1579
1000 1581
1001 1583
1002 1584
1003 1586
1004 1587
1005 1589
1006 1591
1007 1592
1008 1594
1009 1595
1010 1597
1011 1598
1012 1600
1013 1602
1014 1603
1015 1605
1016 1606
1017 1608
1018 1609
1019 1611
1020 1613
1021 1614
1022 1616
1023 1617
1024 1619
1025 1621
1026 1622
1027 1624
1028 1625
1029 1627
1030 1628
1031 1630
1032 1632
1033 1633
1034 1635
1035 1636
1036 1638
1037 1640
1038 1641
1039 1643
1040 1644
1041 1646
1042 1647
1043 1649
1044 1651
1045 1652
1046 1654
1047 1655
1048 1657
1049 1658
1050 1660
1051 1662
1052 1663
1053 1665
1054 1666
1055 1668
1056 1670
1057 1671
1058 1673
1059 1674
1060 1676
1061 1677
1062 1679
1063 1681
1064 1682
1065 1684
1066 1685
1067 1687
1068 1689
1069 1690
1070 1692
1071 1693
1072 1695
1073 1696
1074 1698
1075 1700
1076 1701
1077 1703
1078 1704
1079 1706
1080 1708
1081 1709
1082 1711
1083 1712
1084 1714
1085 1715
1086 1717
1087 1719
1088 1720
1089 1722
1090 1723
1091 1725
1092 1726
1093 1728
1094 1730
1095 1731
1096 1733
1097 1734
1098 1736
1099 1738
1100 1739
1101 1741
1102 1742
1103 1744
1104 1745
1105 1747
1106 1749
1107 1750
1108 1752
1109 1753
1110 1755
1111 1757
1112 1758
1113 1760
1114 1761
1115 1763
1116 1764
1117 1766
1118 1768
1119 1769
1120 1771
1121 1772
1122 1774
1123 1776
1124 1777
1125 1779
1126 1780
1127 1782
1128 1783
1129 1785
1130 1787
1131 1788
1132 1790
1133 1791
1134 1793
1135 1795
1136 1796
1137 1798
1138 1799
1139 1801
1140 1802
1141 1804
1142 1806
1143 1807
1144 1809
1145 1810
1146 1812
1147 1813
1148 1815
1149 1817
1150 1818
1151 1820
1152 1821
1153 1823
1154 1825
1155 1826
1156 1828
1157 1829
1158 1831
1159 1832
1160 1834
1161 1836
1162 1837
1163 1839
1164 1840
1165 1842
1166 1843
1167 1845
1168 1847
1169 1848
1170 1850
1171 1851
1172 1853
1173 1854
1174 1856
1175 1858
1176 1859
1177 1861
1178 1862
1179 1864
1180 1866
1181 1867
1182 1869
1183 1870
1184 1872
1185 1873
1186 1875
1187 1877
1188 1878
1189 1880
1190 1881
1191 1883
1192 1885
1193 1886
1194 1888
1195 1889
1196 1891
1197 1892
1198 1894
1199 1896
1200 1897
1201 1899
1202 1900
1203 1902
1204 1903
1205 1905
1206 1907
1207 1908
1208 1910
1209 1911
1210 1913
1211 1915
1212 1916
1213 1918
1214 1919
1215 1921
1216 1922
1217 1923
1218 1924
1219 1926
1220 1927
1221 1929
1222 1930
1223 1932
1224 1934
1225 1935
1226 1937
1227 1938
1228 1940
1229 1941
1230 1943
1231 1945
1232 1946
1233 1948
1234 1949
1235 1951
1236 1953
1237 1954
1238 1956
1239 1957
1240 1959
1241 1960
1242 1962
1243 1964
1244 1965
1245 1967
1246 1968
1247 1970
1248 1971
1249 1973
1250 1975
1251 1976
1252 1978
1253 1979
1254 1981
1255 1983
1256 1984
1257 1986
1258 1987
1259 1989
1260 1990
1261 1992
1262 1994
1263 1995
1264 1997
1265 1998
1266 2000
1267 2002
1268 2003
1269 2005
1270 2006
1271 2008
1272 2009
1273 2011
1274 2013
1275 2014
1276 2016
1277 2017
1278 2019
1279 2020
1280 2022
1281 2024
1282 2025
1283 2027
1284 2028
1285 2030
1286 2032
1287 2033
1288 2035
1289 2036
1290 2038
1291 2039
1292 2041
1293 2043
1294 2044
1295 2046
1296 2047
1297 2049
1298 2050
1299 2052
1300 2054
1301 2055
1302 2057
1303 2058
1304 2060
1305 2062
1306 2063
1307 2065
1308 2066
1309 2068
1310 2069
1311 2071
1312 2073
1313 2074
1314 2076
1315 2077
1316 2079
1317 2081
1318 2082
1319 2084
1320 2085
1321 2087
1322 2088
1323 2090
1324 2092
1325 2093
1326 2095
1327 2096
1328 2098
1329 2099
1330 2101
1331 2103
1332 2104
1333 2106
1334 2107
1335 2109
1336 2111
1337 2112
1338 2114
1339 2115
1340 2117
1341 2118
1342 2120
1343 2122
1344 2123
1345 2125
1346 2126
1347 2128
1348 2129
1349 2131
1350 2133
1351 2134
1352 2136
1353 2137
1354 2139
1355 2140
1356 2142
1357 2144
1358 2145
1359 2147
1360 2148
1361 2150
1362 2152
1363 2153
1364 2155
1365 2156
1366 2158
1367 2160
1368 2161
1369 2163
1370 2164
1371 2166
1372 2167
1373 2169
1374 2171
1375 2172
1376 2174
1377 2175
1378 2177
1379 2179
1380 2180
1381 2182
1382 2183
1383 2185
1384 2186
1385 2188
1386 2190
1387 2191
1388 2193
1389 2194
1390 2196
1391 2197
1392 2199
1393 2201
1394 2202
1395 2204
1396 2205
1397 2207
1398 2209
1399 2210
1400 2212
1401 2213
1402 2215
1403 2216
1404 2218
1405 2220
1406 2221
1407 2223
1408 2224
1409 2226
1410 2228
1411 2229
1412 2231
1413 2232
1414 2234
1415 2235
1416 2237
1417 2239
1418 2240
1419 2242
1420 2243
1421 2245
1422 2246
1423 2248
1424 2250
1425 2251
1426 2253
1427 2254
1428 2256
1429 2258
1430 2259
1431 2261
1432 2262
1433 2264
1434 2265
1435 2267
1436 2269
1437 2270
1438 2272
1439 2273
1440 2275
1441 2277
1442 2278
1443 2280
1444 2281
1445 2283
1446 2284
1447 2286
1448 2288
1449 2289
1450 2291
1451 2292
1452 2294
1453 2295
1454 2297
1455 2299
1456 2300
1457 2302
1458 2303
1459 2305
1460 2307
1461 2308
1462 2310
1463 2311
1464 2313
1465 2314
1466 2316
1467 2318
1468 2319
1469 2321
1470 2322
1471 2324
1472 2326
1473 2327
1474 2329
1475 2330
1476 2332
1477 2333
1478 2335
1479 2337
1480 2338
1481 2340
1482 2341
1483 2343
1484 2344
1485 2346
1486 2348
1487 2349
1488 2351
1489 2352
1490 2354
1491 2356
1492 2357
1493 2359
1494 2360
1495 2362
1496 2363
1497 2365
1498 2367
1499 2368
1500 2370
1501 2371
1502 2373
1503 2374
1504 2376
1505 2378
1506 2379
1507 2381
1508 2382
1509 2384
1510 2386
1511 2387
1512 2389
1513 2390
1514 2392
1515 2393
1516 2395
1517 2397
1518 2398
1519 2400
1520 2401
1521 2403
1522 2405
1523 2406
1524 2408
1525 2409
1526 2411
1527 2412
1528 2414
1529 2416
1530 2417
1531 2419
1532 2420
1533 2422
1534 2424
1535 2425
1536 2427
1537 2428
1538 2430
1539 2431
1540 2433
1541 2435
1542 2436
1543 2438
1544 2439
1545 2441
1546 2442
1547 2444
1548 2446
1549 2447
1550 2449
1551 2450
1552 2452
1553 2454
1554 2455
1555 2457
1556 2458
1557 2460
1558 2461
1559 2463
1560 2465
1561 2466
1562 2468
1563 2469
1564 2471
1565 2472
1566 2474
1567 2476
1568 2477
1569 2479
1570 2480
1571 2482
1572 2484
1573 2485
1574 2487
1575 2488
1576 2490
1577 2491
1578 2493
1579 2495
1580 2496
1581 2498
1582 2499
1583 2501
1584 2503
1585 2504
1586 2506
1587 2507
1588 2509
1589 2510
1590 2512
1591 2513
1592 2514
1593 2515
1594 2516
1595 2517
1596 2519
1597 2521
1598 2523
1599 2524
1600 2525
1601 2527
1602 2528
1603 2530
1604 2531
1605 2533
1606 2535
1607 2536
1608 2538
1609 2539
1610 2541
1611 2542
1612 2544
1613 2546
1614 2548
1615 2550
1616 2551
1617 2553
1618 2555
1619 2556
1620 2558
1621 2559
1622 2561
1623 2563
1624 2564
1625 2566
1626 2567
1627 2569
1628 2570
1629 2571
1630 2572
1631 2574
1632 2575
1633 2577
1634 2578
1635 2580
1636 2582
1637 2583
1638 2585
1639 2586
1640 2588
1641 2589
1642 2591
1643 2592
1644 2594
1645 2595
1646 2597
1647 2598
1648 2599
1649 2600
1650 2602
1651 2603
1652 2605
1653 2607
1654 2608
1655 2610
1656 2611
1657 2613
1658 2615
1659 2616
1660 2618
1661 2619
1662 2621
1663 2622
1664 2624
1665 2626
1666 2627
1667 2629
1668 2630
1669 2632
1670 2634
1671 2635
1672 2637
1673 2638
1674 2640
1675 2641
1676 2643
1677 2645
1678 2646
1679 2648
1680 2649
1681 2651
1682 2653
1683 2654
1684 2656
1685 2657
1686 2659
1687 2660
1688 2662
1689 2664
1690 2665
1691 2667
1692 2668
1693 2670
1694 2672
1695 2673
1696 2675
1697 2676
1698 2678
1699 2679
1700 2681
1701 2683
1702 2684
1703 2686
1704 2687
1705 2689
1706 2690
1707 2692
1708 2694
1709 2695
1710 2697
1711 2698
1712 2700
1713 2702
1714 2703
1715 2705
1716 2706
1717 2708
1718 2709
1719 2711
1720 2713
1721 2714
1722 2716
1723 2717
1724 2718
1725 2719
1726 2720
1727 2722
1728 2724
1729 2725
1730 2727
1731 2728
1732 2730
1733 2732
1734 2733
1735 2735
1736 2736
1737 2738
1738 2739
1739 2741
1740 2743
1741 2744
1742 2745
1743 2746
1744 2747
1745 2749
1746 2750
1747 2752
1748 2754
1749 2755
1750 2757
1751 2758
1752 2760
1753 2762
1754 2763
1755 2765
1756 2766
1757 2768
1758 2770
1759 2771
1760 2773
1761 2774
1762 2776
1763 2777
1764 2779
1765 2781
1766 2782
1767 2784
1768 2785
1769 2787
1770 2788
1771 2790
1772 2792
1773 2793
1774 2795
1775 2796
1776 2798
1777 2800
1778 2801
1779 2803
1780 2804
1781 2806
1782 2807
1783 2809
1784 2811
1785 2812
1786 2814
1787 2815
1788 2817
1789 2818
1790 2820
1791 2822
1792 2823
1793 2825
1794 2826
1795 2828
1796 2830
1797 2831
1798 2833
1799 2834
1800 2836
1801 2837
1802 2839
1803 2841
1804 2842
1805 2844
1806 2845
1807 2847
1808 2849
1809 2850
1810 2852
1811 2853
1812 2855
1813 2856
1814 2858
1815 2860
1816 2861
1817 2863
1818 2864
1819 2866
1820 2867
1821 2869
1822 2871
1823 2872
1824 2874
1825 2875
1826 2877
1827 2879
1828 2880
1829 2882
1830 2883
1831 2885
1832 2886
1833 2888
1834 2890
1835 2891
1836 2893
1837 2894
1838 2896
1839 2897
1840 2899
1841 2901
1842 2902
1843 2904
1844 2905
1845 2907
1846 2909
1847 2910
1848 2912
1849 2913
1850 2915
1851 2916
1852 2918
1853 2920
1854 2921
1855 2923
1856 2924
1857 2926
1858 2928
1859 2929
1860 2931
1861 2932
1862 2934
1863 2935
1864 2937
1865 2939
1866 2940
1867 2942
1868 2943
1869 2945
1870 2946
1871 2948
1872 2950
1873 2951
1874 2953
1875 2954
1876 2956
1877 2958
1878 2959
1879 2961
1880 2962
1881 2964
1882 2965
1883 2967
1884 2969
1885 2970
1886 2972
1887 2973
1888 2975
1889 2977
1890 2978
1891 2980
1892 2981
1893 2983
1894 2984
1895 2986
1896 2988
1897 2989
1898 2991
1899 2992
1900 2994
1901 2995
1902 2997
1903 2999
1904 3000
1905 3002
1906 3003
1907 3005
1908 3007
1909 3008
1910 3010
1911 3011
1912 3013
1913 3014
1914 3016
1915 3018
1916 3019
1917 3021
1918 3022
1919 3024
1920 3025
1921 3027
1922 3029
1923 3030
1924 3032
1925 3033
1926 3035
1927 3037
1928 3038
1929 3040
1930 3041
1931 3043
1932 3044
1933 3046
1934 3048
1935 3049
1936 3051
1937 3052
1938 3054
1939 3055
1940 3057
1941 3059
1942 3060
1943 3062
1944 3063
1945 3065
1946 3067
1947 3068
1948 3070
1949 3071
1950 3073
1951 3074
1952 3076
1953 3078
1954 3079
1955 3081
1956 3082
1957 3084
1958 3085
1959 3087
1960 3089
1961 3090
1962 3092
1963 3093
1964 3095
1965 3097
1966 3098
1967 3100
1968 3101
1969 3103
1970 3104
1971 3106
1972 3108
1973 3109
1974 3111
1975 3112
1976 3114
1977 3116
1978 3117
1979 3119
1980 3120
1981 3122
1982 3123
1983 3125
1984 3127
1985 3128
1986 3130
1987 3131
1988 3133
1989 3134
1990 3136
1991 3138
1992 3139
1993 3141
1994 3142
1995 3144
1996 3146
1997 3147
1998 3149
1999 3150
2000 3152
2001 3153
2002 3155
2003 3157
2004 3158
2005 3160
2006 3161
2007 3163
2008 3164
2009 3166
2010 3168
2011 3169
2012 3171
2013 3172
2014 3174
2015 3176
2016 3177
2017 3179
2018 3180
2019 3182
2020 3183
2021 3185
2022 3187
2023 3188
2024 3190
2025 3191
2026 3193
2027 3195
2028 3196
2029 3198
2030 3199
2031 3201
2032 3202
2033 3204
2034 3206
2035 3207
2036 3209
2037 3210
2038 3212
2039 3213
2040 3215
2041 3217
2042 3218
2043 3220
2044 3221
2045 3223
2046 3225
2047 3226
2048 3228
2049 3229
2050 3231
2051 3232
2052 3234
2053 3236
2054 3237
2055 3239
2056 3240
2057 3242
2058 3244
2059 3245
2060 3247
2061 3248
2062 3250
2063 3251
2064 3253
2065 3255
2066 3256
2067 3258
2068 3259
2069 3261
2070 3262
2071 3264
2072 3266
2073 3267
2074 3269
2075 3270
2076 3272
2077 3274
2078 3275
2079 3277
2080 3278
2081 3280
2082 3281
2083 3283
2084 3285
2085 3286
2086 3288
2087 3289
2088 3291
2089 3292
2090 3294
2091 3296
2092 3297
2093 3299
2094 3300
2095 3302
2096 3304
2097 3305
2098 3307
2099 3308
2100 3310
2101 3311
2102 3313
2103 3315
2104 3316
2105 3318
2106 3319
2107 3321
2108 3322
2109 3324
2110 3326
2111 3327
2112 3329
2113 3330
2114 3332
2115 3334
2116 3335
2117 3337
2118 3338
2119 3340
2120 3341
2121 3343
2122 3345
2123 3346
2124 3348
2125 3349
2126 3351
2127 3352
2128 3354
2129 3356
2130 3357
2131 3359
2132 3360
2133 3362
2134 3364
2135 3365
2136 3367
2137 3368
2138 3370
2139 3371
2140 3373
2141 3375
2142 3376
2143 3378
2144 3379
2145 3381
2146 3382
2147 3384
2148 3386
2149 3387
2150 3389
2151 3390
2152 3392
2153 3394
2154 3395
2155 3397
2156 3398
2157 3400
2158 3401
2159 3403
2160 3405
2161 3406
2162 3408
2163 3409
2164 3411
2165 3413
2166 3414
2167 3416
2168 3417
2169 3419
2170 3420
2171 3422
2172 3424
2173 3425
2174 3427
2175 3428
2176 3430
2177 3431
2178 3433
2179 3435
2180 3436
2181 3438
2182 3439
2183 3441
2184 3443
2185 3444
2186 3446
2187 3447
2188 3449
2189 3450
2190 3452
2191 3454
2192 3455
2193 3457
2194 3458
2195 3460
2196 3462
2197 3463
2198 3465
2199 3466
2200 3468
2201 3469
2202 3471
2203 3473
2204 3474
2205 3476
2206 3477
2207 3479
2208 3480
2209 3482
2210 3484
2211 3485
2212 3487
2213 3488
2214 3490
2215 3491
2216 3493
2217 3495
2218 3496
2219 3498
2220 3499
2221 3501
2222 3503
2223 3504
2224 3506
2225 3507
2226 3509
2227 3510
2228 3512
2229 3514
2230 3515
2231 3517
2232 3518
2233 3520
2234 3522
2235 3523
2236 3525
2237 3526
2238 3528
2239 3529
2240 3531
2241 3533
2242 3534
2243 3536
2244 3537
2245 3539
2246 3541
2247 3542
2248 3544
2249 3545
2250 3547
2251 3548
2252 3550
2253 3552
2254 3553
2255 3555
2256 3556
2257 3558
2258 3559
2259 3561
2260 3563
2261 3564
2262 3566
2263 3567
2264 3569
2265 3571
2266 3572
2267 3574
2268 3575
2269 3577
2270 3578
2271 3580
2272 3582
2273 3583
2274 3585
2275 3586
2276 3588
2277 3589
2278 3591
2279 3593
2280 3594
2281 3596
2282 3597
2283 3599
2284 3600
2285 3602
2286 3604
2287 3605
2288 3607
2289 3608
2290 3610
2291 3612
2292 3613
2293 3615
2294 3616
2295 3618
2296 3619
2297 3621
2298 3623
2299 3624
2300 3626
2301 3627
2302 3629
2303 3631
2304 3632
2305 3634
2306 3635
2307 3637
2308 3638
2309 3640
2310 3642
2311 3643
2312 3645
2313 3646
2314 3648
2315 3649
2316 3651
2317 3653
2318 3654
2319 3656
2320 3657
2321 3659
2322 3661
2323 3662
2324 3664
2325 3665
2326 3667
2327 3668
2328 3670
2329 3672
2330 3673
2331 3675
2332 3676
2333 3678
2334 3679
2335 3681
2336 3683
2337 3684
2338 3686
2339 3687
2340 3689
2341 3691
2342 3692
2343 3694
2344 3695
2345 3697
2346 3698
2347 3700
2348 3702
2349 3703
2350 3705
2351 3706
2352 3708
2353 3709
2354 3711
2355 3713
2356 3714
2357 3716
2358 3717
2359 3719
2360 3721
2361 3722
2362 3724
2363 3725
2364 3727
2365 3728
2366 3730
2367 3732
2368 3733
2369 3735
2370 3736
2371 3738
2372 3740
2373 3741
2374 3743
2375 3744
2376 3746
2377 3747
2378 3749
2379 3751
2380 3752
2381 3754
2382 3755
2383 3757
2384 3758
2385 3760
2386 3762
2387 3763
2388 3765
2389 3766
2390 3768
2391 3770
2392 3771
2393 3773
2394 3774
2395 3776
2396 3777
2397 3779
2398 3781
2399 3782
2400 3784
2401 3785
2402 3787
2403 3788
2404 3790
2405 3792
2406 3793
2407 3795
2408 3796
2409 3798
2410 3800
2411 3801
2412 3803
2413 3804
2414 3806
2415 3807
2416 3809
2417 3811
2418 3812
2419 3814
2420 3815
2421 3817
2422 3818
2423 3820
2424 3822
2425 3823
2426 3825
2427 3826
2428 3828
2429 3830
2430 3831
2431 3833
2432 3834
2433 3836
2434 3837
2435 3839
2436 3841
2437 3842
2438 3844
2439 3845
2440 3847
2441 3849
2442 3850
2443 3852
2444 3853
2445 3855
2446 3856
2447 3858
2448 3860
2449 3861
2450 3863
2451 3864
2452 3866
2453 3868
2454 3869
2455 3871
2456 3872
2457 3874
2458 3875
2459 3877
2460 3879
2461 3880
2462 3882
2463 3883
2464 3885
2465 3886
2466 3888
2467 3890
2468 3891
2469 3893
2470 3894
2471 3896
2472 3898
2473 3899
2474 3901
2475 3902
2476 3904
2477 3905
2478 3907
2479 3909
2480 3910
2481 3912
2482 3913
2483 3915
2484 3916
2485 3918
2486 3920
2487 3921
2488 3923
2489 3924
2490 3926
2491 3928
2492 3929
2493 3931
2494 3932
2495 3934
2496 3935
2497 3937
2498 3939
2499 3940
2500 3942
2501 3943
2502 3945
2503 3946
2504 3948
2505 3950
2506 3951
2507 3953
2508 3954
2509 3956
2510 3957
2511 3959
2512 3961
2513 3962
2514 3964
2515 3965
2516 3967
2517 3969
2518 3970
2519 3972
2520 3973
2521 3975
2522 3976
2523 3978
2524 3980
2525 3981
2526 3983
2527 3984
2528 3986
2529 3988
2530 3989
2531 3991
2532 3992
2533 3994
2534 3995
2535 3997
2536 3999
2537 4000
2538 4002
2539 4003
2540 4005
2541 4007
2542 4008
2543 4010
2544 4011
2545 4013
2546 4014
2547 4016
2548 4018
2549 4019
2550 4021
2551 4022
2552 4024
2553 4026
2554 4027
2555 4029
2556 4030
2557 4032
2558 4033
2559 4035
2560 4037
2561 4038
2562 4040
2563 4041
2564 4043
2565 4044
2566 4046
2567 4048
2568 4049
2569 4051
2570 4052
2571 4054
2572 4055
2573 4057
2574 4059
2575 4060
2576 4062
2577 4063
2578 4065
2579 4066
2580 4068
2581 4070
2582 4071
2583 4073
2584 4074
2585 4076
2586 4078
2587 4079
2588 4081
2589 4082
2590 4084
2591 4085
2592 4087
2593 4089
2594 4090
2595 4092
2596 4093
2597 4095
2598 4096
2599 4098
2600 4100
2601 4101
2602 4103
2603 4104
2604 4106
2605 4108
2606 4109
2607 4111
2608 4112
2609 4114
2610 4115
2611 4117
2612 4119
2613 4120
2614 4122
2615 4123
2616 4125
2617 4126
2618 4128
2619 4130
2620 4131
2621 4133
2622 4134
2623 4136
2624 4138
2625 4139
2626 4141
2627 4142
2628 4144
2629 4145
2630 4147
2631 4149
2632 4150
2633 4152
2634 4153
2635 4155
2636 4156
2637 4158
2638 4160
2639 4161
2640 4163
2641 4164
2642 4166
2643 4168
2644 4169
2645 4171
2646 4172
2647 4174
2648 4175
2649 4177
2650 4179
2651 4180
2652 4182
2653 4183
2654 4185
2655 4186
2656 4188
2657 4190
2658 4191
2659 4193
2660 4194
2661 4196
2662 4198
2663 4199
2664 4201
2665 4202
2666 4204
2667 4205
2668 4207
2669 4209
2670 4210
2671 4212
2672 4213
2673 4215
2674 4216
2675 4218
2676 4220
2677 4221
2678 4223
2679 4224
2680 4226
2681 4228
2682 4229
2683 4231
2684 4232
2685 4234
2686 4235
2687 4237
2688 4239
2689 4240
2690 4242
2691 4243
2692 4245
2693 4246
2694 4248
2695 4250
2696 4251
2697 4253
2698 4254
2699 4256
2700 4258
2701 4259
2702 4261
2703 4262
2704 4264
2705 4265
2706 4267
2707 4269
2708 4270
2709 4272
2710 4273
2711 4275
2712 4277
2713 4278
2714 4280
2715 4281
2716 4283
2717 4284
2718 4286
2719 4288
2720 4289
2721 4291
2722 4292
2723 4294
2724 4295
2725 4297
2726 4299
2727 4300
2728 4302
2729 4303
2730 4305
2731 4307
2732 4308
2733 4310
2734 4311
2735 4313
2736 4314
2737 4316
2738 4318
2739 4319
2740 4321
2741 4322
2742 4324
2743 4325
2744 4327
2745 4329
2746 4330
2747 4332
2748 4333
2749 4335
2750 4337
2751 4338
2752 4340
2753 4341
2754 4343
2755 4344
2756 4346
2757 4348
2758 4349
2759 4351
2760 4352
2761 4354
2762 4356
2763 4357
2764 4359
2765 4360
2766 4362
2767 4363
2768 4365
2769 4367
2770 4368
2771 4370
2772 4371
2773 4373
2774 4374
2775 4376
2776 4378
2777 4379
2778 4381
2779 4382
2780 4384
2781 4385
2782 4387
2783 4389
2784 4390
2785 4392
2786 4393
2787 4395
2788 4397
2789 4398
2790 4400
2791 4401
2792 4403
2793 4404
2794 4406
2795 4408
2796 4409
2797 4411
2798 4412
2799 4414
2800 4416
2801 4417
2802 4419
2803 4420
2804 4422
2805 4423
2806 4425
2807 4427
2808 4428
2809 4430
2810 4431
2811 4433
2812 4434
2813 4436
2814 4438
2815 4439
2816 4441
2817 4442
2818 4444
2819 4446
2820 4447
2821 4449
2822 4450
2823 4452
2824 4453
2825 4455
2826 4457
2827 4458
2828 4460
2829 4461
2830 4463
2831 4464
2832 4466
2833 4468
2834 4469
2835 4471
2836 4472
2837 4474
2838 4476
2839 4477
2840 4479
2841 4480
2842 4482
2843 4483
2844 4485
2845 4487
2846 4488
2847 4490
2848 4491
2849 4493
2850 4494
2851 4496
2852 4498
2853 4499
2854 4501
2855 4502
2856 4504
2857 4506
2858 4507
2859 4509
2860 4510
2861 4512
2862 4513
2863 4515
2864 4516
2865 4518
2866 4520
2867 4521
2868 4523
2869 4525
2870 4526
2871 4528
2872 4529
2873 4531
2874 4532
2875 4534
2876 4536
2877 4537
2878 4539
2879 4540
2880 4542
2881 4543
2882 4545
2883 4547
2884 4548
2885 4550
2886 4551
2887 4553
2888 4555
2889 4556
2890 4558
2891 4559
2892 4561
2893 4562
2894 4564
2895 4566
2896 4567
2897 4569
2898 4570
2899 4572
2900 4574
2901 4575
2902 4577
2903 4578
2904 4580
2905 4581
2906 4583
2907 4585
2908 4586
2909 4588
2910 4589
2911 4591
2912 4592
2913 4594
2914 4596
2915 4597
2916 4599
2917 4600
2918 4602
2919 4604
2920 4605
2921 4607
2922 4608
2923 4610
2924 4611
2925 4613
2926 4615
2927 4616
2928 4618
2929 4619
2930 4621
2931 4623
2932 4624
2933 4626
2934 4627
2935 4629
2936 4630
2937 4632
2938 4633
2939 4635
2940 4637
2941 4638
2942 4640
2943 4641
2944 4643
2945 4645
2946 4646
2947 4648
2948 4649
2949 4651
2950 4652
2951 4654
2952 4656
2953 4657
2954 4659
2955 4660
2956 4662
2957 4663
2958 4665
2959 4667
2960 4668
2961 4670
2962 4671
2963 4673
2964 4674
2965 4676
2966 4678
2967 4679
2968 4681
2969 4682
2970 4684
2971 4686
2972 4687
2973 4689
2974 4690
2975 4692
2976 4693
2977 4695
2978 4697
2979 4698
2980 4700
2981 4701
2982 4703
2983 4705
2984 4706
2985 4708
2986 4709
2987 4711
2988 4712
2989 4714
2990 4716
2991 4717
2992 4719
2993 4720
2994 4722
2995 4723
2996 4725
2997 4727
2998 4728
2999 4730
3000 4731
3001 4733
3002 4734
3003 4736
3004 4738
3005 4739
3006 4741
3007 4742
3008 4744
3009 4746
3010 4747
3011 4749
3012 4750
3013 4752
3014 4753
3015 4755
3016 4757
3017 4758
3018 4760
3019 4761
3020 4763
3021 4765
3022 4766
3023 4768
3024 4769
3025 4771
3026 4772
3027 4774
3028 4776
3029 4777
3030 4779
3031 4780
3032 4782
3033 4783
3034 4785
3035 4787
3036 4788
3037 4790
3038 4791
3039 4793
3040 4794
3041 4796
3042 4798
3043 4799
3044 4801
3045 4802
3046 4804
3047 4806
3048 4807
3049 4809
3050 4810
3051 4812
3052 4813
3053 4815
3054 4817
3055 4818
3056 4820
3057 4821
3058 4823
3059 4824
3060 4826
3061 4828
3062 4829
3063 4831
3064 4832
3065 4834
3066 4836
3067 4837
3068 4839
3069 4840
3070 4842
3071 4843
3072 4845
3073 4847
3074 4848
3075 4850
3076 4851
3077 4853
3078 4855
3079 4856
3080 4858
3081 4859
3082 4861
3083 4862
3084 4864
3085 4866
3086 4867
3087 4869
3088 4870
3089 4872
3090 4873
3091 4875
3092 4877
3093 4878
3094 4880
3095 4881
3096 4883
3097 4884
3098 4886
3099 4888
3100 4889
3101 4891
3102 4892
3103 4894
3104 4896
3105 4897
3106 4899
3107 4900
3108 4902
3109 4903
3110 4905
3111 4907
3112 4908
3113 4910
3114 4911
3115 4913
3116 4914
3117 4916
3118 4918
3119 4919
3120 4921
3121 4922
3122 4924
3123 4926
3124 4927
3125 4929
3126 4930
3127 4932
3128 4933
3129 4935
3130 4937
3131 4938
3132 4940
3133 4941
3134 4943
3135 4944
3136 4946
3137 4948
3138 4949
3139 4951
3140 4952
3141 4954
3142 4956
3143 4957
3144 4959
3145 4960
3146 4962
3147 4963
3148 4965
3149 4967
3150 4968
3151 4970
3152 4971
3153 4973
3154 4974
3155 4976
3156 4978
3157 4979
3158 4981
3159 4982
3160 4984
3161 4986
3162 4987
3163 4989
3164 4990
3165 4992
3166 4993
3167 4995
3168 4997
3169 4998
3170 5000
3171 5001
3172 5003
3173 5004
3174 5006
3175 5008
3176 5009
3177 5011
3178 5012
3179 5014
3180 5016
3181 5017
3182 5019
3183 5020
3184 5022
3185 5023
3186 5025
3187 5027
3188 5028
3189 5030
3190 5031
3191 5033
3192 5034
3193 5036
3194 5038
3195 5039
3196 5041
3197 5042
3198 5044
3199 5046
3200 5047
3201 5049
3202 5050
3203 5052
3204 5053
3205 5055
3206 5057
3207 5058
3208 5060
3209 5061
3210 5063
3211 5064
3212 5066
3213 5068
3214 5069
3215 5071
3216 5072
3217 5074
3218 5076
3219 5077
3220 5079
3221 5080
3222 5082
3223 5083
3224 5085
3225 5087
3226 5088
3227 5090
3228 5091
3229 5093
3230 5094
3231 5096
3232 5098
3233 5099
3234 5101
3235 5102
3236 5104
3237 5106
3238 5107
3239 5109
3240 5110
3241 5112
3242 5113
3243 5115
3244 5117
3245 5118
3246 5120
3247 5121
3248 5123
3249 5124
3250 5126
3251 5128
3252 5129
3253 5131
3254 5132
3255 5134
3256 5136
3257 5137
3258 5139
3259 5140
3260 5142
3261 5143
3262 5145
3263 5147
3264 5148
3265 5150
3266 5151
3267 5153
3268 5154
3269 5156
3270 5158
3271 5159
3272 5161
3273 5162
3274 5164
3275 5166
3276 5167
3277 5169
3278 5170
3279 5172
3280 5173
3281 5175
3282 5177
3283 5178
3284 5180
3285 5181
3286 5183
3287 5184
3288 5186
3289 5188
3290 5189
3291 5191
3292 5192
3293 5194
3294 5196
3295 5197
3296 5199
3297 5200
3298 5202
3299 5203
3300 5205
3301 5207
3302 5208
3303 5210
3304 5211
3305 5213
3306 5214
3307 5216
3308 5218
3309 5219
3310 5221
3311 5222
3312 5224
3313 5226
3314 5227
3315 5229
3316 5230
3317 5232
3318 5233
3319 5235
3320 5237
3321 5238
3322 5240
3323 5241
3324 5243
3325 5244
3326 5246
3327 5248
3328 5249
3329 5251
3330 5252
3331 5254
3332 5256
3333 5257
3334 5259
3335 5260
3336 5262
3337 5263
3338 5265
3339 5267
3340 5268
3341 5270
3342 5271
3343 5273
3344 5274
3345 5276
3346 5278
3347 5279
3348 5281
3349 5282
3350 5284
3351 5286
3352 5287
3353 5289
3354 5290
3355 5292
3356 5293
3357 5295
3358 5297
3359 5298
3360 5300
3361 5301
3362 5303
3363 5304
3364 5306
3365 5308
3366 5309
3367 5311
3368 5312
3369 5314
3370 5316
3371 5317
3372 5319
3373 5320
3374 5322
3375 5323
3376 5325
3377 5327
3378 5328
3379 5330
3380 5331
3381 5333
3382 5334
3383 5336
3384 5338
3385 5339
3386 5341
3387 5342
3388 5344
3389 5346
3390 5347
3391 5349
3392 5350
3393 5352
3394 5353
3395 5355
3396 5357
3397 5358
3398 5360
3399 5361
3400 5363
3401 5364
3402 5366
3403 5368
3404 5369
3405 5371
3406 5372
3407 5374
3408 5375
3409 5377
3410 5379
3411 5380
3412 5382
3413 5383
3414 5385
3415 5387
3416 5388
3417 5390
3418 5391
3419 5393
3420 5394
3421 5396
3422 5398
3423 5399
3424 5401
3425 5402
3426 5404
3427 5405
3428 5407
3429 5409
3430 5410
3431 5412
3432 5413
3433 5415
3434 5417
3435 5418
3436 5420
3437 5421
3438 5423
3439 5424
3440 5426
3441 5428
3442 5429
3443 5431
3444 5432
3445 5434
3446 5435
3447 5437
3448 5439
3449 5440
3450 5442
3451 5443
3452 5445
3453 5447
3454 5448
3455 5450
3456 5451
3457 5453
3458 5454
3459 5456
3460 5458
3461 5459
3462 5461
3463 5462
3464 5464
3465 5465
3466 5467
3467 5469
3468 5470
3469 5472
3470 5473
3471 5475
3472 5477
3473 5478
3474 5480
3475 5481
3476 5483
3477 5484
3478 5486
3479 5488
3480 5489
3481 5491
3482 5492
3483 5494
3484 5496
3485 5497
3486 5499
3487 5500
3488 5502
3489 5503
3490 5505
3491 5507
3492 5508
3493 5510
3494 5511
3495 5513
3496 5514
3497 5516
3498 5518
3499 5519
3500 5521
3501 5522
3502 5524
3503 5526
3504 5527
3505 5529
3506 5530
3507 5532
3508 5533
3509 5535
3510 5537
3511 5538
3512 5540
3513 5541
3514 5543
3515 5544
3516 5546
3517 5548
3518 5549
3519 5551
3520 5552
3521 5554
3522 5556
3523 5557
3524 5559
3525 5560
3526 5562
3527 5563
3528 5565
3529 5567
3530 5568
3531 5570
3532 5571
3533 5573
3534 5574
3535 5576
3536 5578
3537 5579
3538 5581
3539 5582
3540 5584
3541 5586
3542 5587
3543 5589
3544 5590
3545 5592
3546 5593
3547 5595
3548 5597
3549 5598
3550 5600
3551 5601
3552 5603
3553 5604
3554 5606
3555 5608
3556 5609
3557 5611
3558 5612
3559 5614
3560 5616
3561 5617
3562 5619
3563 5620
3564 5622
3565 5623
3566 5625
3567 5627
3568 5628
3569 5630
3570 5631
3571 5633
3572 5634
3573 5636
3574 5638
3575 5639
3576 5641
3577 5642
3578 5644
3579 5645
3580 5647
3581 5649
3582 5650
3583 5652
3584 5653
3585 5655
3586 5657
3587 5658
3588 5660
3589 5661
3590 5663
3591 5664
3592 5666
3593 5668
3594 5669
3595 5671
3596 5672
3597 5674
3598 5675
3599 5677
3600 5679
3601 5680
3602 5682
3603 5683
3604 5685
3605 5686
3606 5688
3607 5690
3608 5691
