1 5 1 5702 3617
0 0
1 2
2 3
3 5
4 6
5 8
6 10
7 11
8 13
9 14
10 16
11 17
12 19
13 21
14 22
15 24
16 25
17 27
18 29
19 30
20 32
21 33
22 35
23 36
24 38
25 40
26 41
27 43
28 44
29 46
30 47
31 49
32 51
33 52
34 54
35 55
36 57
37 59
38 60
39 62
40 63
41 65
42 66
43 68
44 70
45 71
46 73
47 74
48 76
49 78
50 79
51 81
52 82
53 84
54 85
55 87
56 89
57 90
58 92
59 93
60 95
61 96
62 98
63 100
64 101
65 103
66 104
67 106
68 108
69 109
70 111
71 112
72 114
73 115
74 117
75 119
76 120
77 122
78 123
79 125
80 126
81 128
82 130
83 131
84 133
85 134
86 136
87 138
88 139
89 141
90 142
91 144
92 145
93 147
94 149
95 150
96 152
97 153
98 155
99 156
100 158
101 160
102 161
103 163
104 164
105 166
106 168
107 169
108 171
109 172
110 174
111 175
112 177
113 179
114 180
115 182
116 183
117 185
118 186
119 188
120 190
121 191
122 193
123 194
124 196
125 197
126 199
127 201
128 202
129 204
130 205
131 207
132 209
133 210
134 212
135 213
136 215
137 216
138 218
139 220
140 221
141 223
142 224
143 226
144 227
145 229
146 231
147 232
148 234
149 235
150 237
151 239
152 240
153 242
154 243
155 245
156 246
157 248
158 250
159 251
160 253
161 254
162 256
163 258
164 259
165 261
166 262
167 264
168 265
169 267
170 268
171 270
172 272
173 273
174 275
175 276
176 278
177 280
178 281
179 283
180 284
181 286
182 287
183 289
184 291
185 292
186 294
187 295
188 297
189 299
190 300
191 302
192 303
193 305
194 306
195 308
196 310
197 311
198 313
199 314
200 316
201 317
202 319
203 321
204 322
205 324
206 325
207 327
208 329
209 330
210 332
211 333
212 335
213 336
214 338
215 340
216 341
217 343
218 344
219 346
220 347
221 349
222 351
223 352
224 354
225 355
226 357
227 359
228 360
229 362
230 363
231 365
232 366
233 368
234 370
235 371
236 373
237 374
238 376
239 377
240 379
241 381
242 382
243 384
244 385
245 387
246 389
247 390
248 392
249 393
250 395
251 396
252 398
253 400
254 401
255 403
256 404
257 406
258 408
259 409
260 411
261 412
262 414
263 415
264 417
265 419
266 420
267 422
268 423
269 425
270 426
271 428
272 430
273 431
274 433
275 434
276 436
277 437
278 439
279 441
280 442
281 444
282 445
283 447
284 449
285 450
286 452
287 453
288 455
289 456
290 458
291 460
292 461
293 463
294 464
295 466
296 468
297 469
298 471
299 472
300 474
301 475
302 477
303 479
304 480
305 482
306 483
307 485
308 486
309 488
310 490
311 491
312 493
313 494
314 496
315 497
316 499
317 501
318 502
319 504
320 505
321 507
322 509
323 510
324 512
325 513
326 515
327 516
328 518
329 520
330 521
331 523
332 524
333 526
334 528
335 529
336 531
337 532
338 534
339 535
340 537
341 539
342 540
343 542
344 543
345 545
346 546
347 548
348 550
349 551
350 553
351 554
352 556
353 558
354 559
355 561
356 562
357 564
358 565
359 567
360 569
361 570
362 572
363 573
364 575
365 576
366 578
367 580
368 581
369 583
370 584
371 586
372 587
373 589
374 591
375 592
376 594
377 595
378 597
379 599
380 600
381 602
382 603
383 605
384 606
385 608
386 610
387 611
388 613
389 614
390 616
391 617
392 619
393 621
394 622
395 624
396 625
397 627
398 629
399 630
400 632
401 633
402 635
403 636
404 638
405 640
406 641
407 643
408 644
409 646
410 647
411 649
412 651
413 652
414 654
415 655
416 657
417 659
418 660
419 662
420 663
421 665
422 666
423 668
424 670
425 671
426 673
427 674
428 676
429 677
430 679
431 681
432 682
433 684
434 685
435 687
436 689
437 690
438 692
439 693
440 695
441 696
442 698
443 700
444 701
445 703
446 704
447 706
448 707
449 709
450 711
451 712
452 714
453 715
454 717
455 719
456 720
457 722
458 723
459 725
460 726
461 728
462 730
463 731
464 733
465 734
466 736
467 737
468 739
469 741
470 742
471 744
472 745
473 747
474 748
475 750
476 752
477 753
478 755
479 756
480 758
481 759
482 761
483 763
484 764
485 766
486 767
487 769
488 771
489 772
490 774
491 775
492 777
493 778
494 780
495 782
496 783
497 785
498 786
499 788
500 789
501 791
502 793
503 794
504 796
505 797
506 799
507 801
508 802
509 804
510 805
511 807
512 808
513 810
514 812
515 813
516 815
517 816
518 818
519 819
520 821
521 823
522 824
523 826
524 827
525 829
526 831
527 832
528 834
529 835
530 837
531 838
532 840
533 842
534 843
535 845
536 846
537 848
538 849
539 851
540 853
541 854
542 856
543 857
544 859
545 861
546 862
547 864
548 865
549 867
550 868
551 870
552 872
553 873
554 875
555 876
556 878
557 879
558 881
559 883
560 884
561 886
562 887
563 889
564 890
565 892
566 894
567 895
568 897
569 898
570 900
571 902
572 903
573 905
574 906
575 908
576 909
577 911
578 913
579 914
580 916
581 917
582 919
583 920
584 922
585 924
586 925
587 927
588 928
589 930
590 932
591 933
592 935
593 936
594 938
595 939
596 941
597 943
598 944
599 946
600 947
601 949
602 950
603 952
604 954
605 955
606 957
607 958
608 960
609 961
610 963
611 965
612 966
613 968
614 969
615 971
616 973
617 974
618 976
619 977
620 979
621 980
622 982
623 984
624 985
625 987
626 988
627 990
628 991
629 993
630 995
631 996
632 998
633 999
634 1001
635 1002
636 1004
637 1006
638 1007
639 1009
640 1010
641 1012
642 1014
643 1015
644 1017
645 1018
646 1020
647 1021
648 1023
649 1025
650 1026
651 1028
652 1029
653 1031
654 1032
655 1034
656 1036
657 1037
658 1039
659 1040
660 1042
661 1043
662 1045
663 1047
664 1048
665 1050
666 1051
667 1053
668 1054
669 1056
670 1058
671 1059
672 1061
673 1062
674 1064
675 1066
676 1067
677 1069
678 1070
679 1072
680 1073
681 1075
682 1077
683 1078
684 1080
685 1081
686 1083
687 1084
688 1086
689 1088
690 1089
691 1091
692 1092
693 1094
694 1096
695 1097
696 1099
697 1100
698 1102
699 1103
700 1105
701 1107
702 1108
703 1110
704 1111
705 1113
706 1114
707 1116
708 1118
709 1119
710 1121
711 1122
712 1124
713 1126
714 1127
715 1129
716 1130
717 1132
718 1133
719 1135
720 1137
721 1138
722 1140
723 1141
724 1143
725 1144
726 1146
727 1148
728 1149
729 1151
730 1152
731 1154
732 1155
733 1157
734 1159
735 1160
736 1162
737 1163
738 1165
739 1167
740 1168
741 1170
742 1171
743 1173
744 1174
745 1176
746 1178
747 1179
748 1181
749 1182
750 1184
751 1185
752 1187
753 1189
754 1190
755 1192
756 1193
757 1195
758 1197
759 1198
760 1200
761 1201
762 1203
763 1204
764 1206
765 1208
766 1209
767 1211
768 1212
769 1214
770 1215
771 1217
772 1219
773 1220
774 1222
775 1223
776 1225
777 1226
778 1228
779 1230
780 1231
781 1233
782 1234
783 1236
784 1238
785 1239
786 1241
787 1242
788 1244
789 1245
790 1247
791 1249
792 1250
793 1252
794 1253
795 1255
796 1256
797 1258
798 1260
799 1261
800 1263
801 1264
802 1266
803 1268
804 1269
805 1271
806 1272
807 1274
808 1275
809 1277
810 1279
811 1280
812 1282
813 1283
814 1285
815 1286
816 1288
817 1290
818 1291
819 1293
820 1294
821 1296
822 1297
823 1299
824 1301
825 1302
826 1304
827 1305
828 1307
829 1308
830 1310
831 1312
832 1313
833 1315
834 1316
835 1318
836 1320
837 1321
838 1323
839 1324
840 1326
841 1327
842 1329
843 1331
844 1332
845 1334
846 1335
847 1337
848 1338
849 1340
850 1342
851 1343
852 1345
853 1346
854 1348
855 1350
856 1351
857 1353
858 1354
859 1356
860 1357
861 1359
862 1361
863 1362
864 1364
865 1365
866 1367
867 1368
868 1370
869 1372
870 1373
871 1375
872 1376
873 1378
874 1379
875 1381
876 1383
877 1384
878 1386
879 1387
880 1389
881 1391
882 1392
883 1394
884 1395
885 1397
886 1398
887 1400
888 1402
889 1403
890 1405
891 1406
892 1408
893 1409
894 1411
895 1413
896 1414
897 1416
898 1417
899 1419
900 1420
901 1422
902 1424
903 1425
904 1427
905 1428
906 1430
907 1432
908 1433
909 1435
910 1436
911 1438
912 1439
913 1441
914 1443
915 1444
916 1446
917 1447
918 1449
919 1450
920 1452
921 1454
922 1455
923 1457
924 1458
925 1460
926 1462
927 1463
928 1465
929 1466
930 1468
931 1469
932 1471
933 1473
934 1474
935 1476
936 1477
937 1479
938 1480
939 1482
940 1483
941 1485
942 1487
943 1488
944 1490
945 1491
946 1493
947 1495
948 1496
949 1498
950 1499
951 1501
952 1502
953 1504
954 1505
955 1507
956 1509
957 1510
958 1512
959 1513
960 1515
961 1517
962 1518
963 1520
964 1521
965 1523
966 1524
967 1526
968 1528
969 1529
970 1531
971 1532
972 1534
973 1536
974 1537
975 1539
976 1540
977 1542
978 1543
979 1545
980 1547
981 1548
982 1550
983 1551
984 1553
985 1554
986 1556
987 1558
988 1559
989 1561
990 1562
991 1564
992 1566
993 1567
994 1569
995 1570
996 1572
997 1573
998 1575
999 1576
1000 1578
1001 1580
1002 1581
1003 1583
1004 1584
1005 1586
1006 1588
1007 1589
1008 1591
1009 1592
1010 1594
1011 1595
1012 1597
1013 1599
1014 1600
1015 1602
1016 1603
1017 1605
1018 1607
1019 1608
1020 1610
1021 1611
1022 1613
1023 1614
1024 1616
1025 1618
1026 1619
1027 1621
1028 1622
1029 1624
1030 1625
1031 1627
1032 1629
1033 1630
1034 1632
1035 1633
1036 1635
1037 1636
1038 1638
1039 1640
1040 1641
1041 1643
1042 1644
1043 1646
1044 1648
1045 1649
1046 1651
1047 1652
1048 1654
1049 1655
1050 1657
1051 1659
1052 1660
1053 1662
1054 1663
1055 1665
1056 1667
1057 1668
1058 1670
1059 1671
1060 1673
1061 1674
1062 1676
1063 1678
1064 1679
1065 1681
1066 1682
1067 1684
1068 1685
1069 1687
1070 1688
1071 1690
1072 1692
1073 1693
1074 1695
1075 1696
1076 1698
1077 1700
1078 1701
1079 1703
1080 1704
1081 1706
1082 1707
1083 1709
1084 1711
1085 1712
1086 1714
1087 1715
1088 1717
1089 1718
1090 1720
1091 1722
1092 1723
1093 1725
1094 1726
1095 1728
1096 1730
1097 1731
1098 1733
1099 1734
1100 1736
1101 1737
1102 1739
1103 1741
1104 1742
1105 1744
1106 1745
1107 1747
1108 1748
1109 1750
1110 1752
1111 1753
1112 1755
1113 1756
1114 1758
1115 1759
1116 1761
1117 1763
1118 1764
1119 1766
1120 1767
1121 1769
1122 1771
1123 1772
1124 1774
1125 1775
1126 1777
1127 1778
1128 1780
1129 1782
1130 1783
1131 1785
1132 1786
1133 1788
1134 1789
1135 1791
1136 1793
1137 1794
1138 1796
1139 1797
1140 1799
1141 1801
1142 1802
1143 1804
1144 1805
1145 1807
1146 1808
1147 1810
1148 1812
1149 1813
1150 1815
1151 1816
1152 1818
1153 1819
1154 1821
1155 1823
1156 1824
1157 1826
1158 1827
1159 1829
1160 1830
1161 1832
1162 1834
1163 1835
1164 1837
1165 1838
1166 1840
1167 1842
1168 1843
1169 1845
1170 1846
1171 1848
1172 1849
1173 1851
1174 1853
1175 1854
1176 1856
1177 1857
1178 1859
1179 1860
1180 1862
1181 1864
1182 1865
1183 1867
1184 1868
1185 1870
1186 1871
1187 1873
1188 1875
1189 1876
1190 1878
1191 1879
1192 1881
1193 1883
1194 1884
1195 1886
1196 1887
1197 1889
1198 1890
1199 1892
1200 1894
1201 1895
1202 1897
1203 1898
1204 1900
1205 1901
1206 1903
1207 1905
1208 1906
1209 1908
1210 1909
1211 1911
1212 1912
1213 1914
1214 1916
1215 1917
1216 1919
1217 1920
1218 1922
1219 1923
1220 1925
1221 1927
1222 1928
1223 1930
1224 1931
1225 1933
1226 1935
1227 1936
1228 1938
1229 1939
1230 1941
1231 1942
1232 1944
1233 1945
1234 1947
1235 1949
1236 1950
1237 1952
1238 1953
1239 1955
1240 1957
1241 1958
1242 1960
1243 1961
1244 1963
1245 1964
1246 1966
1247 1968
1248 1969
1249 1971
1250 1972
1251 1974
1252 1975
1253 1977
1254 1979
1255 1980
1256 1982
1257 1983
1258 1985
1259 1987
1260 1988
1261 1990
1262 1991
1263 1993
1264 1994
1265 1996
1266 1998
1267 1999
1268 2001
1269 2002
1270 2004
1271 2005
1272 2007
1273 2009
1274 2010
1275 2012
1276 2013
1277 2015
1278 2016
1279 2018
1280 2020
1281 2021
1282 2023
1283 2024
1284 2026
1285 2027
1286 2029
1287 2031
1288 2032
1289 2034
1290 2035
1291 2037
1292 2039
1293 2040
1294 2042
1295 2043
1296 2045
1297 2046
1298 2048
1299 2050
1300 2051
1301 2053
1302 2054
1303 2056
1304 2057
1305 2059
1306 2061
1307 2062
1308 2064
1309 2065
1310 2067
1311 2069
1312 2070
1313 2072
1314 2073
1315 2075
1316 2076
1317 2078
1318 2080
1319 2081
1320 2083
1321 2084
1322 2086
1323 2087
1324 2089
1325 2091
1326 2092
1327 2094
1328 2095
1329 2097
1330 2098
1331 2100
1332 2102
1333 2103
1334 2105
1335 2106
1336 2108
1337 2110
1338 2111
1339 2113
1340 2114
1341 2116
1342 2117
1343 2119
1344 2121
1345 2122
1346 2124
1347 2125
1348 2127
1349 2128
1350 2130
1351 2132
1352 2133
1353 2135
1354 2136
1355 2138
1356 2139
1357 2141
1358 2143
1359 2144
1360 2146
1361 2147
1362 2149
1363 2150
1364 2152
1365 2154
1366 2155
1367 2157
1368 2158
1369 2160
1370 2162
1371 2163
1372 2165
1373 2166
1374 2168
1375 2169
1376 2171
1377 2173
1378 2174
1379 2176
1380 2177
1381 2179
1382 2180
1383 2182
1384 2184
1385 2185
1386 2187
1387 2188
1388 2190
1389 2191
1390 2193
1391 2195
1392 2196
1393 2198
1394 2199
1395 2201
1396 2203
1397 2204
1398 2206
1399 2207
1400 2209
1401 2210
1402 2212
1403 2214
1404 2215
1405 2217
1406 2218
1407 2220
1408 2221
1409 2223
1410 2225
1411 2226
1412 2228
1413 2229
1414 2231
1415 2232
1416 2234
1417 2236
1418 2237
1419 2239
1420 2240
1421 2242
1422 2244
1423 2245
1424 2247
1425 2248
1426 2250
1427 2251
1428 2253
1429 2255
1430 2256
1431 2258
1432 2259
1433 2261
1434 2262
1435 2264
1436 2266
1437 2267
1438 2269
1439 2270
1440 2272
1441 2274
1442 2275
1443 2277
1444 2278
1445 2280
1446 2281
1447 2283
1448 2285
1449 2286
1450 2288
1451 2289
1452 2291
1453 2292
1454 2294
1455 2296
1456 2297
1457 2299
1458 2300
1459 2302
1460 2303
1461 2305
1462 2307
1463 2308
1464 2310
1465 2311
1466 2313
1467 2314
1468 2316
1469 2318
1470 2319
1471 2321
1472 2322
1473 2324
1474 2325
1475 2327
1476 2329
1477 2330
1478 2332
1479 2333
1480 2335
1481 2337
1482 2338
1483 2340
1484 2341
1485 2343
1486 2344
1487 2346
1488 2348
1489 2349
1490 2351
1491 2352
1492 2354
1493 2355
1494 2357
1495 2359
1496 2360
1497 2362
1498 2363
1499 2365
1500 2366
1501 2368
1502 2370
1503 2371
1504 2373
1505 2374
1506 2376
1507 2377
1508 2379
1509 2381
1510 2382
1511 2384
1512 2385
1513 2387
1514 2389
1515 2390
1516 2392
1517 2393
1518 2395
1519 2396
1520 2398
1521 2400
1522 2401
1523 2403
1524 2404
1525 2406
1526 2407
1527 2409
1528 2411
1529 2412
1530 2414
1531 2415
1532 2417
1533 2418
1534 2420
1535 2422
1536 2423
1537 2425
1538 2426
1539 2428
1540 2430
1541 2431
1542 2433
1543 2434
1544 2436
1545 2437
1546 2439
1547 2441
1548 2442
1549 2444
1550 2445
1551 2447
1552 2448
1553 2450
1554 2452
1555 2453
1556 2455
1557 2456
1558 2458
1559 2460
1560 2461
1561 2463
1562 2464
1563 2466
1564 2467
1565 2469
1566 2470
1567 2472
1568 2474
1569 2475
1570 2477
1571 2478
1572 2480
1573 2482
1574 2483
1575 2485
1576 2486
1577 2488
1578 2489
1579 2491
1580 2493
1581 2494
1582 2496
1583 2497
1584 2499
1585 2500
1586 2502
1587 2504
1588 2505
1589 2507
1590 2508
1591 2510
1592 2512
1593 2513
1594 2515
1595 2516
1596 2518
1597 2519
1598 2521
1599 2523
1600 2524
1601 2526
1602 2527
1603 2529
1604 2530
1605 2532
1606 2534
1607 2535
1608 2537
1609 2538
1610 2540
1611 2541
1612 2543
1613 2545
1614 2546
1615 2548
1616 2549
1617 2551
1618 2553
1619 2554
1620 2556
1621 2557
1622 2559
1623 2560
1624 2562
1625 2564
1626 2565
1627 2567
1628 2568
1629 2570
1630 2571
1631 2573
1632 2575
1633 2576
1634 2578
1635 2579
1636 2581
1637 2582
1638 2584
1639 2586
1640 2587
1641 2589
1642 2590
1643 2592
1644 2593
1645 2595
1646 2597
1647 2598
1648 2600
1649 2601
1650 2603
1651 2605
1652 2606
1653 2608
1654 2609
1655 2611
1656 2612
1657 2614
1658 2616
1659 2617
1660 2619
1661 2620
1662 2622
1663 2623
1664 2625
1665 2627
1666 2628
1667 2630
1668 2631
1669 2633
1670 2634
1671 2636
1672 2638
1673 2639
1674 2641
1675 2642
1676 2644
1677 2646
1678 2647
1679 2649
1680 2650
1681 2652
1682 2653
1683 2655
1684 2657
1685 2658
1686 2660
1687 2661
1688 2663
1689 2664
1690 2666
1691 2668
1692 2669
1693 2671
1694 2672
1695 2674
1696 2675
1697 2677
1698 2679
1699 2680
1700 2682
1701 2683
1702 2685
1703 2686
1704 2688
1705 2690
1706 2691
1707 2693
1708 2694
1709 2696
1710 2697
1711 2699
1712 2701
1713 2702
1714 2704
1715 2705
1716 2707
1717 2708
1718 2710
1719 2712
1720 2713
1721 2715
1722 2716
1723 2718
1724 2719
1725 2721
1726 2723
1727 2724
1728 2726
1729 2727
1730 2729
1731 2731
1732 2732
1733 2734
1734 2735
1735 2737
1736 2738
1737 2740
1738 2742
1739 2743
1740 2744
1741 2746
1742 2748
1743 2749
1744 2751
1745 2752
1746 2754
1747 2756
1748 2757
1749 2759
1750 2760
1751 2762
1752 2763
1753 2765
1754 2767
1755 2768
1756 2770
1757 2771
1758 2773
1759 2775
1760 2776
1761 2778
1762 2779
1763 2781
1764 2782
1765 2784
1766 2786
1767 2787
1768 2789
1769 2790
1770 2792
1771 2793
1772 2795
1773 2797
1774 2798
1775 2800
1776 2801
1777 2803
1778 2805
1779 2806
1780 2808
1781 2809
1782 2811
1783 2812
1784 2814
1785 2816
1786 2817
1787 2819
1788 2820
1789 2822
1790 2824
1791 2825
1792 2827
1793 2828
1794 2830
1795 2831
1796 2833
1797 2835
1798 2836
1799 2838
1800 2839
1801 2841
1802 2842
1803 2844
1804 2845
1805 2847
1806 2849
1807 2850
1808 2852
1809 2853
1810 2855
1811 2857
1812 2858
1813 2860
1814 2861
1815 2863
1816 2864
1817 2866
1818 2868
1819 2869
1820 2871
1821 2872
1822 2874
1823 2876
1824 2877
1825 2879
1826 2880
1827 2882
1828 2883
1829 2885
1830 2887
1831 2888
1832 2890
1833 2891
1834 2893
1835 2894
1836 2896
1837 2898
1838 2899
1839 2901
1840 2902
1841 2904
1842 2906
1843 2907
1844 2909
1845 2910
1846 2912
1847 2913
1848 2915
1849 2917
1850 2918
1851 2920
1852 2921
1853 2923
1854 2924
1855 2926
1856 2928
1857 2929
1858 2931
1859 2932
1860 2934
1861 2936
1862 2937
1863 2939
1864 2940
1865 2942
1866 2943
1867 2945
1868 2947
1869 2948
1870 2950
1871 2951
1872 2953
1873 2954
1874 2956
1875 2958
1876 2959
1877 2961
1878 2962
1879 2964
1880 2965
1881 2967
1882 2969
1883 2970
1884 2972
1885 2973
1886 2975
1887 2977
1888 2978
1889 2980
1890 2981
1891 2983
1892 2984
1893 2986
1894 2988
1895 2989
1896 2991
1897 2992
1898 2994
1899 2995
1900 2997
1901 2999
1902 3000
1903 3002
1904 3003
1905 3005
1906 3006
1907 3008
1908 3010
1909 3011
1910 3013
1911 3014
1912 3016
1913 3018
1914 3019
1915 3021
1916 3022
1917 3024
1918 3025
1919 3027
1920 3029
1921 3030
1922 3032
1923 3033
1924 3035
1925 3036
1926 3038
1927 3040
1928 3041
1929 3043
1930 3044
1931 3046
1932 3047
1933 3049
1934 3051
1935 3052
1936 3054
1937 3055
1938 3057
1939 3058
1940 3060
1941 3062
1942 3063
1943 3065
1944 3066
1945 3068
1946 3070
1947 3071
1948 3073
1949 3074
1950 3076
1951 3077
1952 3079
1953 3081
1954 3082
1955 3084
1956 3085
1957 3087
1958 3088
1959 3090
1960 3092
1961 3093
1962 3095
1963 3096
1964 3098
1965 3099
1966 3101
1967 3103
1968 3104
1969 3106
1970 3107
1971 3109
1972 3110
1973 3112
1974 3114
1975 3115
1976 3117
1977 3118
1978 3120
1979 3122
1980 3123
1981 3125
1982 3126
1983 3128
1984 3129
1985 3131
1986 3133
1987 3134
1988 3136
1989 3137
1990 3139
1991 3140
1992 3142
1993 3144
1994 3145
1995 3147
1996 3148
1997 3150
1998 3151
1999 3153
2000 3155
2001 3156
2002 3158
2003 3159
2004 3161
2005 3163
2006 3164
2007 3166
2008 3167
2009 3169
2010 3170
2011 3172
2012 3174
2013 3175
2014 3177
2015 3178
2016 3180
2017 3181
2018 3183
2019 3185
2020 3186
2021 3188
2022 3189
2023 3191
2024 3192
2025 3194
2026 3196
2027 3197
2028 3199
2029 3200
2030 3202
2031 3204
2032 3205
2033 3207
2034 3208
2035 3210
2036 3211
2037 3213
2038 3215
2039 3216
2040 3218
2041 3219
2042 3221
2043 3222
2044 3224
2045 3226
2046 3227
2047 3229
2048 3230
2049 3232
2050 3233
2051 3235
2052 3237
2053 3238
2054 3240
2055 3241
2056 3243
2057 3244
2058 3246
2059 3248
2060 3249
2061 3251
2062 3252
2063 3254
2064 3256
2065 3257
2066 3259
2067 3260
2068 3262
2069 3263
2070 3265
2071 3267
2072 3268
2073 3270
2074 3271
2075 3273
2076 3274
2077 3276
2078 3278
2079 3279
2080 3281
2081 3282
2082 3284
2083 3285
2084 3287
2085 3289
2086 3290
2087 3292
2088 3293
2089 3295
2090 3297
2091 3298
2092 3300
2093 3301
2094 3303
2095 3304
2096 3306
2097 3308
2098 3309
2099 3311
2100 3312
2101 3314
2102 3315
2103 3317
2104 3319
2105 3320
2106 3322
2107 3323
2108 3325
2109 3326
2110 3328
2111 3330
2112 3331
2113 3333
2114 3334
2115 3336
2116 3337
2117 3339
2118 3341
2119 3342
2120 3344
2121 3345
2122 3347
2123 3348
2124 3350
2125 3352
2126 3353
2127 3355
2128 3356
2129 3358
2130 3360
2131 3361
2132 3363
2133 3364
2134 3366
2135 3367
2136 3369
2137 3371
2138 3372
2139 3374
2140 3375
2141 3377
2142 3378
2143 3380
2144 3382
2145 3383
2146 3385
2147 3386
2148 3388
2149 3389
2150 3391
2151 3393
2152 3394
2153 3396
2154 3397
2155 3399
2156 3401
2157 3402
2158 3404
2159 3405
2160 3406
2161 3408
2162 3410
2163 3411
2164 3413
2165 3414
2166 3416
2167 3418
2168 3419
2169 3421
2170 3422
2171 3424
2172 3425
2173 3427
2174 3429
2175 3430
2176 3432
2177 3433
2178 3435
2179 3437
2180 3438
2181 3440
2182 3441
2183 3443
2184 3444
2185 3446
2186 3448
2187 3449
2188 3451
2189 3452
2190 3454
2191 3455
2192 3457
2193 3459
2194 3460
2195 3462
2196 3463
2197 3465
2198 3467
2199 3468
2200 3470
2201 3471
2202 3473
2203 3474
2204 3476
2205 3478
2206 3479
2207 3481
2208 3482
2209 3484
2210 3486
2211 3487
2212 3489
2213 3490
2214 3492
2215 3493
2216 3495
2217 3497
2218 3498
2219 3500
2220 3501
2221 3503
2222 3504
2223 3506
2224 3508
2225 3509
2226 3511
2227 3512
2228 3514
2229 3516
2230 3517
2231 3519
2232 3520
2233 3522
2234 3523
2235 3525
2236 3526
2237 3528
2238 3530
2239 3531
2240 3533
2241 3534
2242 3536
2243 3538
2244 3539
2245 3541
2246 3542
2247 3544
2248 3545
2249 3547
2250 3549
2251 3550
2252 3552
2253 3553
2254 3555
2255 3557
2256 3558
2257 3560
2258 3561
2259 3563
2260 3564
2261 3566
2262 3568
2263 3569
2264 3571
2265 3572
2266 3574
2267 3575
2268 3577
2269 3579
2270 3580
2271 3582
2272 3583
2273 3585
2274 3586
2275 3588
2276 3590
2277 3591
2278 3593
2279 3594
2280 3596
2281 3598
2282 3599
2283 3601
2284 3602
2285 3604
2286 3605
2287 3607
2288 3608
2289 3610
2290 3612
2291 3613
2292 3615
2293 3616
2294 3618
2295 3620
2296 3621
2297 3623
2298 3624
2299 3626
2300 3627
2301 3629
2302 3630
2303 3632
2304 3634
2305 3635
2306 3637
2307 3638
2308 3640
2309 3642
2310 3643
2311 3644
2312 3646
2313 3648
2314 3649
2315 3651
2316 3652
2317 3654
2318 3656
2319 3657
2320 3659
2321 3660
2322 3662
2323 3663
2324 3665
2325 3667
2326 3668
2327 3670
2328 3671
2329 3673
2330 3675
2331 3676
2332 3678
2333 3679
2334 3681
2335 3682
2336 3684
2337 3686
2338 3687
2339 3689
2340 3690
2341 3692
2342 3693
2343 3695
2344 3697
2345 3698
2346 3700
2347 3701
2348 3703
2349 3705
2350 3706
2351 3708
2352 3709
2353 3711
2354 3712
2355 3714
2356 3716
2357 3717
2358 3719
2359 3720
2360 3722
2361 3724
2362 3725
2363 3727
2364 3728
2365 3730
2366 3731
2367 3733
2368 3735
2369 3736
2370 3738
2371 3739
2372 3741
2373 3742
2374 3744
2375 3746
2376 3747
2377 3749
2378 3750
2379 3752
2380 3754
2381 3755
2382 3757
2383 3758
2384 3760
2385 3761
2386 3763
2387 3765
2388 3766
2389 3768
2390 3769
2391 3771
2392 3773
2393 3774
2394 3776
2395 3777
2396 3779
2397 3780
2398 3782
2399 3784
2400 3785
2401 3787
2402 3788
2403 3790
2404 3791
2405 3793
2406 3795
2407 3796
2408 3798
2409 3799
2410 3801
2411 3802
2412 3804
2413 3806
2414 3807
2415 3809
2416 3810
2417 3812
2418 3814
2419 3815
2420 3817
2421 3818
2422 3820
2423 3821
2424 3823
2425 3825
2426 3826
2427 3828
2428 3829
2429 3831
2430 3832
2431 3834
2432 3836
2433 3837
2434 3839
2435 3840
2436 3842
2437 3843
2438 3845
2439 3847
2440 3848
2441 3850
2442 3851
2443 3853
2444 3854
2445 3856
2446 3858
2447 3859
2448 3861
2449 3862
2450 3864
2451 3865
2452 3867
2453 3869
2454 3870
2455 3872
2456 3873
2457 3875
2458 3876
2459 3878
2460 3880
2461 3881
2462 3883
2463 3884
2464 3886
2465 3888
2466 3889
2467 3891
2468 3892
2469 3894
2470 3895
2471 3897
2472 3899
2473 3900
2474 3902
2475 3903
2476 3905
2477 3906
2478 3908
2479 3910
2480 3911
2481 3913
2482 3914
2483 3916
2484 3917
2485 3919
2486 3921
2487 3922
2488 3924
2489 3925
2490 3927
2491 3929
2492 3930
2493 3932
2494 3933
2495 3935
2496 3936
2497 3938
2498 3940
2499 3941
2500 3943
2501 3944
2502 3946
2503 3947
2504 3949
2505 3951
2506 3952
2507 3954
2508 3955
2509 3957
2510 3958
2511 3960
2512 3962
2513 3963
2514 3965
2515 3966
2516 3968
2517 3969
2518 3971
2519 3973
2520 3974
2521 3976
2522 3977
2523 3979
2524 3981
2525 3982
2526 3984
2527 3985
2528 3987
2529 3988
2530 3990
2531 3992
2532 3993
2533 3995
2534 3996
2535 3998
2536 3999
2537 4001
2538 4003
2539 4004
2540 4006
2541 4007
2542 4009
2543 4010
2544 4012
2545 4014
2546 4015
2547 4017
2548 4018
2549 4020
2550 4021
2551 4023
2552 4025
2553 4026
2554 4028
2555 4029
2556 4031
2557 4033
2558 4034
2559 4036
2560 4037
2561 4039
2562 4040
2563 4042
2564 4044
2565 4045
2566 4047
2567 4048
2568 4050
2569 4052
2570 4053
2571 4055
2572 4056
2573 4058
2574 4059
2575 4061
2576 4063
2577 4064
2578 4066
2579 4067
2580 4069
2581 4070
2582 4072
2583 4074
2584 4075
2585 4077
2586 4078
2587 4080
2588 4081
2589 4083
2590 4085
2591 4086
2592 4088
2593 4089
2594 4091
2595 4093
2596 4094
2597 4096
2598 4097
2599 4099
2600 4100
2601 4102
2602 4104
2603 4105
2604 4107
2605 4108
2606 4110
2607 4111
2608 4113
2609 4115
2610 4116
2611 4118
2612 4119
2613 4121
2614 4122
2615 4124
2616 4126
2617 4127
2618 4129
2619 4130
2620 4132
2621 4133
2622 4135
2623 4137
2624 4138
2625 4140
2626 4141
2627 4143
2628 4144
2629 4146
2630 4148
2631 4149
2632 4151
2633 4152
2634 4154
2635 4155
2636 4157
2637 4159
2638 4160
2639 4162
2640 4163
2641 4165
2642 4167
2643 4168
2644 4170
2645 4171
2646 4173
2647 4174
2648 4176
2649 4178
2650 4179
2651 4181
2652 4182
2653 4184
2654 4185
2655 4187
2656 4189
2657 4190
2658 4192
2659 4193
2660 4195
2661 4196
2662 4198
2663 4200
2664 4201
2665 4203
2666 4204
2667 4206
2668 4208
2669 4209
2670 4211
2671 4212
2672 4214
2673 4215
2674 4217
2675 4219
2676 4220
2677 4222
2678 4223
2679 4225
2680 4226
2681 4228
2682 4230
2683 4231
2684 4233
2685 4234
2686 4236
2687 4237
2688 4239
2689 4241
2690 4242
2691 4244
2692 4245
2693 4247
2694 4248
2695 4250
2696 4252
2697 4253
2698 4255
2699 4256
2700 4258
2701 4259
2702 4261
2703 4263
2704 4264
2705 4266
2706 4267
2707 4269
2708 4271
2709 4272
2710 4274
2711 4275
2712 4277
2713 4278
2714 4280
2715 4282
2716 4283
2717 4285
2718 4286
2719 4288
2720 4289
2721 4291
2722 4293
2723 4294
2724 4296
2725 4297
2726 4299
2727 4300
2728 4302
2729 4304
2730 4305
2731 4307
2732 4308
2733 4310
2734 4311
2735 4313
2736 4315
2737 4316
2738 4318
2739 4319
2740 4321
2741 4323
2742 4324
2743 4326
2744 4327
2745 4329
2746 4330
2747 4332
2748 4334
2749 4335
2750 4337
2751 4338
2752 4340
2753 4341
2754 4343
2755 4345
2756 4346
2757 4348
2758 4349
2759 4351
2760 4352
2761 4354
2762 4356
2763 4357
2764 4359
2765 4360
2766 4362
2767 4364
2768 4365
2769 4367
2770 4368
2771 4370
2772 4371
2773 4373
2774 4375
2775 4376
2776 4378
2777 4379
2778 4381
2779 4382
2780 4384
2781 4386
2782 4387
2783 4389
2784 4390
2785 4392
2786 4394
2787 4395
2788 4397
2789 4398
2790 4400
2791 4401
2792 4403
2793 4405
2794 4406
2795 4408
2796 4409
2797 4411
2798 4412
2799 4414
2800 4416
2801 4417
2802 4419
2803 4420
2804 4422
2805 4423
2806 4425
2807 4427
2808 4428
2809 4430
2810 4431
2811 4433
2812 4434
2813 4436
2814 4438
2815 4439
2816 4441
2817 4442
2818 4444
2819 4446
2820 4447
2821 4449
2822 4450
2823 4452
2824 4453
2825 4455
2826 4457
2827 4458
2828 4460
2829 4461
2830 4463
2831 4464
2832 4466
2833 4468
2834 4469
2835 4471
2836 4472
2837 4474
2838 4475
2839 4477
2840 4479
2841 4480
2842 4482
2843 4483
2844 4485
2845 4487
2846 4488
2847 4490
2848 4491
2849 4493
2850 4494
2851 4496
2852 4498
2853 4499
2854 4501
2855 4502
2856 4504
2857 4505
2858 4507
2859 4509
2860 4510
2861 4512
2862 4513
2863 4515
2864 4516
2865 4518
2866 4520
2867 4521
2868 4523
2869 4524
2870 4526
2871 4527
2872 4529
2873 4531
2874 4532
2875 4534
2876 4535
2877 4537
2878 4538
2879 4540
2880 4542
2881 4543
2882 4545
2883 4546
2884 4548
2885 4550
2886 4551
2887 4553
2888 4554
2889 4556
2890 4557
2891 4559
2892 4561
2893 4562
2894 4564
2895 4565
2896 4567
2897 4568
2898 4570
2899 4572
2900 4573
2901 4575
2902 4576
2903 4578
2904 4579
2905 4581
2906 4583
2907 4584
2908 4586
2909 4587
2910 4589
2911 4590
2912 4592
2913 4594
2914 4595
2915 4597
2916 4598
2917 4600
2918 4602
2919 4603
2920 4605
2921 4606
2922 4608
2923 4609
2924 4611
2925 4613
2926 4614
2927 4616
2928 4617
2929 4619
2930 4620
2931 4622
2932 4624
2933 4625
2934 4627
2935 4628
2936 4630
2937 4631
2938 4633
2939 4635
2940 4636
2941 4638
2942 4639
2943 4641
2944 4643
2945 4644
2946 4646
2947 4647
2948 4649
2949 4650
2950 4652
2951 4653
2952 4655
2953 4657
2954 4658
2955 4660
2956 4661
2957 4663
2958 4665
2959 4666
2960 4668
2961 4669
2962 4671
2963 4672
2964 4674
2965 4676
2966 4677
2967 4679
2968 4680
2969 4682
2970 4684
2971 4685
2972 4687
2973 4688
2974 4690
2975 4691
2976 4693
2977 4694
2978 4696
2979 4698
2980 4699
2981 4701
2982 4702
2983 4704
2984 4706
2985 4707
2986 4709
2987 4710
2988 4712
2989 4713
2990 4715
2991 4717
2992 4718
2993 4720
2994 4721
2995 4723
2996 4724
2997 4726
2998 4728
2999 4729
3000 4731
3001 4732
3002 4734
3003 4735
3004 4737
3005 4739
3006 4740
3007 4742
3008 4743
3009 4745
3010 4747
3011 4748
3012 4750
3013 4751
3014 4753
3015 4754
3016 4756
3017 4758
3018 4759
3019 4761
3020 4762
3021 4764
3022 4765
3023 4767
3024 4769
3025 4770
3026 4772
3027 4773
3028 4775
3029 4777
3030 4778
3031 4780
3032 4781
3033 4783
3034 4784
3035 4786
3036 4787
3037 4789
3038 4791
3039 4792
3040 4794
3041 4795
3042 4797
3043 4799
3044 4800
3045 4802
3046 4803
3047 4805
3048 4806
3049 4808
3050 4810
3051 4811
3052 4813
3053 4814
3054 4816
3055 4817
3056 4819
3057 4821
3058 4822
3059 4824
3060 4825
3061 4827
3062 4828
3063 4830
3064 4832
3065 4833
3066 4835
3067 4836
3068 4838
3069 4839
3070 4841
3071 4843
3072 4844
3073 4846
3074 4847
3075 4849
3076 4851
3077 4852
3078 4854
3079 4855
3080 4857
3081 4858
3082 4860
3083 4862
3084 4863
3085 4865
3086 4866
3087 4868
3088 4869
3089 4871
3090 4873
3091 4874
3092 4876
3093 4877
3094 4879
3095 4881
3096 4882
3097 4884
3098 4885
3099 4887
3100 4888
3101 4890
3102 4891
3103 4893
3104 4895
3105 4896
3106 4898
3107 4899
3108 4901
3109 4903
3110 4904
3111 4906
3112 4907
3113 4909
3114 4910
3115 4912
3116 4914
3117 4915
3118 4917
3119 4918
3120 4920
3121 4922
3122 4923
3123 4925
3124 4926
3125 4928
3126 4929
3127 4931
3128 4932
3129 4934
3130 4936
3131 4937
3132 4939
3133 4940
3134 4942
3135 4944
3136 4945
3137 4947
3138 4948
3139 4950
3140 4951
3141 4953
3142 4955
3143 4956
3144 4958
3145 4959
3146 4961
3147 4962
3148 4964
3149 4966
3150 4967
3151 4969
3152 4970
3153 4972
3154 4973
3155 4975
3156 4977
3157 4978
3158 4980
3159 4981
3160 4983
3161 4985
3162 4986
3163 4988
3164 4989
3165 4991
3166 4992
3167 4994
3168 4995
3169 4997
3170 4999
3171 5000
3172 5002
3173 5003
3174 5005
3175 5007
3176 5008
3177 5010
3178 5011
3179 5013
3180 5014
3181 5016
3182 5018
3183 5019
3184 5021
3185 5022
3186 5024
3187 5025
3188 5027
3189 5029
3190 5030
3191 5032
3192 5033
3193 5035
3194 5037
3195 5038
3196 5040
3197 5041
3198 5043
3199 5044
3200 5046
3201 5048
3202 5049
3203 5051
3204 5052
3205 5054
3206 5055
3207 5057
3208 5059
3209 5060
3210 5062
3211 5063
3212 5065
3213 5066
3214 5068
3215 5070
3216 5071
3217 5073
3218 5074
3219 5076
3220 5077
3221 5079
3222 5081
3223 5082
3224 5084
3225 5085
3226 5087
3227 5088
3228 5090
3229 5092
3230 5093
3231 5095
3232 5096
3233 5098
3234 5100
3235 5101
3236 5103
3237 5104
3238 5106
3239 5107
3240 5109
3241 5111
3242 5112
3243 5114
3244 5115
3245 5117
3246 5119
3247 5120
3248 5122
3249 5123
3250 5125
3251 5126
3252 5128
3253 5129
3254 5131
3255 5133
3256 5134
3257 5136
3258 5137
3259 5139
3260 5140
3261 5142
3262 5144
3263 5145
3264 5147
3265 5148
3266 5150
3267 5152
3268 5153
3269 5155
3270 5156
3271 5158
3272 5159
3273 5161
3274 5163
3275 5164
3276 5166
3277 5167
3278 5169
3279 5170
3280 5172
3281 5174
3282 5175
3283 5177
3284 5178
3285 5180
3286 5181
3287 5183
3288 5185
3289 5186
3290 5188
3291 5189
3292 5191
3293 5192
3294 5194
3295 5196
3296 5197
3297 5199
3298 5200
3299 5202
3300 5204
3301 5205
3302 5207
3303 5208
3304 5210
3305 5211
3306 5213
3307 5215
3308 5216
3309 5218
3310 5219
3311 5221
3312 5223
3313 5224
3314 5226
3315 5227
3316 5229
3317 5230
3318 5232
3319 5233
3320 5235
3321 5237
3322 5238
3323 5240
3324 5241
3325 5243
3326 5245
3327 5246
3328 5248
3329 5249
3330 5251
3331 5252
3332 5254
3333 5256
3334 5257
3335 5259
3336 5260
3337 5262
3338 5263
3339 5265
3340 5267
3341 5268
3342 5270
3343 5271
3344 5273
3345 5274
3346 5276
3347 5278
3348 5279
3349 5281
3350 5282
3351 5284
3352 5285
3353 5287
3354 5289
3355 5290
3356 5292
3357 5293
3358 5295
3359 5296
3360 5298
3361 5300
3362 5301
3363 5303
3364 5304
3365 5306
3366 5308
3367 5309
3368 5311
3369 5312
3370 5314
3371 5315
3372 5317
3373 5319
3374 5320
3375 5322
3376 5323
3377 5325
3378 5326
3379 5328
3380 5330
3381 5331
3382 5333
3383 5334
3384 5336
3385 5337
3386 5339
3387 5341
3388 5342
3389 5344
3390 5345
3391 5347
3392 5348
3393 5350
3394 5352
3395 5353
3396 5355
3397 5356
3398 5358
3399 5360
3400 5361
3401 5363
3402 5364
3403 5366
3404 5367
3405 5369
3406 5371
3407 5372
3408 5374
3409 5375
3410 5377
3411 5378
3412 5380
3413 5382
3414 5383
3415 5385
3416 5386
3417 5388
3418 5389
3419 5391
3420 5393
3421 5394
3422 5396
3423 5397
3424 5399
3425 5401
3426 5402
3427 5404
3428 5405
3429 5407
3430 5408
3431 5410
3432 5412
3433 5413
3434 5415
3435 5416
3436 5418
3437 5419
3438 5421
3439 5423
3440 5424
3441 5426
3442 5427
3443 5429
3444 5430
3445 5432
3446 5434
3447 5435
3448 5437
3449 5438
3450 5440
3451 5441
3452 5443
3453 5445
3454 5446
3455 5448
3456 5449
3457 5451
3458 5453
3459 5454
3460 5456
3461 5457
3462 5459
3463 5460
3464 5462
3465 5464
3466 5465
3467 5467
3468 5468
3469 5470
3470 5471
3471 5473
3472 5475
3473 5476
3474 5478
3475 5479
3476 5481
3477 5482
3478 5484
3479 5486
3480 5487
3481 5489
3482 5490
3483 5492
3484 5494
3485 5495
3486 5497
3487 5498
3488 5500
3489 5501
3490 5503
3491 5505
3492 5506
3493 5508
3494 5509
3495 5511
3496 5512
3497 5514
3498 5516
3499 5517
3500 5519
3501 5520
3502 5522
3503 5523
3504 5525
3505 5527
3506 5528
3507 5530
3508 5531
3509 5533
3510 5534
3511 5536
3512 5538
3513 5539
3514 5541
3515 5542
3516 5544
3517 5545
3518 5547
3519 5549
3520 5550
3521 5552
3522 5553
3523 5555
3524 5557
3525 5558
3526 5560
3527 5561
3528 5563
3529 5564
3530 5566
3531 5568
3532 5569
3533 5571
3534 5572
3535 5574
3536 5575
3537 5577
3538 5579
3539 5580
3540 5582
3541 5583
3542 5585
3543 5586
3544 5588
3545 5590
3546 5591
3547 5593
3548 5594
3549 5596
3550 5597
3551 5599
3552 5601
3553 5602
3554 5604
3555 5605
3556 5607
3557 5609
3558 5610
3559 5612
3560 5613
3561 5615
3562 5616
3563 5618
3564 5620
3565 5621
3566 5623
3567 5624
3568 5626
3569 5627
3570 5629
3571 5631
3572 5632
3573 5634
3574 5635
3575 5637
3576 5638
3577 5640
3578 5642
3579 5643
3580 5645
3581 5646
3582 5648
3583 5649
3584 5651
3585 5653
3586 5654
3587 5656
3588 5657
3589 5659
3590 5660
3591 5662
3592 5664
3593 5665
3594 5667
3595 5668
3596 5670
3597 5671
3598 5673
3599 5675
3600 5676
3601 5678
3602 5679
3603 5681
3604 5683
3605 5684
3606 5686
3607 5687
3608 5689
3609 5690
3610 5692
3611 5694
3612 5695
3613 5697
3614 5698
3615 5700
3616 5701
