0 0.000000
1 4.566790
2 4.083782
3 0.000000
4 4.871528
5 2.436348
6 0.000000
7 3.349914
8 3.002327
9 0.000000
10 2.087337
11 0.000000
12 4.643988
13 2.134618
14 0.000000
15 2.956156
16 4.732723
17 0.000000
18 21.784309
19 1.014514
20 2.666941
21 0.000000
22 1.992059
23 0.000000
24 2.209949
25 2.786183
26 0.000000
27 3.185205
28 2.364587
29 0.000000
30 2.553323
31 0.000000
32 2.054776
33 1.864666
34 0.000000
35 2.481547
36 2.416500
37 0.000000
38 2.470444
39 2.656649
40 0.000000
41 2.154654
42 0.000000
43 2.207405
44 2.097492
45 0.000000
46 2.014514
47 2.568735
48 0.000000
49 2.513314
50 2.382476
51 0.000000
52 2.605329
53 0.000000
54 2.049773
55 2.220851
56 0.000000
57 2.952325
58 2.200179
59 0.000000
60 1.890458
61 0.000000
62 2.215392
63 2.665986
64 0.000000
65 1.816003
66 2.203205
67 0.000000
68 2.841153
69 1.877459
70 0.000000
71 1.803859
72 0.000000
73 2.742932
74 3.392424
75 0.000000
76 2.153851
77 2.356374
78 0.000000
79 2.648494
80 2.252251
81 0.000000
82 2.199618
83 0.000000
84 2.486839
85 2.582277
86 0.000000
87 2.045562
88 2.531991
89 0.000000
90 3.017913
91 0.000000
92 1.871676
93 1.894038
94 0.000000
95 2.464580
96 2.434307
97 0.000000
98 2.903419
99 2.355362
100 0.000000
101 3.208859
102 2.215083
103 0.000000
104 2.719645
105 0.000000
106 2.828733
107 1.947808
108 0.000000
109 2.344457
110 2.362298
111 0.000000
112 2.233130
113 2.474038
114 0.000000
115 1.926944
116 0.000000
117 2.926119
118 1.922588
119 0.000000
120 1.872665
121 2.869362
122 0.000000
123 1.923170
124 2.563155
125 0.000000
126 2.399491
127 0.000000
128 2.808719
129 2.614443
130 0.000000
131 2.815540
132 2.528875
133 0.000000
134 1.965286
135 2.471293
136 0.000000
137 2.660816
138 0.000000
139 2.397603
140 2.175339
141 0.000000
142 2.412703
143 2.768640
144 0.000000
145 2.261488
146 2.539644
147 0.000000
148 3.554295
149 0.000000
150 2.174063
151 2.134263
152 0.000000
153 2.717944
154 2.541122
155 0.000000
156 2.173984
157 2.540029
158 0.000000
159 2.757000
160 0.000000
161 2.124267
162 2.468624
163 0.000000
164 3.129909
165 2.587599
166 0.000000
167 2.174282
168 2.352325
169 0.000000
170 3.049032
171 0.000000
172 2.319057
173 2.301394
174 0.000000
175 2.861798
176 2.107368
177 0.000000
178 2.242005
179 2.135015
180 0.000000
181 2.428368
182 0.000000
183 2.068956
184 2.216805
185 0.000000
186 3.038155
187 2.014274
188 0.000000
189 2.200984
190 2.599189
191 0.000000
192 2.520428
193 0.000000
194 1.919845
195 2.514005
196 0.000000
197 2.782024
198 2.250475
199 0.000000
200 2.537844
201 3.292820
202 0.000000
203 3.400215
204 0.000000
205 21.678230
206 6.986744
207 0.000000
208 5.412532
209 4.426177
210 0.000000
211 4.142355
212 3.877449
213 0.000000
214 3.902661
215 0.000000
216 4.756449
217 5.081794
218 0.000000
219 3.475025
220 2.150746
221 0.000000
222 4.266238
223 0.000000
224 4.687430
225 5.220156
226 0.000000
227 3.289151
228 3.770199
229 0.000000
230 4.005141
231 4.645132
232 0.000000
233 4.399423
234 0.000000
235 2.811889
236 3.988965
237 0.000000
238 4.980641
239 4.970058
240 0.000000
241 3.234151
242 2.458897
243 0.000000
244 4.358056
245 0.000000
246 4.596978
247 4.805004
248 0.000000
249 3.901274
250 2.759970
251 0.000000
252 3.556520
253 4.487862
254 0.000000
255 4.611840
256 0.000000
257 2.935596
258 3.374901
259 0.000000
260 4.915741
261 4.284680
262 0.000000
263 3.765041
264 0.000000
265 3.190933
266 4.228083
267 0.000000
268 4.875085
269 4.752507
270 0.000000
271 3.229953
272 3.121536
273 0.000000
274 4.349553
275 0.000000
276 4.979340
277 3.960721
278 0.000000
279 2.531218
280 3.653505
281 0.000000
282 4.867710
283 3.939992
284 0.000000
285 3.774812
286 0.000000
287 2.549899
288 3.548247
289 0.000000
290 4.056612
291 4.693925
292 0.000000
293 3.696737
294 2.638581
295 0.000000
296 2.978726
297 0.000000
298 3.784061
299 4.595570
300 0.000000
301 5.037074
302 3.207507
303 0.000000
304 3.564027
305 4.439305
306 0.000000
307 4.693237
308 0.000000
309 3.734450
310 2.477102
311 0.000000
312 3.224450
313 3.900704
314 0.000000
315 4.282640
316 4.106132
317 0.000000
318 3.395484
319 0.000000
320 3.705379
321 4.002768
322 0.000000
323 4.469387
324 3.519645
325 0.000000
326 2.583788
327 0.000000
328 2.703457
329 3.636228
330 0.000000
331 4.323396
332 3.960774
333 0.000000
334 3.576772
335 2.471543
336 0.000000
337 3.155408
338 0.000000
339 4.462661
340 4.248308
341 0.000000
342 3.734827
343 2.751740
344 0.000000
345 3.600781
346 4.288638
347 0.000000
348 3.983395
349 0.000000
350 4.184389
351 2.357901
352 0.000000
353 2.992304
354 4.175042
355 0.000000
356 2.437765
357 0.000000
358 2.107395
359 2.047238
360 0.000000
361 2.404995
362 1.829905
363 0.000000
364 2.084971
365 2.441285
366 0.000000
367 1.662575
368 0.000000
369 2.173224
370 2.604663
371 0.000000
372 1.976208
373 2.155196
374 0.000000
375 2.463162
376 0.000000
377 1.757910
378 1.839181
379 0.000000
380 1.800868
381 2.750459
382 0.000000
383 2.131747
384 2.067674
385 0.000000
386 2.442431
387 1.760898
388 0.000000
389 1.934539
390 0.000000
391 2.435675
392 3.334374
393 0.000000
394 2.373160
395 2.349766
396 0.000000
397 3.161703
398 3.710412
399 0.000000
400 2.016686
401 0.000000
402 2.346373
403 2.146418
404 0.000000
405 2.673380
406 2.741608
407 0.000000
408 3.330810
409 14.439828
410 0.000000
411 6.643756
412 0.000000
413 5.341818
414 5.064474
415 0.000000
416 5.693030
417 4.417365
418 0.000000
419 3.378312
420 2.328100
421 0.000000
422 2.842827
423 0.000000
424 4.435835
425 2.749674
426 0.000000
427 2.568693
428 2.560513
429 0.000000
430 1.952864
431 3.126551
432 0.000000
433 2.663765
434 0.000000
435 3.147581
436 3.400031
437 0.000000
438 3.539508
439 4.065385
440 0.000000
441 2.696199
442 3.242088
443 0.000000
444 3.545922
445 0.000000
446 2.626043
447 2.654159
448 0.000000
449 2.763737
450 2.459466
451 0.000000
452 1.881547
453 3.078215
454 0.000000
455 3.999634
456 0.000000
457 3.171809
458 3.130407
459 0.000000
460 3.368362
461 3.093860
462 0.000000
463 3.493160
464 2.741420
465 0.000000
466 3.131224
467 0.000000
468 2.216302
469 2.293585
470 0.000000
471 3.457486
472 2.917296
473 0.000000
474 3.083362
475 0.000000
476 3.179015
477 2.755037
478 0.000000
479 2.574842
480 2.701011
481 0.000000
482 2.986935
483 2.918883
484 0.000000
485 2.348457
486 0.000000
487 3.477610
488 2.386095
489 0.000000
490 2.243563
491 2.504135
492 0.000000
493 2.453631
494 1.834079
495 0.000000
496 2.221969
497 0.000000
498 3.538443
499 3.424648
500 0.000000
501 3.123456
502 3.294728
503 0.000000
504 2.428569
505 2.561644
506 0.000000
507 3.505769
508 0.000000
509 3.413050
510 2.596407
511 0.000000
512 2.116191
513 3.096680
514 0.000000
515 2.265451
516 2.275820
517 0.000000
518 3.605016
519 0.000000
520 2.867563
521 1.904360
522 0.000000
523 2.733862
524 2.722388
525 0.000000
526 2.302269
527 2.344779
528 0.000000
529 2.740559
530 0.000000
531 2.035012
532 1.862946
533 0.000000
534 2.795385
535 2.607137
536 0.000000
537 3.207467
538 2.939624
539 0.000000
540 3.354236
541 0.000000
542 2.882996
543 3.305723
544 0.000000
545 4.197074
546 2.909066
547 0.000000
548 2.590333
549 0.000000
550 2.515045
551 2.252289
552 0.000000
553 2.142175
554 2.687693
555 0.000000
556 3.369756
557 3.016601
558 0.000000
559 2.837467
560 0.000000
561 3.090645
562 2.662140
563 0.000000
564 2.478327
565 3.712298
566 0.000000
567 3.286371
568 2.873009
569 0.000000
570 2.233911
571 0.000000
572 2.378546
573 2.480845
574 0.000000
575 2.811125
576 3.995572
577 0.000000
578 2.467765
579 2.523600
580 0.000000
581 2.437745
582 0.000000
583 1.883339
584 1.981239
585 0.000000
586 2.308536
587 2.967441
588 0.000000
589 2.085362
590 1.970830
591 0.000000
592 2.179558
593 0.000000
594 1.654159
595 1.621717
596 0.000000
597 2.023244
598 2.104579
599 0.000000
600 2.068558
601 2.054229
602 0.000000
603 2.622167
604 0.000000
605 2.166915
606 2.251507
607 0.000000
608 2.346338
609 2.164226
610 0.000000
611 2.000559
612 0.000000
613 1.811167
614 2.413618
615 0.000000
616 1.788485
617 1.707415
618 0.000000
619 2.354229
620 2.062088
621 0.000000
622 2.334425
623 0.000000
624 2.508341
625 2.660972
626 0.000000
627 1.970603
628 2.071619
629 0.000000
630 2.115768
631 1.831369
632 0.000000
633 1.955657
634 0.000000
635 2.465272
636 1.735122
637 0.000000
638 1.660821
639 1.874297
640 0.000000
641 1.840268
642 1.719066
643 0.000000
644 1.662993
645 0.000000
646 2.336085
647 1.820246
648 0.000000
649 1.886137
650 1.996373
651 0.000000
652 1.557448
653 1.625470
654 0.000000
655 1.872238
656 0.000000
657 2.196799
658 1.658305
659 0.000000
660 1.751466
661 2.263825
662 0.000000
663 1.551633
664 1.532547
665 0.000000
666 2.025810
667 0.000000
668 1.723080
669 1.652348
670 0.000000
671 1.892567
672 2.106736
673 0.000000
674 1.584698
675 1.591859
676 0.000000
677 2.178204
678 0.000000
679 6.824196
680 31.107256
681 0.000000
682 41.043487
683 3.665589
684 0.000000
685 2.309477
686 2.093986
687 0.000000
688 2.220391
689 0.000000
690 2.019770
691 1.927644
692 0.000000
693 1.835361
694 2.092297
695 0.000000
696 1.695157
697 0.000000
698 2.130989
699 1.791711
700 0.000000
701 1.589417
702 1.687722
703 0.000000
704 2.031320
705 1.731284
706 0.000000
707 2.067239
708 0.000000
709 2.172651
710 1.793165
711 0.000000
712 1.932452
713 2.127586
714 0.000000
715 1.990554
716 1.792591
717 0.000000
718 2.068898
719 0.000000
720 2.468533
721 2.083736
722 0.000000
723 2.073237
724 2.319472
725 0.000000
726 2.213258
727 2.178242
728 0.000000
729 2.057089
730 0.000000
731 2.192311
732 2.187712
733 0.000000
734 2.054201
735 2.391898
736 0.000000
737 1.827274
738 1.979891
739 0.000000
740 2.142914
741 0.000000
742 1.843163
743 1.806549
744 0.000000
745 2.001021
746 1.852113
747 0.000000
748 1.756458
749 1.949908
750 0.000000
751 2.183288
752 0.000000
753 1.770927
754 1.912079
755 0.000000
756 1.984688
757 1.982205
758 0.000000
759 1.915563
760 2.077948
761 0.000000
762 2.482008
763 0.000000
764 2.152177
765 1.870853
766 0.000000
767 2.480595
768 1.972286
769 0.000000
770 1.711362
771 1.764444
772 0.000000
773 2.083490
774 0.000000
775 2.002648
776 1.903505
777 0.000000
778 2.401442
779 1.886224
780 0.000000
781 1.815397
782 0.000000
783 2.181878
784 1.878674
785 0.000000
786 1.677561
787 1.959370
788 0.000000
789 2.030420
790 1.730845
791 0.000000
792 1.553949
793 0.000000
794 2.136774
795 2.057896
796 0.000000
797 2.213177
798 2.467506
799 0.000000
800 2.057494
801 2.011269
802 0.000000
803 2.035631
804 0.000000
805 2.125150
806 1.687964
807 0.000000
808 1.595894
809 1.917887
810 0.000000
811 1.615885
812 1.788848
813 0.000000
814 2.000763
815 0.000000
816 1.731544
817 1.702905
818 0.000000
819 1.756420
820 1.928507
821 0.000000
822 1.597994
823 1.675896
824 0.000000
825 2.225710
826 0.000000
827 2.258007
828 2.087159
829 0.000000
830 2.391569
831 2.255553
832 0.000000
833 2.143937
834 2.021347
835 0.000000
836 2.233573
837 0.000000
838 2.136979
839 2.111063
840 0.000000
841 2.213198
842 1.826843
843 0.000000
844 1.877019
845 2.115385
846 0.000000
847 2.425831
848 0.000000
849 2.173872
850 2.039545
851 0.000000
852 2.208564
853 1.839582
854 0.000000
855 1.655554
856 0.000000
857 2.031223
858 1.701856
859 0.000000
860 1.771036
861 1.986274
862 0.000000
863 1.996426
864 1.913998
865 0.000000
866 1.704566
867 1.806586
868 0.000000
869 1.767157
870 0.000000
871 1.934423
872 1.991425
873 0.000000
874 1.675233
875 1.728235
876 0.000000
877 1.886488
878 0.000000
879 1.901675
880 1.610292
881 0.000000
882 1.771152
883 2.195340
884 0.000000
885 1.859909
886 1.764900
887 0.000000
888 1.710186
889 1.983734
890 0.000000
891 1.949748
892 0.000000
893 1.622255
894 2.023429
895 0.000000
896 1.552357
897 1.734256
898 0.000000
899 2.123050
900 0.000000
901 1.468537
902 1.642614
903 0.000000
904 1.769777
905 1.611733
906 0.000000
907 1.741004
908 1.486005
909 0.000000
910 2.045559
911 0.000000
912 1.546120
913 1.720580
914 0.000000
915 1.885833
916 1.521139
917 0.000000
918 1.465573
919 1.568965
920 0.000000
921 1.925273
922 0.000000
923 1.770725
924 1.776299
925 0.000000
926 2.075244
927 1.684908
928 0.000000
929 1.666108
930 0.000000
931 1.935084
932 1.599063
933 0.000000
934 1.561404
935 1.795059
936 0.000000
937 1.883637
938 1.645658
939 0.000000
940 1.580884
941 0.000000
942 2.043229
943 1.505754
944 0.000000
945 1.652293
946 1.892476
947 0.000000
948 1.952119
949 2.149005
950 0.000000
951 2.125493
952 0.000000
953 2.814408
954 2.142703
955 0.000000
956 2.078843
957 2.254179
958 0.000000
959 1.905701
960 1.955311
961 0.000000
962 2.280041
963 0.000000
964 2.044278
965 1.722285
966 0.000000
967 1.777518
968 2.022332
969 0.000000
970 1.585502
971 1.543836
972 0.000000
973 1.812363
974 0.000000
975 1.578022
976 1.538689
977 0.000000
978 1.759279
979 1.894387
980 0.000000
981 1.516846
982 1.725163
983 0.000000
984 1.953045
985 0.000000
986 1.523378
987 1.662502
988 0.000000
989 1.930804
990 1.645601
991 0.000000
992 1.556851
993 1.446172
994 0.000000
995 2.011723
996 0.000000
997 1.539718
998 1.701570
999 0.000000
1000 2.116926
1001 1.508761
1002 0.000000
1003 1.567404
1004 0.000000
1005 1.864513
1006 1.663249
1007 0.000000
1008 1.685589
1009 1.812675
1010 0.000000
1011 1.932656
1012 1.706642
1013 0.000000
1014 1.664256
1015 0.000000
1016 2.176654
1017 1.808195
1018 0.000000
1019 1.789958
1020 2.108501
1021 0.000000
1022 2.182022
1023 1.878613
1024 0.000000
1025 1.757394
1026 0.000000
1027 2.238050
1028 1.956973
1029 0.000000
1030 2.099464
1031 2.180551
1032 0.000000
1033 1.844857
1034 1.809517
1035 0.000000
1036 1.994023
1037 0.000000
1038 1.958818
1039 1.682271
1040 0.000000
1041 1.787259
1042 2.114490
1043 0.000000
1044 1.766612
1045 1.804433
1046 0.000000
1047 2.146246
1048 0.000000
1049 1.764327
1050 1.711200
1051 0.000000
1052 1.884289
1053 2.022482
1054 0.000000
1055 1.737550
1056 1.771178
1057 0.000000
1058 2.126779
1059 0.000000
1060 1.867021
1061 1.946307
1062 0.000000
1063 2.192391
1064 1.786162
1065 0.000000
1066 1.600448
1067 1.595181
1068 0.000000
1069 2.056039
1070 0.000000
1071 1.777811
1072 1.843282
1073 0.000000
1074 1.982681
1075 1.502549
1076 0.000000
1077 1.441118
1078 1.459589
1079 0.000000
1080 1.842126
1081 0.000000
1082 1.562124
1083 1.540506
1084 0.000000
1085 1.911818
1086 1.549610
1087 0.000000
1088 1.535441
1089 0.000000
1090 1.939719
1091 1.606972
1092 0.000000
1093 1.648360
1094 1.809440
1095 0.000000
1096 1.843150
1097 1.683621
1098 0.000000
1099 1.707421
1100 0.000000
1101 2.111984
1102 1.851298
1103 0.000000
1104 1.994784
1105 1.998259
1106 0.000000
1107 1.827754
1108 1.932954
1109 0.000000
1110 2.010284
1111 0.000000
1112 2.324803
1113 2.159449
1114 0.000000
1115 2.124761
1116 2.200557
1117 0.000000
1118 1.891573
1119 1.746977
1120 0.000000
1121 1.783355
1122 0.000000
1123 1.856808
1124 1.667884
1125 0.000000
1126 1.553193
1127 1.997794
1128 0.000000
1129 1.560082
1130 1.509630
1131 0.000000
1132 1.776452
1133 0.000000
1134 1.687573
1135 1.562695
1136 0.000000
1137 1.760276
1138 1.730657
1139 0.000000
1140 1.593200
1141 1.586620
1142 0.000000
1143 1.892434
1144 0.000000
1145 1.536838
1146 1.709501
1147 0.000000
1148 1.738766
1149 1.522636
1150 0.000000
1151 1.641212
1152 0.000000
1153 1.518921
1154 1.896317
1155 0.000000
1156 1.494063
1157 1.544151
1158 0.000000
1159 1.911686
1160 1.482476
1161 0.000000
1162 1.461728
1163 0.000000
1164 1.800292
1165 1.774991
1166 0.000000
1167 1.767031
1168 1.717146
1169 0.000000
1170 1.862914
1171 1.624141
1172 0.000000
1173 1.549793
1174 0.000000
1175 1.933450
1176 1.731108
1177 0.000000
1178 1.794355
1179 1.819536
1180 0.000000
1181 1.778906
1182 1.633059
1183 0.000000
1184 1.709091
1185 0.000000
1186 2.278059
1187 1.601897
1188 0.000000
1189 1.659812
1190 1.933846
1191 0.000000
1192 1.717111
1193 1.662318
1194 0.000000
1195 1.794875
1196 0.000000
1197 1.879749
1198 1.726505
1199 0.000000
1200 1.651356
1201 1.877389
1202 0.000000
1203 1.680045
1204 1.708189
1205 0.000000
1206 1.799302
1207 0.000000
1208 1.769597
1209 1.700720
1210 0.000000
1211 1.890714
1212 1.871793
1213 0.000000
1214 1.668655
1215 1.457253
1216 0.000000
1217 1.850456
1218 0.000000
1219 1.587919
1220 1.624761
1221 0.000000
1222 1.861711
1223 1.839400
1224 0.000000
1225 1.720341
1226 1.777910
1227 0.000000
1228 1.908963
1229 0.000000
1230 1.682090
1231 1.545965
1232 0.000000
1233 1.875404
1234 1.586633
1235 0.000000
1236 1.547125
1237 1.589452
1238 0.000000
1239 2.109595
1240 0.000000
1241 1.663063
1242 1.776406
1243 0.000000
1244 1.882756
1245 1.454142
1246 0.000000
1247 1.485232
1248 1.561183
1249 0.000000
1250 1.892779
1251 0.000000
1252 1.773541
1253 1.573689
1254 0.000000
1255 1.877937
1256 1.614911
1257 0.000000
1258 1.568121
1259 0.000000
1260 1.904539
1261 1.574180
1262 0.000000
1263 1.471178
1264 1.635328
1265 0.000000
1266 1.753189
1267 1.487773
1268 0.000000
1269 1.410559
1270 0.000000
1271 1.895691
1272 1.471360
1273 0.000000
1274 1.583423
1275 1.869469
1276 0.000000
1277 1.510983
1278 1.495059
1279 0.000000
1280 1.460972
1281 0.000000
1282 1.708016
1283 1.460030
1284 0.000000
1285 1.470292
1286 1.914024
1287 0.000000
1288 1.456859
1289 1.477491
1290 0.000000
1291 1.600784
1292 0.000000
1293 1.569938
1294 1.402370
1295 0.000000
1296 1.422471
1297 1.847100
1298 0.000000
1299 1.579653
1300 1.576160
1301 0.000000
1302 1.942431
1303 0.000000
1304 5.429446
1305 32.033386
1306 0.000000
1307 32.898833
1308 2.673181
1309 0.000000
1310 1.754221
1311 1.743938
1312 0.000000
1313 2.685217
1314 0.000000
1315 2.229637
1316 2.182187
1317 0.000000
1318 2.270359
1319 2.133001
1320 0.000000
1321 1.687333
1322 1.607756
1323 0.000000
1324 2.213228
1325 0.000000
1326 1.935551
1327 2.030716
1328 0.000000
1329 2.290376
1330 1.644688
1331 0.000000
1332 1.673207
1333 1.736285
1334 0.000000
1335 2.314623
1336 0.000000
1337 1.839432
1338 1.645464
1339 0.000000
1340 2.216335
1341 1.847609
1342 0.000000
1343 1.743467
1344 0.000000
1345 2.214287
1346 1.647049
1347 0.000000
1348 1.568958
1349 1.663326
1350 0.000000
1351 1.936149
1352 1.655318
1353 0.000000
1354 1.771243
1355 0.000000
1356 2.428056
1357 1.976495
1358 0.000000
1359 1.557901
1360 1.787418
1361 0.000000
1362 1.975830
1363 1.644121
1364 0.000000
1365 1.516397
1366 0.000000
1367 2.418431
1368 1.820794
1369 0.000000
1370 1.687212
1371 2.105485
1372 0.000000
1373 1.599983
1374 0.000000
1375 1.607210
1376 1.485825
1377 0.000000
1378 2.095244
1379 1.841323
1380 0.000000
1381 2.321816
1382 1.933669
1383 0.000000
1384 1.519326
1385 1.542083
1386 0.000000
1387 2.220559
1388 0.000000
1389 1.758133
1390 1.655377
1391 0.000000
1392 1.600573
1393 1.972082
1394 0.000000
1395 1.531117
1396 1.543435
1397 0.000000
1398 1.797228
1399 0.000000
1400 1.924636
1401 1.644007
1402 0.000000
1403 1.907436
1404 2.165471
1405 0.000000
1406 1.539406
1407 0.000000
1408 1.741247
1409 1.835859
1410 0.000000
1411 1.612978
1412 1.853973
1413 0.000000
1414 1.844619
1415 1.625436
1416 0.000000
1417 1.543591
1418 0.000000
1419 1.516477
1420 1.766482
1421 0.000000
1422 1.578763
1423 1.545645
1424 0.000000
1425 1.978316
1426 1.526902
1427 0.000000
1428 1.636939
1429 0.000000
1430 1.656484
1431 1.808979
1432 0.000000
1433 1.589799
1434 1.552735
1435 0.000000
1436 1.969819
1437 1.570784
1438 0.000000
1439 1.688741
1440 0.000000
1441 1.823664
1442 1.614539
1443 0.000000
1444 1.544011
1445 1.592499
1446 0.000000
1447 1.858328
1448 1.566774
1449 0.000000
1450 1.650268
1451 0.000000
1452 1.911718
1453 1.581353
1454 0.000000
1455 1.533481
1456 1.918531
1457 0.000000
1458 1.900739
1459 1.641787
1460 0.000000
1461 1.646344
1462 0.000000
1463 2.138316
1464 1.629010
1465 0.000000
1466 1.928185
1467 1.806497
1468 0.000000
1469 1.648563
1470 1.588797
1471 0.000000
1472 1.788941
1473 0.000000
1474 1.887308
1475 1.654587
1476 0.000000
1477 1.567678
1478 2.008970
1479 0.000000
1480 1.577405
1481 1.556055
1482 0.000000
1483 1.897316
1484 0.000000
1485 1.900444
1486 1.612374
1487 0.000000
1488 1.515195
1489 1.930079
1490 0.000000
1491 1.494320
1492 0.000000
1493 1.688606
1494 1.889624
1495 0.000000
1496 1.511940
1497 1.510374
1498 0.000000
1499 1.576340
1500 1.691995
1501 0.000000
1502 1.654753
1503 0.000000
1504 1.552285
1505 2.088208
1506 0.000000
1507 1.640949
1508 1.548119
1509 0.000000
1510 1.739257
1511 1.627823
1512 0.000000
1513 1.535553
1514 0.000000
1515 1.592787
1516 2.047379
1517 0.000000
1518 1.500364
1519 1.480431
1520 0.000000
1521 2.091643
1522 0.000000
1523 1.480932
1524 1.479829
1525 0.000000
1526 1.754431
1527 1.869978
1528 0.000000
1529 1.563771
1530 4.160505
1531 0.000000
1532 12.981039
1533 2.307308
1534 0.000000
1535 1.904728
1536 0.000000
1537 1.794224
1538 1.684019
1539 0.000000
1540 2.151835
1541 1.798429
1542 0.000000
1543 2.146099
1544 1.535388
1545 0.000000
1546 1.997319
1547 0.000000
1548 2.335484
1549 2.279907
1550 0.000000
1551 1.589537
1552 2.368866
1553 0.000000
1554 2.477528
1555 2.262500
1556 0.000000
1557 2.381707
1558 0.000000
1559 2.514804
1560 2.143881
1561 0.000000
1562 1.634972
1563 2.027815
1564 0.000000
1565 1.800302
1566 2.022895
1567 0.000000
1568 2.552630
1569 0.000000
1570 1.980578
1571 1.716099
1572 0.000000
1573 1.659783
1574 2.102498
1575 0.000000
1576 1.883791
1577 1.778196
1578 0.000000
1579 1.665760
1580 0.000000
1581 1.789429
1582 2.044805
1583 0.000000
1584 1.758248
1585 2.115318
1586 0.000000
1587 2.053361
1588 2.331044
1589 0.000000
1590 1.846971
1591 0.000000
1592 1.699042
1593 1.965906
1594 0.000000
1595 1.946951
1596 1.983048
1597 0.000000
1598 2.078423
1599 2.146493
1600 0.000000
1601 2.013962
1602 0.000000
1603 1.772935
1604 2.636048
1605 0.000000
1606 2.242787
1607 1.940006
1608 0.000000
1609 1.759650
1610 2.092218
1611 0.000000
1612 2.052752
1613 0.000000
1614 1.726790
1615 1.867849
1616 0.000000
1617 2.518153
1618 2.033003
1619 0.000000
1620 1.942941
1621 1.682161
1622 0.000000
1623 2.070980
1624 0.000000
1625 1.578939
1626 1.712072
1627 0.000000
1628 1.992359
1629 1.784522
1630 0.000000
1631 1.812763
1632 0.000000
1633 1.872010
1634 1.816491
1635 0.000000
1636 1.607735
1637 2.042121
1638 0.000000
1639 2.014097
1640 1.606408
1641 0.000000
1642 1.871738
1643 0.000000
1644 2.671306
1645 2.554441
1646 0.000000
1647 2.495788
1648 2.647035
1649 0.000000
1650 2.090011
1651 1.649633
1652 0.000000
1653 1.574554
1654 0.000000
1655 2.063901
1656 1.781873
1657 0.000000
1658 1.667457
1659 2.064453
1660 0.000000
1661 1.838719
1662 2.159677
1663 0.000000
1664 2.043584
1665 0.000000
1666 2.048765
1667 1.945186
1668 0.000000
1669 1.740659
1670 2.241587
1671 0.000000
1672 1.653829
1673 1.794076
1674 0.000000
1675 1.992211
1676 0.000000
1677 2.286959
1678 2.009730
1679 0.000000
1680 1.881601
1681 1.915611
1682 0.000000
1683 1.748153
1684 1.979401
1685 0.000000
1686 1.954779
1687 0.000000
1688 1.899974
1689 1.618104
1690 0.000000
1691 1.844592
1692 1.990600
1693 0.000000
1694 1.896458
1695 1.634968
1696 0.000000
1697 2.080978
1698 0.000000
1699 1.735913
1700 1.728207
1701 0.000000
1702 1.880753
1703 1.704933
1704 0.000000
1705 1.732897
1706 0.000000
1707 1.607904
1708 2.082400
1709 0.000000
1710 1.956775
1711 1.902014
1712 0.000000
1713 1.949855
1714 1.561165
1715 0.000000
1716 1.582303
1717 0.000000
1718 1.844324
1719 2.004500
1720 0.000000
1721 1.644246
1722 1.573615
1723 0.000000
1724 1.982928
1725 1.800293
1726 0.000000
1727 1.641611
1728 0.000000
1729 1.848208
1730 1.663293
1731 0.000000
1732 1.814129
1733 1.768426
1734 0.000000
1735 1.923372
1736 1.637706
1737 0.000000
1738 1.891780
1739 0.000000
1740 1.930526
1741 1.805118
1742 0.000000
1743 1.562888
1744 1.630386
1745 0.000000
1746 1.926018
1747 1.809632
1748 0.000000
1749 1.649132
1750 0.000000
1751 2.260473
1752 1.836802
1753 0.000000
1754 1.646757
1755 1.713563
1756 0.000000
1757 1.811384
1758 1.610925
1759 0.000000
1760 1.641553
1761 0.000000
1762 2.054242
1763 1.613539
1764 0.000000
1765 1.552358
1766 1.678759
1767 0.000000
1768 1.698269
1769 1.548462
1770 0.000000
1771 1.774615
1772 0.000000
1773 2.301784
1774 1.743154
1775 0.000000
1776 1.501777
1777 2.087137
1778 0.000000
1779 1.726377
1780 0.000000
1781 1.564911
1782 1.599754
1783 0.000000
1784 1.791121
1785 1.478102
1786 0.000000
1787 1.509188
1788 1.978131
1789 0.000000
1790 1.692577
1791 0.000000
1792 1.468354
1793 1.625681
1794 0.000000
1795 1.782870
1796 1.653235
1797 0.000000
1798 1.808235
1799 1.944373
1800 0.000000
1801 1.422023
1802 1.545008
1803 0.000000
1804 2.021848
1805 0.000000
1806 1.517402
1807 1.742149
1808 0.000000
1809 1.675749
1810 2.048085
1811 0.000000
1812 1.629311
1813 1.589658
1814 0.000000
1815 2.106388
1816 0.000000
1817 1.641284
1818 1.772896
1819 0.000000
1820 2.677869
1821 2.471786
1822 0.000000
1823 2.094459
1824 2.419827
1825 0.000000
1826 2.160149
1827 0.000000
1828 2.200797
1829 1.697262
1830 0.000000
1831 3.556582
1832 2.336689
1833 0.000000
1834 3.675911
1835 1.726053
1836 0.000000
1837 6.097643
1838 0.000000
1839 2.233681
1840 6.104303
1841 0.000000
1842 2.862191
1843 3.703626
1844 0.000000
1845 2.230740
1846 0.000000
1847 2.113522
1848 2.819893
1849 0.000000
1850 1.868560
1851 2.226239
1852 0.000000
1853 2.423234
1854 1.675864
1855 0.000000
1856 1.534418
1857 0.000000
1858 2.299452
1859 2.119222
1860 0.000000
1861 2.336255
1862 1.785417
1863 0.000000
1864 1.786892
1865 1.569675
1866 0.000000
1867 1.899309
1868 0.000000
1869 2.181341
1870 1.589050
1871 0.000000
1872 2.136787
1873 2.110659
1874 2.392660
1875 0.000000
1876 1.492501
1877 0.000000
1878 1.771672
1879 1.987289
1880 0.000000
1881 1.940018
1882 1.667184
1883 0.000000
1884 2.091184
1885 0.000000
1886 1.937351
1887 2.100494
1888 0.000000
1889 1.667151
1890 2.333038
1891 0.000000
1892 1.707290
1893 2.010439
1894 0.000000
1895 1.974357
1896 0.000000
1897 1.625872
1898 1.609680
1899 0.000000
1900 1.669874
1901 1.992011
1902 0.000000
1903 1.810402
1904 0.000000
1905 1.904399
1906 2.057984
1907 0.000000
1908 1.497706
1909 1.778712
1910 0.000000
1911 1.539199
1912 1.932001
1913 0.000000
1914 1.613412
1915 0.000000
1916 1.731616
1917 1.997776
1918 0.000000
1919 1.582528
1920 1.584891
1921 0.000000
1922 1.703517
1923 1.944739
1924 0.000000
1925 1.745406
1926 0.000000
1927 1.772407
1928 1.982350
1929 0.000000
1930 1.757037
1931 1.754571
1932 0.000000
1933 2.146607
1934 0.000000
1935 2.328535
1936 1.635889
1937 0.000000
1938 1.690289
1939 1.710060
1940 0.000000
1941 1.446667
1942 1.660753
1943 0.000000
1944 1.925438
1945 0.000000
1946 2.259300
1947 1.737331
1948 0.000000
1949 1.760920
1950 2.034517
1951 0.000000
1952 1.677584
1953 1.570432
1954 0.000000
1955 2.235515
1956 0.000000
1957 1.934102
1958 1.565116
1959 0.000000
1960 1.881433
1961 1.697219
1962 0.000000
1963 4.563246
1964 30.429114
1965 0.000000
1966 25.568262
1967 0.000000
1968 4.362425
1969 4.500741
1970 0.000000
1971 5.205729
1972 4.442925
1973 0.000000
1974 3.378807
1975 3.813991
1976 0.000000
1977 4.708827
1978 0.000000
1979 5.000863
1980 5.858018
1981 0.000000
1982 2.872838
1983 2.970095
1984 0.000000
1985 2.880360
1986 0.000000
1987 3.477550
1988 3.392519
1989 0.000000
1990 2.738420
1991 2.363934
1992 0.000000
1993 2.920917
1994 2.587148
1995 0.000000
1996 2.227331
1997 0.000000
1998 2.365014
1999 2.648133
2000 0.000000
2001 2.454207
2002 2.229293
2003 0.000000
2004 2.494678
2005 2.463086
2006 0.000000
2007 2.805490
2008 0.000000
2009 4.120133
2010 3.796251
2011 0.000000
2012 4.195910
2013 2.966339
2014 0.000000
2015 3.437337
2016 3.980106
2017 0.000000
2018 3.978534
2019 0.000000
2020 3.427988
2021 2.456310
2022 0.000000
2023 3.404605
2024 2.473635
2025 0.000000
2026 2.348561
2027 1.973351
2028 0.000000
2029 2.152897
2030 0.000000
2031 2.599437
2032 2.529452
2033 0.000000
2034 2.754793
2035 3.224842
2036 0.000000
2037 3.420272
2038 3.560721
2039 0.000000
2040 4.659678
2041 0.000000
2042 4.704271
2043 4.585503
2044 0.000000
2045 4.413281
2046 3.968883
2047 0.000000
2048 4.612353
2049 5.299898
2050 0.000000
2051 5.434006
2052 0.000000
2053 5.535920
2054 4.154317
2055 0.000000
2056 4.233188
2057 3.807693
2058 0.000000
2059 2.965698
2060 2.974850
2061 0.000000
2062 3.025272
2063 0.000000
2064 3.414507
2065 3.400793
2066 0.000000
2067 4.015302
2068 3.304993
2069 0.000000
2070 2.577209
2071 1.727829
2072 0.000000
2073 3.202535
2074 0.000000
2075 2.725661
2076 2.705569
2077 0.000000
2078 3.645272
2079 2.559890
2080 0.000000
2081 2.242265
2082 2.932304
2083 0.000000
2084 3.439537
2085 0.000000
2086 3.216869
2087 3.204989
2088 0.000000
2089 3.952089
2090 3.272395
2091 0.000000
2092 3.579873
2093 3.794846
2094 0.000000
2095 3.638399
2096 0.000000
2097 2.957141
2098 3.340070
2099 0.000000
2100 4.473795
2101 3.799147
2102 0.000000
2103 3.926251
2104 2.734929
2105 0.000000
2106 2.144161
2107 0.000000
2108 1.984350
2109 2.559599
2110 0.000000
2111 2.065217
2112 1.760281
2113 0.000000
2114 2.010999
2115 2.018331
2116 0.000000
2117 2.458880
2118 0.000000
2119 2.091679
2120 2.243096
2121 0.000000
2122 2.360263
2123 2.231341
2124 0.000000
2125 2.104768
2126 0.000000
2127 3.019474
2128 2.472550
2129 0.000000
2130 2.018185
2131 2.693984
2132 0.000000
2133 2.802751
2134 2.253925
2135 0.000000
2136 1.830186
2137 0.000000
2138 2.094449
2139 2.036418
2140 0.000000
2141 1.797102
2142 1.949245
2143 0.000000
2144 1.939439
2145 1.935908
2146 0.000000
2147 2.083507
2148 0.000000
2149 2.540050
2150 1.801372
2151 0.000000
2152 1.817123
2153 1.996060
2154 0.000000
2155 1.639801
2156 1.889826
2157 0.000000
2158 2.152616
2159 0.000000
2160 2.794803
2161 2.774217
2162 0.000000
2163 2.405078
2164 2.846861
2165 0.000000
2166 2.343723
2167 2.002050
2168 0.000000
2169 1.720321
2170 0.000000
2171 2.297784
2172 1.804306
2173 0.000000
2174 1.775815
2175 2.170578
2176 0.000000
2177 1.978866
2178 2.187575
2179 0.000000
2180 1.941771
2181 0.000000
2182 2.060781
2183 1.904540
2184 0.000000
2185 1.750561
2186 1.883828
2187 0.000000
2188 1.463843
2189 1.613486
2190 0.000000
2191 2.390118
2192 0.000000
2193 1.506965
2194 1.987983
2195 0.000000
2196 1.796230
2197 1.776801
2198 0.000000
2199 1.484178
2200 1.704333
2201 0.000000
2202 2.266968
2203 0.000000
2204 1.772646
2205 1.827209
2206 0.000000
2207 2.624551
2208 2.307454
2209 0.000000
2210 1.574355
2211 2.065121
2212 0.000000
2213 1.916170
2214 0.000000
2215 1.986530
2216 1.781039
2217 0.000000
2218 1.805229
2219 1.581549
2220 0.000000
2221 1.483161
2222 1.787978
2223 0.000000
2224 2.159413
2225 0.000000
2226 1.594030
2227 1.490342
2228 0.000000
2229 2.241635
2230 1.728273
2231 0.000000
2232 1.658742
2233 1.394830
2234 0.000000
2235 1.994767
2236 0.000000
2237 1.894480
2238 1.797556
2239 0.000000
2240 2.290022
2241 2.073423
2242 0.000000
2243 2.881003
2244 3.387592
2245 0.000000
2246 4.478831
2247 0.000000
2248 3.458120
2249 2.756538
2250 0.000000
2251 2.944465
2252 2.589276
2253 0.000000
2254 2.414103
2255 2.188332
2256 0.000000
2257 3.413825
2258 0.000000
2259 2.968627
2260 2.517471
2261 0.000000
2262 2.395141
2263 3.385044
2264 0.000000
2265 2.951641
2266 3.842067
2267 0.000000
2268 2.944135
2269 0.000000
2270 3.679324
2271 2.861258
2272 0.000000
2273 3.447513
2274 3.544905
2275 0.000000
2276 2.377416
2277 0.000000
2278 3.679520
2279 3.583114
2280 0.000000
2281 3.401512
2282 3.431531
2283 0.000000
2284 2.906642
2285 2.486332
2286 0.000000
2287 2.755967
2288 0.000000
2289 2.854232
2290 2.057739
2291 0.000000
2292 1.831906
2293 1.970055
2294 0.000000
2295 1.900001
2296 2.165749
2297 0.000000
2298 1.890365
2299 0.000000
2300 2.330404
2301 1.960434
2302 0.000000
2303 2.177519
2304 1.959560
2305 0.000000
2306 2.067391
2307 1.994335
2308 0.000000
2309 1.852220
2310 0.000000
2311 2.288952
2312 2.195044
2313 0.000000
2314 1.956480
2315 2.349232
2316 0.000000
2317 2.398654
2318 1.953284
2319 0.000000
2320 2.047844
2321 0.000000
2322 2.226027
2323 2.195987
2324 0.000000
2325 2.092381
2326 2.534598
2327 0.000000
2328 2.143042
2329 2.219032
2330 0.000000
2331 2.474207
2332 0.000000
2333 2.323472
2334 2.418076
2335 0.000000
2336 1.929105
2337 2.464463
2338 0.000000
2339 2.335579
2340 2.201476
2341 0.000000
2342 2.166316
2343 0.000000
2344 1.962525
2345 2.204566
2346 0.000000
2347 1.964537
2348 2.561793
2349 0.000000
2350 2.900313
2351 2.347127
2352 0.000000
2353 2.749698
2354 0.000000
2355 2.046053
2356 2.073941
2357 0.000000
2358 2.121552
2359 1.795854
2360 0.000000
2361 1.716331
2362 1.751383
2363 0.000000
2364 2.232290
2365 0.000000
2366 1.935335
2367 1.903993
2368 0.000000
2369 2.162829
2370 1.888321
2371 0.000000
2372 1.906714
2373 1.826346
2374 0.000000
2375 2.149416
2376 0.000000
2377 1.707997
2378 1.917935
2379 0.000000
2380 2.386046
2381 1.585638
2382 0.000000
2383 1.606912
2384 1.795793
2385 0.000000
2386 2.224666
2387 0.000000
2388 2.265805
2389 2.138804
2390 0.000000
2391 2.397432
2392 2.094635
2393 0.000000
2394 3.000015
2395 30.700156
2396 0.000000
2397 36.510664
2398 0.000000
2399 2.564492
2400 2.897918
2401 0.000000
2402 2.335987
2403 1.935658
2404 0.000000
2405 1.657918
2406 2.370985
2407 0.000000
2408 2.048268
2409 0.000000
2410 1.816689
2411 2.145342
2412 0.000000
2413 2.144478
2414 1.686110
2415 0.000000
2416 1.584991
2417 0.000000
2418 1.608085
2419 1.679117
2420 0.000000
2421 1.472667
2422 1.529823
2423 0.000000
2424 1.504519
2425 1.445492
2426 0.000000
2427 1.696610
2428 0.000000
2429 1.634190
2430 1.523169
2431 0.000000
2432 1.808759
2433 1.464822
2434 0.000000
2435 1.587735
2436 1.545742
2437 0.000000
2438 1.460596
2439 0.000000
2440 1.719393
2441 1.688111
2442 0.000000
2443 1.526127
2444 1.506510
2445 0.000000
2446 1.510524
2447 1.776851
2448 0.000000
2449 1.652114
2450 0.000000
2451 1.998623
2452 1.751402
2453 0.000000
2454 1.427481
2455 1.612595
2456 0.000000
2457 1.419353
2458 1.507103
2459 0.000000
2460 1.533730
2461 0.000000
2462 2.511009
2463 3.171704
2464 0.000000
2465 2.780379
2466 2.033561
2467 0.000000
2468 2.410366
2469 1.992822
2470 0.000000
2471 2.805623
2472 0.000000
2473 2.234978
2474 2.524267
2475 0.000000
2476 1.945453
2477 2.319417
2478 0.000000
2479 2.640206
2480 2.207832
2481 0.000000
2482 3.711905
2483 0.000000
2484 2.510574
2485 2.538597
2486 0.000000
2487 2.898076
2488 2.506550
2489 0.000000
2490 2.982491
2491 2.814159
2492 0.000000
2493 3.030070
2494 0.000000
2495 2.900761
2496 3.397917
2497 0.000000
2498 2.768200
2499 2.402913
2500 0.000000
2501 2.300129
2502 4.150055
2503 0.000000
2504 3.212794
2505 0.000000
2506 3.074125
2507 2.532225
2508 0.000000
2509 3.686413
2510 2.834416
2511 0.000000
2512 2.132004
2513 2.234220
2514 0.000000
2515 2.871118
2516 0.000000
2517 3.049139
2518 2.451518
2519 0.000000
2520 3.263840
2521 2.617646
2522 0.000000
2523 2.085692
2524 2.153536
2525 0.000000
2526 3.301175
2527 0.000000
2528 2.399182
2529 2.434178
2530 0.000000
2531 3.617609
2532 2.990929
2533 0.000000
2534 2.666505
2535 2.567602
2536 0.000000
2537 3.030552
2538 0.000000
2539 2.356006
2540 2.273327
2541 0.000000
2542 3.340595
2543 2.719026
2544 0.000000
2545 2.412058
2546 2.571002
2547 0.000000
2548 3.792941
2549 0.000000
2550 3.683711
2551 3.154987
2552 0.000000
2553 4.329655
2554 3.420495
2555 0.000000
2556 3.926416
2557 3.559381
2558 0.000000
2559 4.268744
2560 0.000000
2561 3.236505
2562 4.015016
2563 0.000000
2564 3.513096
2565 3.412532
2566 0.000000
2567 3.187953
2568 3.299283
2569 0.000000
2570 3.977618
2571 0.000000
2572 3.483099
2573 3.191685
2574 0.000000
2575 5.556442
2576 3.102103
2577 0.000000
2578 3.308511
2579 2.982111
2580 0.000000
2581 3.090991
2582 0.000000
2583 2.748527
2584 3.313009
2585 0.000000
2586 2.938660
2587 2.663192
2588 0.000000
2589 3.555064
2590 3.090115
2591 0.000000
2592 2.975362
2593 0.000000
2594 3.615609
2595 3.093862
2596 0.000000
2597 3.086245
2598 4.703714
2599 0.000000
2600 3.088565
2601 3.839333
2602 0.000000
2603 2.864727
2604 0.000000
2605 2.928200
2606 2.983615
2607 0.000000
2608 3.040619
2609 2.592796
2610 0.000000
2611 2.627040
2612 3.333194
2613 0.000000
2614 2.748529
2615 0.000000
2616 2.675803
2617 4.007346
2618 0.000000
2619 2.609152
2620 2.480906
2621 0.000000
2622 2.485278
2623 3.113841
2624 0.000000
2625 3.040724
2626 0.000000
2627 3.310367
2628 5.090789
2629 0.000000
2630 4.294638
2631 3.415547
2632 0.000000
2633 3.621325
2634 3.164095
2635 0.000000
2636 4.428504
2637 0.000000
2638 3.915129
2639 4.359794
2640 0.000000
2641 3.470087
2642 3.614127
2643 0.000000
2644 4.079609
2645 0.000000
2646 4.075195
2647 3.609156
2648 0.000000
2649 4.411743
2650 4.208585
2651 0.000000
2652 4.502557
2653 4.289608
2654 0.000000
2655 4.866609
2656 0.000000
2657 4.738790
2658 5.072207
2659 0.000000
2660 5.504843
2661 5.500840
2662 0.000000
2663 4.158487
2664 3.813219
2665 0.000000
2666 4.648184
2667 0.000000
2668 3.796130
2669 3.739915
2670 0.000000
2671 4.267162
2672 3.603722
2673 0.000000
2674 3.804222
2675 2.467527
2676 0.000000
2677 3.373785
2678 0.000000
2679 2.730415
2680 3.767591
2681 0.000000
2682 3.978652
2683 3.742488
2684 0.000000
2685 3.466098
2686 3.542458
2687 0.000000
2688 4.005749
2689 0.000000
2690 3.545349
2691 2.889151
2692 0.000000
2693 3.468014
2694 2.449346
2695 0.000000
2696 3.571591
2697 4.098317
2698 0.000000
2699 4.208846
2700 0.000000
2701 2.535049
2702 3.033102
2703 0.000000
2704 3.097084
2705 2.257449
2706 0.000000
2707 2.301497
2708 2.897108
2709 0.000000
2710 2.463443
2711 0.000000
2712 2.618246
2713 3.010233
2714 0.000000
2715 3.686045
2716 3.058461
2717 0.000000
2718 3.130860
2719 2.766795
2720 0.000000
2721 2.891726
2722 0.000000
2723 3.429534
2724 2.734668
2725 0.000000
2726 3.640261
2727 2.897111
2728 0.000000
2729 2.565549
2730 0.000000
2731 2.883911
2732 2.647057
2733 0.000000
2734 2.242723
2735 2.844491
2736 0.000000
2737 2.466452
2738 3.319921
2739 0.000000
2740 2.421472
2741 0.000000
2742 2.926702
2743 2.422550
2744 0.000000
2745 3.526826
2746 3.262981
2747 0.000000
2748 2.888675
2749 3.350014
2750 0.000000
2751 2.670007
2752 0.000000
2753 3.558069
2754 2.564660
2755 0.000000
2756 2.531360
2757 3.799389
2758 0.000000
2759 24.271616
2760 4.247917
2761 0.000000
2762 3.361604
2763 0.000000
2764 4.835259
2765 4.884435
2766 0.000000
2767 2.811235
2768 3.552274
2769 0.000000
2770 2.266729
2771 2.214709
2772 0.000000
2773 2.551718
2774 0.000000
2775 2.818723
2776 2.115036
2777 0.000000
2778 3.035254
2779 2.772940
2780 0.000000
2781 2.365950
2782 2.371722
2783 0.000000
2784 3.188415
2785 0.000000
2786 2.856440
2787 2.542258
2788 0.000000
2789 2.878749
2790 2.621972
2791 0.000000
2792 2.563898
2793 2.577486
2794 0.000000
2795 2.707045
2796 0.000000
2797 2.215842
2798 2.336824
2799 0.000000
2800 2.715075
2801 2.180444
2802 0.000000
2803 2.096206
2804 2.041327
2805 0.000000
2806 2.677908
2807 0.000000
2808 2.414147
2809 2.112581
2810 0.000000
2811 2.152389
2812 3.274314
2813 0.000000
2814 2.292333
2815 3.097780
2816 0.000000
2817 2.937110
2818 0.000000
2819 3.141923
2820 2.841177
2821 0.000000
2822 3.441427
2823 3.028331
2824 0.000000
2825 3.171267
2826 2.242626
2827 0.000000
2828 3.273058
2829 0.000000
2830 2.592580
2831 2.647802
2832 0.000000
2833 3.883849
2834 2.331991
2835 0.000000
2836 2.504238
2837 2.765125
2838 0.000000
2839 3.321999
2840 0.000000
2841 2.964926
2842 3.093104
2843 0.000000
2844 2.939532
2845 2.904894
2846 0.000000
2847 2.615232
2848 0.000000
2849 2.918047
2850 2.503472
2851 0.000000
2852 2.290735
2853 2.853609
2854 0.000000
2855 2.590833
2856 2.570278
2857 0.000000
2858 2.830961
2859 0.000000
2860 3.109396
2861 2.571167
2862 0.000000
2863 2.434586
2864 2.194100
2865 0.000000
2866 2.718613
2867 2.691834
2868 0.000000
2869 2.957075
2870 0.000000
2871 2.960627
2872 2.384570
2873 0.000000
2874 2.480217
2875 2.484550
2876 0.000000
2877 2.181475
2878 2.119792
2879 0.000000
2880 2.328214
2881 0.000000
2882 2.545391
2883 2.013017
2884 0.000000
2885 2.532880
2886 2.433402
2887 0.000000
2888 2.532490
2889 2.086613
2890 0.000000
2891 2.215614
2892 0.000000
2893 2.635407
2894 1.929077
2895 0.000000
2896 2.033604
2897 2.728094
2898 0.000000
2899 2.240481
2900 2.207563
2901 0.000000
2902 2.199112
2903 0.000000
2904 2.382203
2905 2.363686
2906 0.000000
2907 2.113861
2908 2.660540
2909 0.000000
2910 2.577996
2911 2.075177
2912 0.000000
2913 2.250719
2914 0.000000
2915 2.369934
2916 2.333394
2917 0.000000
2918 2.580171
2919 2.660484
2920 0.000000
2921 2.354803
2922 2.323461
2923 0.000000
2924 2.523126
2925 0.000000
2926 2.367525
2927 2.258631
2928 0.000000
2929 2.427575
2930 2.301756
2931 0.000000
2932 2.037719
2933 2.078769
2934 0.000000
2935 2.672281
2936 0.000000
2937 2.263808
2938 2.503215
2939 0.000000
2940 2.186653
2941 2.174514
2942 0.000000
2943 1.999112
2944 2.250337
2945 0.000000
2946 2.680793
2947 0.000000
2948 2.473257
2949 2.029718
2950 0.000000
2951 2.488066
2952 2.296940
2953 0.000000
2954 2.087777
2955 2.290134
2956 0.000000
2957 2.428038
2958 0.000000
2959 2.679243
2960 2.113865
2961 0.000000
2962 2.941524
2963 1.966729
2964 0.000000
2965 1.991564
2966 2.060790
2967 0.000000
2968 2.551546
2969 0.000000
2970 2.214821
2971 1.987804
2972 0.000000
2973 2.569182
2974 2.242537
2975 0.000000
2976 2.177399
2977 2.045626
2978 0.000000
2979 2.456288
2980 0.000000
2981 2.040555
2982 2.057068
2983 0.000000
2984 2.670266
2985 2.371289
2986 0.000000
2987 2.535878
2988 0.000000
2989 2.677855
2990 2.091214
2991 0.000000
2992 2.288473
2993 2.626219
2994 0.000000
2995 2.679215
2996 1.967494
2997 0.000000
2998 2.119836
2999 0.000000
3000 2.689832
3001 2.219379
3002 0.000000
3003 2.136014
3004 2.172771
3005 0.000000
3006 2.312310
3007 2.008194
3008 0.000000
3009 1.973164
3010 0.000000
3011 2.775409
3012 2.081857
3013 0.000000
3014 2.656809
3015 2.382287
3016 0.000000
3017 2.995921
3018 2.201833
3019 0.000000
3020 2.061866
3021 0.000000
3022 3.033736
3023 2.983245
3024 0.000000
3025 2.275771
3026 2.891683
3027 0.000000
3028 1.972235
3029 2.008058
3030 0.000000
3031 2.042450
3032 0.000000
3033 3.300350
3034 2.058342
3035 0.000000
3036 2.075298
3037 2.515088
3038 0.000000
3039 2.417723
3040 1.901299
3041 0.000000
3042 2.439778
3043 0.000000
3044 2.766264
3045 2.350195
3046 0.000000
3047 2.527240
3048 2.498735
3049 0.000000
3050 2.853888
3051 2.736206
3052 0.000000
3053 2.915248
3054 0.000000
3055 2.363090
3056 2.471405
3057 0.000000
3058 2.439784
3059 2.317035
3060 0.000000
3061 2.099911
3062 2.498344
3063 0.000000
3064 2.346398
3065 0.000000
3066 2.408533
3067 2.770714
3068 0.000000
3069 2.354233
3070 2.461493
3071 0.000000
3072 2.166220
3073 2.428661
3074 0.000000
3075 2.702327
3076 0.000000
3077 2.301691
3078 1.983094
3079 0.000000
3080 2.319720
3081 2.095911
3082 0.000000
3083 2.188457
3084 2.489719
3085 0.000000
3086 2.875007
3087 0.000000
3088 2.555466
3089 1.943522
3090 0.000000
3091 2.507237
3092 2.072621
3093 0.000000
3094 2.072931
3095 2.683645
3096 0.000000
3097 2.625319
3098 0.000000
3099 2.574205
3100 2.557475
3101 0.000000
3102 2.353781
3103 1.980512
3104 0.000000
3105 2.202151
3106 2.036042
3107 0.000000
3108 3.084148
3109 0.000000
3110 4.844694
3111 37.906464
3112 0.000000
3113 12.174174
3114 3.026447
3115 0.000000
3116 3.220388
3117 5.784178
3118 0.000000
3119 5.617755
3120 0.000000
3121 3.736578
3122 3.145830
3123 0.000000
3124 3.808578
3125 4.648877
3126 0.000000
3127 5.492287
3128 6.389753
3129 0.000000
3130 7.088410
3131 0.000000
3132 4.811883
3133 5.482966
3134 0.000000
3135 4.768986
3136 3.895298
3137 0.000000
3138 4.683963
3139 0.000000
3140 4.186089
3141 6.075058
3142 0.000000
3143 2.991145
3144 3.548293
3145 0.000000
3146 4.329019
3147 3.511772
3148 0.000000
3149 4.270803
3150 0.000000
3151 4.526789
3152 4.860177
3153 0.000000
3154 5.489815
3155 6.492505
3156 0.000000
3157 5.442231
3158 4.559725
3159 0.000000
3160 4.327199
3161 0.000000
3162 4.774773
3163 4.558262
3164 0.000000
3165 4.010892
3166 4.919846
3167 0.000000
3168 5.210361
3169 5.272997
3170 0.000000
3171 4.963061
3172 0.000000
3173 4.523009
3174 4.296284
3175 0.000000
3176 4.622950
3177 4.902866
3178 0.000000
3179 4.350523
3180 2.934429
3181 0.000000
3182 3.059140
3183 0.000000
3184 3.106458
3185 4.344441
3186 0.000000
3187 4.104603
3188 4.732077
3189 0.000000
3190 6.267893
3191 4.497226
3192 0.000000
3193 4.186676
3194 0.000000
3195 4.326342
3196 5.837443
3197 0.000000
3198 6.530913
3199 6.309796
3200 0.000000
3201 4.685099
3202 6.311939
3203 0.000000
3204 3.158140
3205 0.000000
3206 3.801081
3207 4.228200
3208 0.000000
3209 4.929662
3210 4.417256
3211 0.000000
3212 4.054731
3213 4.276102
3214 0.000000
3215 4.365400
3216 0.000000
3217 3.748956
3218 3.514778
3219 0.000000
3220 4.745423
3221 4.352676
3222 0.000000
3223 4.272656
3224 4.394505
3225 0.000000
3226 3.642069
3227 0.000000
3228 3.926175
3229 3.972249
3230 0.000000
3231 3.587633
3232 3.406404
3233 0.000000
3234 3.248356
3235 3.870625
3236 0.000000
3237 3.680973
3238 0.000000
3239 3.665277
3240 4.185635
3241 0.000000
3242 4.884754
3243 4.659620
3244 0.000000
3245 2.748898
3246 2.868814
3247 0.000000
3248 3.329936
3249 0.000000
3250 3.766652
3251 2.953946
3252 0.000000
3253 3.468379
3254 2.942882
3255 0.000000
3256 2.989993
3257 2.547318
3258 0.000000
3259 3.537511
3260 0.000000
3261 2.591305
3262 2.362653
3263 0.000000
3264 2.928700
3265 2.040347
3266 0.000000
3267 2.199360
3268 2.296657
3269 0.000000
3270 2.419230
3271 0.000000
3272 2.868935
3273 2.680448
3274 0.000000
3275 2.886517
3276 2.667462
3277 0.000000
3278 2.701400
3279 0.000000
3280 3.342888
3281 2.387056
3282 0.000000
3283 1.869050
3284 2.331349
3285 0.000000
3286 1.880445
3287 1.925277
3288 0.000000
3289 1.834547
3290 0.000000
3291 2.342783
3292 2.298902
3293 0.000000
3294 1.903414
3295 2.287735
3296 0.000000
3297 2.170876
3298 1.945337
3299 0.000000
3300 1.774381
3301 0.000000
3302 2.107297
3303 1.716212
3304 0.000000
3305 2.009041
3306 2.316962
3307 0.000000
3308 1.823479
3309 1.669660
3310 0.000000
3311 1.733729
3312 0.000000
3313 2.475510
3314 2.090474
3315 0.000000
3316 1.638628
3317 2.067893
3318 0.000000
3319 1.929664
3320 1.982271
3321 0.000000
3322 2.195372
3323 0.000000
3324 2.124983
3325 1.837155
3326 0.000000
3327 1.871461
3328 2.206697
3329 0.000000
3330 2.142993
3331 1.956055
3332 0.000000
3333 2.168340
3334 0.000000
3335 1.910797
3336 2.096096
3337 0.000000
3338 2.230594
3339 2.128286
3340 0.000000
3341 1.955839
3342 2.145193
3343 0.000000
3344 2.801233
3345 0.000000
3346 2.634416
3347 2.596366
3348 0.000000
3349 3.001876
3350 2.514836
3351 0.000000
3352 2.470141
3353 2.154921
3354 0.000000
3355 2.603895
3356 0.000000
3357 2.061982
3358 2.682173
3359 0.000000
3360 2.632400
3361 2.761112
3362 0.000000
3363 2.664240
3364 2.386386
3365 0.000000
3366 2.868643
3367 0.000000
3368 2.198807
3369 2.486533
3370 0.000000
3371 2.425639
3372 2.174648
3373 0.000000
3374 2.051863
3375 1.937335
3376 0.000000
3377 2.018621
3378 0.000000
3379 1.726587
3380 1.823297
3381 0.000000
3382 2.257377
3383 1.670340
3384 0.000000
3385 1.753731
3386 1.738064
3387 0.000000
3388 2.172525
3389 0.000000
3390 2.095182
3391 2.056145
3392 0.000000
3393 2.480762
3394 2.308242
3395 0.000000
3396 2.660579
3397 0.000000
3398 2.605833
3399 2.353164
3400 0.000000
3401 2.206749
3402 2.436396
3403 0.000000
3404 2.391067
3405 2.033211
3406 0.000000
3407 2.057900
3408 0.000000
3409 2.359124
3410 2.150857
3411 0.000000
3412 2.095187
3413 2.360178
3414 0.000000
3415 2.787435
3416 3.081550
3417 0.000000
3418 2.483634
3419 0.000000
3420 2.856957
3421 2.478098
3422 0.000000
3423 2.301108
3424 2.375522
3425 0.000000
3426 2.069440
3427 1.971990
3428 0.000000
3429 2.181943
3430 0.000000
3431 2.502556
3432 2.100367
3433 0.000000
3434 2.211069
3435 2.470059
3436 0.000000
3437 1.764381
3438 1.685942
3439 0.000000
3440 1.688772
3441 0.000000
3442 1.955297
3443 1.865206
3444 0.000000
3445 1.878747
3446 2.436211
3447 0.000000
3448 2.004217
3449 1.847541
3450 0.000000
3451 1.903061
3452 0.000000
3453 2.068627
3454 2.489885
3455 0.000000
3456 2.434582
3457 2.852685
3458 0.000000
3459 2.380068
3460 2.416870
3461 0.000000
3462 2.711035
3463 0.000000
3464 2.948519
3465 3.304510
3466 0.000000
3467 3.085828
3468 2.581150
3469 0.000000
3470 2.139218
3471 2.398005
3472 0.000000
3473 2.783967
3474 0.000000
3475 2.681988
3476 2.603822
3477 0.000000
3478 2.534118
3479 2.731842
3480 0.000000
3481 2.199615
3482 2.800246
3483 0.000000
3484 2.661616
3485 0.000000
3486 2.100760
3487 2.314727
3488 0.000000
3489 2.291784
3490 1.966073
3491 0.000000
3492 1.904418
3493 1.799184
3494 0.000000
3495 2.184003
3496 0.000000
3497 1.871503
3498 1.918319
3499 0.000000
3500 2.080496
3501 1.946801
3502 0.000000
3503 1.860206
3504 1.719023
3505 0.000000
3506 2.151478
3507 0.000000
3508 1.566248
3509 1.735302
3510 0.000000
3511 1.711181
3512 1.574233
3513 0.000000
3514 1.603036
3515 1.984737
3516 0.000000
3517 2.193861
3518 0.000000
3519 1.959007
3520 1.769712
3521 0.000000
3522 2.166518
3523 1.879372
3524 0.000000
3525 2.293877
3526 2.088500
3527 0.000000
3528 2.686287
3529 0.000000
3530 2.516065
3531 2.242801
3532 0.000000
3533 2.158594
3534 1.839725
3535 0.000000
3536 1.849730
3537 0.000000
3538 2.184280
3539 1.872855
3540 0.000000
3541 1.873131
3542 2.039575
3543 0.000000
3544 2.211567
3545 2.143815
3546 0.000000
3547 2.290805
3548 0.000000
3549 2.618402
3550 2.726805
3551 0.000000
3552 2.646784
3553 2.649099
3554 0.000000
3555 2.363435
3556 2.210000
3557 0.000000
3558 1.943214
3559 0.000000
3560 2.179769
3561 1.814559
3562 0.000000
3563 1.836478
3564 1.757208
3565 0.000000
3566 1.749389
3567 2.038455
3568 0.000000
3569 1.813917
3570 0.000000
3571 2.591452
3572 1.982763
3573 0.000000
3574 2.010652
3575 2.364944
3576 0.000000
3577 2.143150
3578 2.172460
3579 0.000000
3580 2.189982
3581 0.000000
3582 2.586495
3583 2.406184
3584 0.000000
3585 2.505303
3586 2.448223
3587 0.000000
3588 2.050228
3589 1.914764
3590 0.000000
3591 2.130504
3592 0.000000
3593 2.058674
3594 2.485720
3595 0.000000
3596 12.499644
3597 3.845231
3598 0.000000
3599 3.243339
3600 2.042059
3601 0.000000
3602 3.595799
3603 0.000000
3604 2.424654
3605 2.106339
3606 0.000000
3607 2.041583
3608 2.141093
3609 0.000000
3610 2.065799
3611 2.238416
3612 0.000000
3613 2.154504
3614 0.000000
3615 2.548019
3616 2.848654
3617 0.000000
3618 2.090611
3619 3.172899
3620 0.000000
3621 2.561287
3622 1.868881
3623 0.000000
3624 2.609075
3625 0.000000
3626 1.877011
3627 3.037852
3628 0.000000
3629 2.179248
3630 2.131074
3631 0.000000
3632 2.143933
3633 1.658923
3634 0.000000
3635 2.449019
3636 0.000000
3637 1.816360
3638 1.705685
3639 0.000000
3640 1.977942
3641 2.167908
3642 0.000000
3643 2.472917
3644 2.282476
3645 0.000000
3646 2.288852
3647 0.000000
3648 2.570252
3649 2.018631
3650 0.000000
3651 2.367666
3652 1.795242
3653 0.000000
3654 1.928895
3655 2.404550
3656 0.000000
3657 2.560564
3658 0.000000
3659 2.128748
3660 1.829440
3661 0.000000
3662 2.133423
3663 2.260520
3664 0.000000
3665 1.705531
3666 1.811719
3667 0.000000
3668 2.208050
3669 0.000000
3670 1.938425
3671 2.656826
3672 0.000000
3673 2.502568
3674 1.708911
3675 0.000000
3676 1.885848
3677 0.000000
3678 1.972565
3679 1.909176
3680 0.000000
3681 2.340643
3682 1.925836
3683 0.000000
3684 2.624984
3685 2.069419
3686 0.000000
3687 2.149901
3688 0.000000
3689 2.191766
3690 1.983791
3691 0.000000
3692 1.772903
3693 1.945841
3694 0.000000
3695 2.090808
3696 1.719212
3697 0.000000
3698 2.033385
3699 0.000000
3700 2.262156
3701 1.689154
3702 0.000000
3703 1.889652
3704 2.092188
3705 0.000000
3706 1.913357
3707 2.255042
3708 0.000000
3709 1.790057
3710 0.000000
3711 2.064216
3712 1.700958
3713 0.000000
3714 2.905739
3715 2.314253
3716 0.000000
3717 2.347507
3718 1.851816
3719 0.000000
3720 2.252252
3721 0.000000
3722 2.139033
3723 1.653379
3724 0.000000
3725 1.844730
3726 2.408811
3727 0.000000
3728 2.086457
3729 1.950589
3730 0.000000
3731 1.928524
3732 0.000000
3733 2.311700
3734 2.375437
3735 0.000000
3736 1.984801
3737 2.138491
3738 0.000000
3739 1.822949
3740 1.556470
3741 0.000000
3742 1.920295
3743 0.000000
3744 1.791445
3745 1.808498
3746 0.000000
3747 2.398573
3748 2.301480
3749 0.000000
3750 2.557068
3751 2.032931
3752 0.000000
3753 1.915087
3754 0.000000
3755 2.687296
3756 1.649418
3757 0.000000
3758 2.271914
3759 2.112111
3760 0.000000
3761 1.641776
3762 1.775171
3763 0.000000
3764 2.338540
3765 0.000000
3766 1.830799
3767 2.090765
3768 0.000000
3769 2.198377
3770 1.887048
3771 0.000000
3772 1.795758
3773 1.962422
3774 0.000000
3775 2.686845
3776 0.000000
3777 1.859519
3778 1.974631
3779 0.000000
3780 3.368046
3781 2.076679
3782 0.000000
3783 2.417748
3784 2.444196
3785 0.000000
3786 2.844768
3787 0.000000
3788 2.201560
3789 2.014091
3790 0.000000
3791 2.197669
3792 1.923025
3793 0.000000
3794 1.731900
3795 2.262696
3796 0.000000
3797 2.212224
3798 0.000000
3799 2.025320
3800 1.696796
3801 0.000000
3802 3.117887
3803 2.156956
3804 0.000000
3805 1.553955
3806 1.673914
3807 0.000000
3808 2.122822
3809 0.000000
3810 1.697791
3811 1.630107
3812 0.000000
3813 2.039464
3814 1.862496
3815 0.000000
3816 1.628562
3817 2.169124
3818 0.000000
3819 1.958519
3820 0.000000
3821 2.508938
3822 2.266728
3823 0.000000
3824 1.974520
3825 1.512543
3826 0.000000
3827 1.766263
3828 1.549350
3829 0.000000
3830 1.574754
3831 0.000000
3832 1.657022
3833 1.530063
3834 0.000000
3835 1.677114
3836 1.402176
3837 0.000000
3838 1.421360
3839 0.000000
3840 1.989109
3841 1.805157
3842 0.000000
3843 1.991910
3844 1.690148
3845 0.000000
3846 1.722672
3847 1.810270
3848 0.000000
3849 1.927946
3850 0.000000
3851 2.131406
3852 2.342341
3853 0.000000
3854 1.715948
3855 2.220708
3856 0.000000
3857 1.761772
3858 1.968728
3859 0.000000
3860 1.748839
3861 0.000000
3862 1.812163
3863 1.629840
3864 0.000000
3865 1.662070
3866 1.913868
3867 0.000000
3868 1.563426
3869 1.848956
3870 0.000000
3871 1.773982
3872 0.000000
3873 1.826471
3874 1.670061
3875 0.000000
3876 2.052186
3877 2.009882
3878 0.000000
3879 1.783170
3880 1.526082
3881 0.000000
3882 1.979912
3883 0.000000
3884 1.750531
3885 1.831566
3886 0.000000
3887 2.237562
3888 2.080398
3889 0.000000
3890 1.744467
3891 1.647454
3892 0.000000
3893 1.944550
3894 0.000000
3895 1.763074
3896 1.704105
3897 0.000000
3898 2.219137
3899 1.887869
3900 0.000000
3901 1.689863
3902 1.552530
3903 0.000000
3904 2.226766
3905 0.000000
3906 1.679825
3907 2.166551
3908 0.000000
3909 1.940249
3910 1.643623
3911 0.000000
3912 1.648542
3913 1.593881
3914 0.000000
3915 2.032763
3916 0.000000
3917 1.633167
3918 1.709800
3919 0.000000
3920 2.094516
3921 1.547480
3922 0.000000
3923 1.901388
3924 1.710909
3925 0.000000
3926 1.931319
3927 0.000000
3928 2.117490
3929 1.763158
3930 0.000000
3931 2.001479
3932 1.591880
3933 0.000000
3934 1.466798
3935 1.630175
3936 0.000000
3937 2.047455
3938 0.000000
3939 1.586505
3940 1.732821
3941 0.000000
3942 2.083975
3943 1.821927
3944 0.000000
3945 2.036562
3946 1.558541
3947 0.000000
3948 2.127902
3949 0.000000
3950 1.597424
3951 1.704417
3952 0.000000
3953 2.075761
3954 1.561964
3955 0.000000
3956 1.872284
3957 2.073793
3958 0.000000
3959 1.994820
3960 0.000000
3961 2.057134
3962 2.328320
3963 0.000000
3964 1.814463
3965 1.779939
3966 0.000000
3967 1.820173
3968 1.980437
3969 0.000000
3970 1.953443
3971 0.000000
3972 1.739081
3973 2.080393
3974 0.000000
3975 2.042678
3976 1.829978
3977 0.000000
3978 1.856803
3979 0.000000
3980 2.431678
3981 2.070883
3982 0.000000
3983 2.364117
3984 3.761114
3985 0.000000
3986 19.596912
3987 23.529345
3988 0.000000
3989 2.279797
3990 0.000000
3991 1.786029
3992 1.606920
3993 0.000000
3994 1.627001
3995 1.809075
3996 0.000000
3997 1.490993
3998 1.411388
3999 0.000000
4000 1.519489
4001 0.000000
4002 1.589857
4003 1.445656
4004 0.000000
4005 1.680441
4006 1.558500
4007 0.000000
4008 1.544419
4009 1.405519
4010 0.000000
4011 1.482554
4012 0.000000
4013 1.665177
4014 1.491033
4015 0.000000
4016 1.520032
4017 1.606153
4018 0.000000
4019 1.347242
4020 1.469426
4021 0.000000
4022 1.593775
4023 0.000000
4024 1.486018
4025 1.534706
4026 0.000000
4027 1.393601
4028 1.554966
4029 0.000000
4030 1.353839
4031 1.372504
4032 0.000000
4033 1.586174
4034 0.000000
4035 1.497736
4036 1.442904
4037 0.000000
4038 1.479607
4039 1.653275
4040 0.000000
4041 1.412150
4042 1.433120
4043 0.000000
4044 1.614487
4045 0.000000
4046 1.479604
4047 1.415434
4048 0.000000
4049 1.517275
4050 1.480260
4051 0.000000
4052 1.391078
4053 1.446648
4054 0.000000
4055 1.484332
4056 0.000000
4057 1.518323
4058 1.763577
4059 0.000000
4060 1.582026
4061 1.598168
4062 0.000000
4063 1.926385
4064 0.000000
4065 1.573947
4066 3.015168
4067 0.000000
4068 2.762010
4069 1.895751
4070 0.000000
4071 1.631571
4072 1.561903
4073 0.000000
4074 1.538378
4075 0.000000
4076 1.623058
4077 2.036128
4078 0.000000
4079 1.663432
4080 1.733433
4081 0.000000
4082 2.179069
4083 1.599096
4084 0.000000
4085 1.619686
4086 0.000000
4087 2.187650
4088 1.938601
4089 0.000000
4090 1.825843
4091 1.681682
4092 0.000000
4093 2.129399
4094 1.641662
4095 0.000000
4096 1.609182
4097 0.000000
4098 1.933369
4099 1.687935
4100 0.000000
4101 1.654479
4102 1.743901
4103 0.000000
4104 2.122625
4105 1.610992
4106 0.000000
4107 1.727263
4108 0.000000
4109 2.059693
4110 1.651635
4111 0.000000
4112 1.707905
4113 1.895173
4114 0.000000
4115 2.037494
4116 1.856478
4117 0.000000
4118 1.598894
4119 0.000000
4120 2.264087
4121 1.649414
4122 0.000000
4123 1.615398
4124 1.926828
4125 0.000000
4126 1.671424
4127 1.510313
4128 0.000000
4129 1.602238
4130 0.000000
4131 2.085849
4132 1.650005
4133 0.000000
4134 1.576283
4135 2.055402
4136 0.000000
4137 1.553339
4138 1.574882
4139 0.000000
4140 1.654834
4141 0.000000
4142 1.851359
4143 1.626487
4144 0.000000
4145 1.559509
4146 2.157389
4147 0.000000
4148 1.520188
4149 1.481320
4150 0.000000
4151 1.737440
4152 0.000000
4153 1.798864
4154 1.597103
4155 0.000000
4156 1.677504
4157 2.067540
4158 0.000000
4159 1.587842
4160 1.492844
4161 0.000000
4162 1.964639
4163 0.000000
4164 1.737501
4165 1.648568
4166 0.000000
4167 1.638841
4168 1.969033
4169 0.000000
4170 1.667356
4171 1.637025
4172 0.000000
4173 2.052986
4174 0.000000
4175 1.678264
4176 1.575467
4177 0.000000
4178 1.682555
4179 2.257970
4180 0.000000
4181 1.565945
4182 1.601567
4183 0.000000
4184 1.954834
4185 0.000000
4186 1.816901
4187 1.598034
4188 0.000000
4189 1.885977
4190 1.910988
4191 0.000000
4192 2.108373
4193 8.564014
4194 0.000000
4195 2.099077
4196 0.000000
4197 1.794316
4198 1.601129
4199 0.000000
4200 1.909758
4201 1.633155
4202 0.000000
4203 1.814343
4204 1.574165
4205 0.000000
4206 2.037058
4207 0.000000
4208 1.703416
4209 1.831108
4210 0.000000
4211 2.156462
4212 1.629875
4213 0.000000
4214 1.671149
4215 1.518788
4216 0.000000
4217 1.981394
4218 0.000000
4219 1.739790
4220 1.600895
4221 0.000000
4222 2.135279
4223 1.662187
4224 0.000000
4225 1.602690
4226 1.652554
4227 0.000000
4228 1.948586
4229 0.000000
4230 1.771302
4231 1.690478
4232 0.000000
4233 1.897488
4234 1.731051
4235 0.000000
4236 1.886499
4237 1.614278
4238 0.000000
4239 1.914524
4240 0.000000
4241 1.619877
4242 1.725879
4243 0.000000
4244 2.029812
4245 1.576891
4246 0.000000
4247 1.595164
4248 1.840446
4249 0.000000
4250 1.871263
4251 0.000000
4252 1.669677
4253 1.889231
4254 0.000000
4255 2.200969
4256 1.764780
4257 0.000000
4258 1.825396
4259 1.880652
4260 0.000000
4261 1.928987
4262 0.000000
4263 1.903077
4264 2.259177
4265 0.000000
4266 2.278781
4267 1.975595
4268 0.000000
4269 2.139516
4270 3.096893
4271 0.000000
4272 1.902616
4273 0.000000
4274 1.991153
4275 2.042655
4276 0.000000
4277 1.684715
4278 1.674445
4279 0.000000
4280 1.878883
4281 2.254014
4282 0.000000
4283 2.153093
4284 0.000000
4285 1.799856
4286 2.168714
4287 0.000000
4288 1.841445
4289 1.958532
4290 0.000000
4291 1.689223
4292 2.012554
4293 0.000000
4294 1.819162
4295 0.000000
4296 1.925824
4297 2.135045
4298 0.000000
4299 1.920315
4300 1.545796
4301 0.000000
4302 1.738335
4303 1.800158
4304 0.000000
4305 1.912525
4306 0.000000
4307 1.723069
4308 1.978364
4309 0.000000
4310 1.696041
4311 1.777314
4312 0.000000
4313 1.954362
4314 0.000000
4315 2.098926
4316 1.901427
4317 0.000000
4318 2.131249
4319 2.023537
4320 0.000000
4321 1.794511
4322 1.639496
4323 0.000000
4324 1.969568
4325 0.000000
4326 1.705191
4327 1.731893
4328 0.000000
4329 1.788552
4330 2.025303
4331 0.000000
4332 1.615102
4333 1.632465
4334 0.000000
4335 2.037983
4336 0.000000
4337 1.805476
4338 1.691215
4339 0.000000
4340 1.855999
4341 1.683737
4342 0.000000
4343 1.595667
4344 1.701070
4345 0.000000
4346 1.947232
4347 0.000000
4348 1.702335
4349 1.785644
4350 0.000000
4351 1.864581
4352 1.761616
4353 0.000000
4354 1.672023
4355 1.665344
4356 0.000000
4357 2.214151
4358 0.000000
4359 1.673333
4360 1.781512
4361 0.000000
4362 2.103935
4363 1.898527
4364 0.000000
4365 1.774078
4366 1.856195
4367 0.000000
4368 2.432367
4369 0.000000
4370 1.654447
4371 1.680218
4372 0.000000
4373 2.079000
4374 1.600941
4375 0.000000
4376 1.566239
4377 1.540876
4378 0.000000
4379 1.947839
4380 0.000000
4381 1.632763
4382 1.792727
4383 0.000000
4384 1.883609
4385 1.967008
4386 0.000000
4387 1.735617
4388 1.787324
4389 0.000000
4390 1.945985
4391 0.000000
4392 1.801635
4393 1.726827
4394 0.000000
4395 2.104620
4396 1.587504
4397 0.000000
4398 1.607318
4399 1.626011
4400 0.000000
4401 1.809306
4402 0.000000
4403 1.736314
4404 1.795937
4405 0.000000
4406 1.954941
4407 1.582138
4408 0.000000
4409 1.896108
4410 2.012334
4411 0.000000
4412 2.052781
4413 0.000000
4414 1.543512
4415 1.750468
4416 0.000000
4417 2.237766
4418 1.887107
4419 0.000000
4420 1.869964
4421 2.006411
4422 0.000000
4423 1.872965
4424 0.000000
4425 1.720071
4426 2.099509
4427 0.000000
4428 1.903555
4429 1.714607
4430 0.000000
4431 1.551634
4432 2.060236
4433 0.000000
4434 1.661910
4435 0.000000
4436 1.581740
4437 2.054795
4438 0.000000
4439 1.616548
4440 1.564731
4441 0.000000
4442 1.561344
4443 1.836466
4444 0.000000
4445 1.552788
4446 0.000000
4447 1.625009
4448 1.997296
4449 0.000000
4450 1.665754
4451 1.569641
4452 0.000000
4453 1.536701
4454 1.714747
4455 0.000000
4456 1.710891
4457 0.000000
4458 1.513228
4459 1.842357
4460 0.000000
4461 1.889269
4462 1.569430
4463 0.000000
4464 1.651300
4465 1.950589
4466 0.000000
4467 1.695150
4468 0.000000
4469 1.647114
4470 2.107351
4471 0.000000
4472 1.589604
4473 1.534241
4474 0.000000
4475 1.991146
4476 0.000000
4477 1.686529
4478 1.554765
4479 0.000000
4480 1.630327
4481 1.968541
4482 0.000000
4483 1.597913
4484 1.786855
4485 0.000000
4486 1.902354
4487 0.000000
4488 1.757872
4489 1.556107
4490 0.000000
4491 1.874685
4492 1.921442
4493 0.000000
4494 1.534666
4495 1.525191
4496 0.000000
4497 1.957421
4498 0.000000
4499 1.590837
4500 1.639993
4501 0.000000
4502 2.056760
4503 1.659616
4504 0.000000
4505 1.606445
4506 1.748380
4507 0.000000
4508 1.851932
4509 0.000000
4510 1.660543
4511 1.854149
4512 0.000000
4513 2.190704
4514 1.574943
4515 0.000000
4516 1.631021
4517 1.495732
4518 0.000000
4519 2.274649
4520 0.000000
4521 1.600459
4522 1.821488
4523 0.000000
4524 2.166106
4525 1.612357
4526 0.000000
4527 1.756051
4528 1.546103
4529 0.000000
4530 2.346506
4531 0.000000
4532 1.649479
4533 1.593970
4534 0.000000
4535 2.196502
4536 1.651402
4537 0.000000
4538 1.581904
4539 1.661627
4540 0.000000
4541 2.304542
4542 0.000000
4543 1.917233
4544 1.912656
4545 0.000000
4546 2.183588
4547 1.545638
4548 0.000000
4549 1.511764
4550 1.577145
4551 0.000000
4552 1.998529
4553 0.000000
4554 1.620267
4555 1.575133
4556 0.000000
4557 1.983064
4558 1.664713
4559 0.000000
4560 1.681406
4561 1.883735
4562 0.000000
4563 2.060913
4564 0.000000
4565 1.744693
4566 1.822931
4567 0.000000
4568 1.753446
4569 1.610460
4570 0.000000
4571 1.631582
4572 1.902241
4573 0.000000
4574 1.768239
4575 0.000000
4576 1.607446
4577 1.920200
4578 0.000000
4579 1.662048
4580 1.591388
4581 0.000000
4582 1.888288
4583 4.257253
4584 0.000000
4585 27.075363
4586 0.000000
4587 5.385183
4588 2.762560
4589 0.000000
4590 2.566709
4591 2.667213
4592 0.000000
4593 2.233666
4594 2.695947
4595 0.000000
4596 1.983437
4597 0.000000
4598 1.977286
4599 2.456862
4600 0.000000
4601 2.356488
4602 2.020273
4603 0.000000
4604 2.171732
4605 2.835281
4606 0.000000
4607 1.939030
4608 0.000000
4609 1.863245
4610 2.626730
4611 0.000000
4612 2.484981
4613 2.229694
4614 0.000000
4615 1.986852
4616 2.771317
4617 0.000000
4618 2.372560
4619 0.000000
4620 1.916657
4621 2.783756
4622 0.000000
4623 1.740243
4624 2.266632
4625 0.000000
4626 1.862287
4627 2.473282
4628 0.000000
4629 2.070266
4630 0.000000
4631 1.907170
4632 2.679100
4633 0.000000
4634 2.245267
4635 1.813894
4636 0.000000
4637 2.630047
4638 0.000000
4639 1.953203
4640 2.212076
4641 0.000000
4642 2.082107
4643 3.409045
4644 0.000000
4645 1.971656
4646 1.775033
4647 0.000000
4648 3.137824
4649 0.000000
4650 2.180323
4651 3.752450
4652 0.000000
4653 3.303049
4654 2.695453
4655 0.000000
4656 2.018047
4657 1.693048
4658 0.000000
4659 2.748079
4660 0.000000
4661 1.882076
4662 2.139284
4663 0.000000
4664 2.423269
4665 2.672558
4666 0.000000
4667 2.289163
4668 1.825724
4669 0.000000
4670 2.691289
4671 0.000000
4672 1.743418
4673 1.719329
4674 0.000000
4675 2.472475
4676 2.071278
4677 0.000000
4678 1.676148
4679 2.036205
4680 0.000000
4681 3.171595
4682 0.000000
4683 1.719671
4684 1.828949
4685 0.000000
4686 2.815954
4687 1.961855
4688 0.000000
4689 1.832191
4690 1.851580
4691 0.000000
4692 2.885622
4693 0.000000
4694 1.840153
4695 1.979532
4696 0.000000
4697 2.913393
4698 1.905596
4699 0.000000
4700 1.764175
4701 1.791172
4702 0.000000
4703 2.932728
4704 0.000000
4705 1.910585
4706 1.987494
4707 0.000000
4708 3.126695
4709 1.830807
4710 0.000000
4711 1.842431
4712 1.986340
4713 0.000000
4714 2.928249
4715 0.000000
4716 1.988021
4717 2.131401
4718 0.000000
4719 2.843967
4720 2.056935
4721 0.000000
4722 1.931469
4723 2.157103
4724 0.000000
4725 2.367135
4726 0.000000
4727 1.976001
4728 2.159603
4729 0.000000
4730 2.718355
4731 1.994016
4732 0.000000
4733 1.880343
4734 2.264072
4735 0.000000
4736 2.238794
4737 0.000000
4738 2.132501
4739 2.389171
4740 0.000000
4741 2.572957
4742 1.992135
4743 0.000000
4744 1.838848
4745 2.662876
4746 0.000000
4747 2.557306
4748 0.000000
4749 1.961352
4750 2.948094
4751 0.000000
4752 2.239699
4753 1.852222
4754 0.000000
4755 2.066409
4756 2.474788
4757 0.000000
4758 2.194064
4759 0.000000
4760 2.130146
4761 2.741717
4762 0.000000
4763 1.885397
4764 1.848442
4765 0.000000
4766 1.781957
4767 0.000000
4768 2.715364
4769 2.312418
4770 0.000000
4771 2.241571
4772 2.778892
4773 0.000000
4774 1.741344
4775 1.786865
4776 0.000000
4777 2.316286
4778 0.000000
4779 2.357668
4780 2.076139
4781 0.000000
4782 2.039804
4783 2.816247
4784 0.000000
4785 1.835839
4786 1.806341
4787 0.000000
4788 2.523032
4789 0.000000
4790 2.100344
4791 1.830361
4792 0.000000
4793 1.985830
4794 2.583539
4795 0.000000
4796 2.041468
4797 1.985628
4798 0.000000
4799 2.548462
4800 0.000000
4801 2.005782
4802 2.148287
4803 0.000000
4804 2.309967
4805 2.414099
4806 0.000000
4807 1.768320
4808 1.798694
4809 0.000000
4810 2.786180
4811 0.000000
4812 1.816605
4813 1.829803
4814 0.000000
4815 2.440179
4816 2.385371
4817 0.000000
4818 1.883607
4819 1.800113
4820 0.000000
4821 2.778139
4822 0.000000
4823 1.864725
4824 1.905574
4825 0.000000
4826 2.773100
4827 1.866979
4828 0.000000
4829 1.856022
4830 1.933183
4831 0.000000
4832 2.976660
4833 0.000000
4834 2.165417
4835 2.431009
4836 0.000000
4837 2.736748
4838 2.268704
4839 0.000000
4840 2.067797
4841 2.867515
4842 0.000000
4843 2.815157
4844 0.000000
4845 2.267655
4846 2.728273
4847 0.000000
4848 2.290301
4849 2.093377
4850 0.000000
4851 2.005570
4852 2.584179
4853 0.000000
4854 2.294545
4855 0.000000
4856 2.188867
4857 2.641620
4858 0.000000
4859 2.535264
4860 2.096804
4861 0.000000
4862 1.767025
4863 2.939676
4864 0.000000
4865 2.131653
4866 0.000000
4867 2.045508
4868 3.092419
4869 0.000000
4870 2.327884
4871 1.962899
4872 0.000000
4873 1.995029
4874 3.034831
4875 0.000000
4876 2.140506
4877 0.000000
4878 2.204050
4879 3.305536
4880 0.000000
4881 2.240347
4882 1.949711
4883 0.000000
4884 2.266445
4885 2.996666
4886 0.000000
4887 2.072459
4888 0.000000
4889 2.576976
4890 3.486056
4891 0.000000
4892 2.021130
4893 1.939159
4894 0.000000
4895 1.794046
4896 2.551298
4897 0.000000
4898 1.784848
4899 0.000000
4900 2.307491
4901 2.616814
4902 0.000000
4903 2.152762
4904 2.035499
4905 0.000000
4906 3.090285
4907 0.000000
4908 2.088624
4909 1.874855
4910 0.000000
4911 2.265066
4912 2.705995
4913 0.000000
4914 1.763886
4915 1.823673
4916 0.000000
4917 2.973360
4918 0.000000
4919 1.889581
4920 2.106039
4921 0.000000
4922 2.664067
4923 2.824395
4924 0.000000
4925 1.875086
4926 1.789172
4927 0.000000
4928 2.953489
4929 0.000000
4930 1.913486
4931 2.162458
4932 0.000000
4933 2.335536
4934 2.499067
4935 0.000000
4936 1.766422
4937 1.835186
4938 0.000000
4939 2.893633
4940 0.000000
4941 2.308328
4942 2.611775
4943 0.000000
4944 3.009044
4945 2.631610
4946 0.000000
4947 1.870832
4948 2.374016
4949 0.000000
4950 3.160103
4951 0.000000
4952 1.971194
4953 2.233287
4954 0.000000
4955 3.319367
4956 2.370473
4957 0.000000
4958 1.804651
4959 1.730824
4960 0.000000
4961 3.262930
4962 0.000000
4963 2.023273
4964 2.605586
4965 0.000000
4966 2.723776
4967 2.184615
4968 0.000000
4969 2.043044
4970 1.867747
4971 0.000000
4972 2.996254
4973 0.000000
4974 2.169854
4975 2.442176
4976 0.000000
4977 2.976711
4978 2.120523
4979 0.000000
4980 1.779051
4981 1.728684
4982 0.000000
4983 2.943670
4984 0.000000
4985 2.221181
4986 1.942833
4987 0.000000
4988 2.625069
4989 2.381857
4990 0.000000
4991 2.170615
4992 1.998419
4993 0.000000
4994 2.727012
4995 0.000000
4996 2.023817
4997 2.913969
4998 0.000000
4999 3.354231
5000 3.074350
5001 0.000000
5002 2.830580
5003 2.340604
5004 0.000000
5005 3.225404
5006 0.000000
5007 1.763804
5008 1.868324
5009 0.000000
5010 3.354705
5011 1.914316
5012 0.000000
5013 1.941812
5014 2.113906
5015 0.000000
5016 2.639815
5017 0.000000
5018 2.011343
5019 2.299961
5020 0.000000
5021 2.923383
5022 1.857950
5023 0.000000
5024 1.800390
5025 1.829364
5026 0.000000
5027 2.940508
5028 0.000000
5029 1.879779
5030 1.837126
5031 0.000000
5032 2.842477
5033 2.144550
5034 0.000000
5035 1.820223
5036 2.206063
5037 0.000000
5038 2.690179
5039 0.000000
5040 1.927455
5041 2.183224
5042 0.000000
5043 2.765477
5044 2.129866
