       76543210765432107654321076543210

1000   1 0 0 0 1 0 0 0 1 0 0 0 1 0 0 0   7
1101   1 1 0 1 1 1 0 1 1 1 0 1 1 1 0 1   7
1100   1 1 0 0 1 1 0 0 1 1 0 0 1 1 0 0   6
0100   0 1 0 0 0 1 0 0 0 1 0 0 0 1 0 0   5
1110   1 1 1 0 1 1 1 0 1 1 1 0 1 1 1 0   5
0110   0 1 1 0 0 1 1 0 0 1 1 0 0 1 1 0   4
0010   0 0 1 0 0 0 1 0 0 0 1 0 0 0 1 0   3
0111   0 1 1 1 0 1 1 1 0 1 1 1 0 1 1 1   3
0011   0 0 1 1 0 0 1 1 0 0 1 1 0 0 1 1   2
0001   0 0 0 1 0 0 0 1 0 0 0 1 0 0 0 1   1
1011   1 0 1 1 1 0 1 1 1 0 1 1 1 0 1 1   1
1001   1 0 0 1 1 0 0 1 1 0 0 1 1 0 0 1   0
1010   1 0 1 0 1 0 1 0 1 0 1 0 1 0 1 0   7 & 3
0101   0 1 0 1 0 1 0 1 0 1 0 1 0 1 0 1   5 & 1
1111   1 1 1 1 1 1 1 1 1 1 1 1 1 1 1 1   -
0000   0 0 0 0 0 0 0 0 0 0 0 0 0 0 0 0   -
