#ProcessMD C:\home_movies_work\cfile.txt mode=1 cycle=5 remove=1 threshold=1.0 run length=3
#original frame count = 5045, decimated frame count = 3208
0 0 500000000.000000
1 0 4.566790
2 0 4.083782
3 1 0.000000
4 0 4.871528
5 0 2.436348
6 1 0.000000
7 0 3.349914
8 0 3.002327
9 1 0.000000
10 0 2.087337
11 1 0.000000
12 0 4.643988
13 0 2.134618
14 1 0.000000
15 0 2.956156
16 0 4.732723
17 1 0.000000
18 0 21.784309
19 0 1.014514
20 0 2.666941
21 1 0.000000
22 0 1.992059
23 1 0.000000
24 0 2.209949
25 0 2.786183
26 1 0.000000
27 0 3.185205
28 0 2.364587
29 1 0.000000
30 0 2.553323
31 1 0.000000
32 0 2.054776
33 0 1.864666
34 1 0.000000
35 0 2.481547
36 0 2.416500
37 1 0.000000
38 0 2.470444
39 0 2.656649
40 1 0.000000
41 0 2.154654
42 1 0.000000
43 0 2.207405
44 0 2.097492
45 1 0.000000
46 0 2.014514
47 0 2.568735
48 1 0.000000
49 0 2.513314
50 0 2.382476
51 1 0.000000
52 0 2.605329
53 1 0.000000
54 0 2.049773
55 0 2.220851
56 1 0.000000
57 0 2.952325
58 0 2.200179
59 1 0.000000
60 0 1.890458
61 1 0.000000
62 0 2.215392
63 0 2.665986
64 1 0.000000
65 0 1.816003
66 0 2.203205
67 1 0.000000
68 0 2.841153
69 0 1.877459
70 1 0.000000
71 0 1.803859
72 1 0.000000
73 0 2.742932
74 0 3.392424
75 1 0.000000
76 0 2.153851
77 0 2.356374
78 1 0.000000
79 0 2.648494
80 0 2.252251
81 1 0.000000
82 0 2.199618
83 1 0.000000
84 0 2.486839
85 0 2.582277
86 1 0.000000
87 0 2.045562
88 0 2.531991
89 1 0.000000
90 0 3.017913
91 1 0.000000
92 0 1.871676
93 0 1.894038
94 1 0.000000
95 0 2.464580
96 0 2.434307
97 1 0.000000
98 0 2.903419
99 0 2.355362
100 1 0.000000
101 0 3.208859
102 0 2.215083
103 1 0.000000
104 0 2.719645
105 1 0.000000
106 0 2.828733
107 0 1.947808
108 1 0.000000
109 0 2.344457
110 0 2.362298
111 1 0.000000
112 0 2.233130
113 0 2.474038
114 1 0.000000
115 0 1.926944
116 1 0.000000
117 0 2.926119
118 0 1.922588
119 1 0.000000
120 0 1.872665
121 0 2.869362
122 1 0.000000
123 0 1.923170
124 0 2.563155
125 1 0.000000
126 0 2.399491
127 1 0.000000
128 0 2.808719
129 0 2.614443
130 1 0.000000
131 0 2.815540
132 0 2.528875
133 1 0.000000
134 0 1.965286
135 0 2.471293
136 1 0.000000
137 0 2.660816
138 1 0.000000
139 0 2.397603
140 0 2.175339
141 1 0.000000
142 0 2.412703
143 0 2.768640
144 1 0.000000
145 0 2.261488
146 0 2.539644
147 1 0.000000
148 0 3.554295
149 1 0.000000
150 0 2.174063
151 0 2.134263
152 1 0.000000
153 0 2.717944
154 0 2.541122
155 1 0.000000
156 0 2.173984
157 0 2.540029
158 1 0.000000
159 0 2.757000
160 1 0.000000
161 0 2.124267
162 0 2.468624
163 1 0.000000
164 0 3.129909
165 0 2.587599
166 1 0.000000
167 0 2.174282
168 0 2.352325
169 1 0.000000
170 0 3.049032
171 1 0.000000
172 0 2.319057
173 0 2.301394
174 1 0.000000
175 0 2.861798
176 0 2.107368
177 1 0.000000
178 0 2.242005
179 0 2.135015
180 1 0.000000
181 0 2.428368
182 1 0.000000
183 0 2.068956
184 0 2.216805
185 1 0.000000
186 0 3.038155
187 0 2.014274
188 1 0.000000
189 0 2.200984
190 0 2.599189
191 1 0.000000
192 0 2.520428
193 1 0.000000
194 0 1.919845
195 0 2.514005
196 1 0.000000
197 0 2.782024
198 0 2.250475
199 1 0.000000
200 0 2.537844
201 0 3.292820
202 1 0.000000
203 0 3.400215
204 1 0.000000
205 0 21.678230
206 0 6.986744
207 1 0.000000
208 0 5.412532
209 0 4.426177
210 1 0.000000
211 0 4.142355
212 0 3.877449
213 1 0.000000
214 0 3.902661
215 1 0.000000
216 0 4.756449
217 0 5.081794
218 1 0.000000
219 0 3.475025
220 0 2.150746
221 1 0.000000
222 0 4.266238
223 1 0.000000
224 0 4.687430
225 0 5.220156
226 1 0.000000
227 0 3.289151
228 0 3.770199
229 1 0.000000
230 0 4.005141
231 0 4.645132
232 1 0.000000
233 0 4.399423
234 1 0.000000
235 0 2.811889
236 0 3.988965
237 1 0.000000
238 0 4.980641
239 0 4.970058
240 1 0.000000
241 0 3.234151
242 0 2.458897
243 1 0.000000
244 0 4.358056
245 1 0.000000
246 0 4.596978
247 0 4.805004
248 1 0.000000
249 0 3.901274
250 0 2.759970
251 1 0.000000
252 0 3.556520
253 0 4.487862
254 1 0.000000
255 0 4.611840
256 1 0.000000
257 0 2.935596
258 0 3.374901
259 1 0.000000
260 0 4.915741
261 0 4.284680
262 1 0.000000
263 0 3.765041
264 1 0.000000
265 0 3.190933
266 0 4.228083
267 1 0.000000
268 0 4.875085
269 0 4.752507
270 1 0.000000
271 0 3.229953
272 0 3.121536
273 1 0.000000
274 0 4.349553
275 1 0.000000
276 0 4.979340
277 0 3.960721
278 1 0.000000
279 0 2.531218
280 0 3.653505
281 1 0.000000
282 0 4.867710
283 0 3.939992
284 1 0.000000
285 0 3.774812
286 1 0.000000
287 0 2.549899
288 0 3.548247
289 1 0.000000
290 0 4.056612
291 0 4.693925
292 1 0.000000
293 0 3.696737
294 0 2.638581
295 1 0.000000
296 0 2.978726
297 1 0.000000
298 0 3.784061
299 0 4.595570
300 1 0.000000
301 0 5.037074
302 0 3.207507
303 1 0.000000
304 0 3.564027
305 0 4.439305
306 1 0.000000
307 0 4.693237
308 1 0.000000
309 0 3.734450
310 0 2.477102
311 1 0.000000
312 0 3.224450
313 0 3.900704
314 1 0.000000
315 0 4.282640
316 0 4.106132
317 1 0.000000
318 0 3.395484
319 1 0.000000
320 0 3.705379
321 0 4.002768
322 1 0.000000
323 0 4.469387
324 0 3.519645
325 1 0.000000
326 0 2.583788
327 1 0.000000
328 0 2.703457
329 0 3.636228
330 1 0.000000
331 0 4.323396
332 0 3.960774
333 1 0.000000
334 0 3.576772
335 0 2.471543
336 1 0.000000
337 0 3.155408
338 1 0.000000
339 0 4.462661
340 0 4.248308
341 1 0.000000
342 0 3.734827
343 0 2.751740
344 1 0.000000
345 0 3.600781
346 0 4.288638
347 1 0.000000
348 0 3.983395
349 1 0.000000
350 0 4.184389
351 0 2.357901
352 1 0.000000
353 0 2.992304
354 0 4.175042
355 1 0.000000
356 0 2.437765
357 1 0.000000
358 0 2.107395
359 0 2.047238
360 1 0.000000
361 0 2.404995
362 0 1.829905
363 1 0.000000
364 0 2.084971
365 0 2.441285
366 1 0.000000
367 0 1.662575
368 1 0.000000
369 0 2.173224
370 0 2.604663
371 1 0.000000
372 0 1.976208
373 0 2.155196
374 1 0.000000
375 0 2.463162
376 1 0.000000
377 0 1.757910
378 0 1.839181
379 1 0.000000
380 0 1.800868
381 0 2.750459
382 1 0.000000
383 0 2.131747
384 0 2.067674
385 1 0.000000
386 0 2.442431
387 0 1.760898
388 1 0.000000
389 0 1.934539
390 1 0.000000
391 0 2.435675
392 0 3.334374
393 1 0.000000
394 0 2.373160
395 0 2.349766
396 1 0.000000
397 0 3.161703
398 0 3.710412
399 1 0.000000
400 0 2.016686
401 1 0.000000
402 0 2.346373
403 0 2.146418
404 1 0.000000
405 0 2.673380
406 0 2.741608
407 1 0.000000
408 0 3.330810
409 0 14.439828
410 1 0.000000
411 0 6.643756
412 1 0.000000
413 0 5.341818
414 0 5.064474
415 1 0.000000
416 0 5.693030
417 0 4.417365
418 1 0.000000
419 0 3.378312
420 0 2.328100
421 1 0.000000
422 0 2.842827
423 1 0.000000
424 0 4.435835
425 0 2.749674
426 1 0.000000
427 0 2.568693
428 0 2.560513
429 1 0.000000
430 0 1.952864
431 0 3.126551
432 1 0.000000
433 0 2.663765
434 1 0.000000
435 0 3.147581
436 0 3.400031
437 1 0.000000
438 0 3.539508
439 0 4.065385
440 1 0.000000
441 0 2.696199
442 0 3.242088
443 1 0.000000
444 0 3.545922
445 1 0.000000
446 0 2.626043
447 0 2.654159
448 1 0.000000
449 0 2.763737
450 0 2.459466
451 1 0.000000
452 0 1.881547
453 0 3.078215
454 1 0.000000
455 0 3.999634
456 1 0.000000
457 0 3.171809
458 0 3.130407
459 1 0.000000
460 0 3.368362
461 0 3.093860
462 1 0.000000
463 0 3.493160
464 0 2.741420
465 1 0.000000
466 0 3.131224
467 1 0.000000
468 0 2.216302
469 0 2.293585
470 1 0.000000
471 0 3.457486
472 0 2.917296
473 1 0.000000
474 0 3.083362
475 1 0.000000
476 0 3.179015
477 0 2.755037
478 1 0.000000
479 0 2.574842
480 0 2.701011
481 1 0.000000
482 0 2.986935
483 0 2.918883
484 1 0.000000
485 0 2.348457
486 1 0.000000
487 0 3.477610
488 0 2.386095
489 1 0.000000
490 0 2.243563
491 0 2.504135
492 1 0.000000
493 0 2.453631
494 0 1.834079
495 1 0.000000
496 0 2.221969
497 1 0.000000
498 0 3.538443
499 0 3.424648
500 1 0.000000
501 0 3.123456
502 0 3.294728
503 1 0.000000
504 0 2.428569
505 0 2.561644
506 1 0.000000
507 0 3.505769
508 1 0.000000
509 0 3.413050
510 0 2.596407
511 1 0.000000
512 0 2.116191
513 0 3.096680
514 1 0.000000
515 0 2.265451
516 0 2.275820
517 1 0.000000
518 0 3.605016
519 1 0.000000
520 0 2.867563
521 0 1.904360
522 1 0.000000
523 0 2.733862
524 0 2.722388
525 1 0.000000
526 0 2.302269
527 0 2.344779
528 1 0.000000
529 0 2.740559
530 1 0.000000
531 0 2.035012
532 0 1.862946
533 1 0.000000
534 0 2.795385
535 0 2.607137
536 1 0.000000
537 0 3.207467
538 0 2.939624
539 1 0.000000
540 0 3.354236
541 1 0.000000
542 0 2.882996
543 0 3.305723
544 1 0.000000
545 0 4.197074
546 0 2.909066
547 1 0.000000
548 0 2.590333
549 1 0.000000
550 0 2.515045
551 0 2.252289
552 1 0.000000
553 0 2.142175
554 0 2.687693
555 1 0.000000
556 0 3.369756
557 0 3.016601
558 1 0.000000
559 0 2.837467
560 1 0.000000
561 0 3.090645
562 0 2.662140
563 1 0.000000
564 0 2.478327
565 0 3.712298
566 1 0.000000
567 0 3.286371
568 0 2.873009
569 1 0.000000
570 0 2.233911
571 1 0.000000
572 0 2.378546
573 0 2.480845
574 1 0.000000
575 0 2.811125
576 0 3.995572
577 1 0.000000
578 0 2.467765
579 0 2.523600
580 1 0.000000
581 0 2.437745
582 1 0.000000
583 0 1.883339
584 0 1.981239
585 1 0.000000
586 0 2.308536
587 0 2.967441
588 1 0.000000
589 0 2.085362
590 0 1.970830
591 1 0.000000
592 0 2.179558
593 1 0.000000
594 0 1.654159
595 0 1.621717
596 1 0.000000
597 0 2.023244
598 0 2.104579
599 1 0.000000
600 0 2.068558
601 0 2.054229
602 1 0.000000
603 0 2.622167
604 1 0.000000
605 0 2.166915
606 0 2.251507
607 1 0.000000
608 0 2.346338
609 0 2.164226
610 1 0.000000
611 0 2.000559
612 1 0.000000
613 0 1.811167
614 0 2.413618
615 1 0.000000
616 0 1.788485
617 0 1.707415
618 1 0.000000
619 0 2.354229
620 0 2.062088
621 1 0.000000
622 0 2.334425
623 1 0.000000
624 0 2.508341
625 0 2.660972
626 1 0.000000
627 0 1.970603
628 0 2.071619
629 1 0.000000
630 0 2.115768
631 0 1.831369
632 1 0.000000
633 0 1.955657
634 1 0.000000
635 0 2.465272
636 0 1.735122
637 1 0.000000
638 0 1.660821
639 0 1.874297
640 1 0.000000
641 0 1.840268
642 0 1.719066
643 1 0.000000
644 0 1.662993
645 1 0.000000
646 0 2.336085
647 0 1.820246
648 1 0.000000
649 0 1.886137
650 0 1.996373
651 1 0.000000
652 0 1.557448
653 0 1.625470
654 1 0.000000
655 0 1.872238
656 1 0.000000
657 0 2.196799
658 0 1.658305
659 1 0.000000
660 0 1.751466
661 0 2.263825
662 1 0.000000
663 0 1.551633
664 0 1.532547
665 1 0.000000
666 0 2.025810
667 1 0.000000
668 0 1.723080
669 0 1.652348
670 1 0.000000
671 0 1.892567
672 0 2.106736
673 1 0.000000
674 0 1.584698
675 0 1.591859
676 1 0.000000
677 0 2.178204
678 1 0.000000
679 0 6.824196
680 0 31.107256
681 1 0.000000
682 0 41.043488
683 0 3.665589
684 1 0.000000
685 0 2.309477
686 0 2.093986
687 1 0.000000
688 0 2.220391
689 1 0.000000
690 0 2.019770
691 0 1.927644
692 1 0.000000
693 0 1.835361
694 0 2.092297
695 1 0.000000
696 0 1.695157
697 1 0.000000
698 0 2.130989
699 0 1.791711
700 1 0.000000
701 0 1.589417
702 0 1.687722
703 1 0.000000
704 0 2.031320
705 0 1.731284
706 1 0.000000
707 0 2.067239
708 1 0.000000
709 0 2.172651
710 0 1.793165
711 1 0.000000
712 0 1.932452
713 0 2.127586
714 1 0.000000
715 0 1.990554
716 0 1.792591
717 1 0.000000
718 0 2.068898
719 1 0.000000
720 0 2.468533
721 0 2.083736
722 1 0.000000
723 0 2.073237
724 0 2.319472
725 1 0.000000
726 0 2.213258
727 0 2.178242
728 1 0.000000
729 0 2.057089
730 1 0.000000
731 0 2.192311
732 0 2.187712
733 1 0.000000
734 0 2.054201
735 0 2.391898
736 1 0.000000
737 0 1.827274
738 0 1.979891
739 1 0.000000
740 0 2.142914
741 1 0.000000
742 0 1.843163
743 0 1.806549
744 1 0.000000
745 0 2.001021
746 0 1.852113
747 1 0.000000
748 0 1.756458
749 0 1.949908
750 1 0.000000
751 0 2.183288
752 1 0.000000
753 0 1.770927
754 0 1.912079
755 1 0.000000
756 0 1.984688
757 0 1.982205
758 1 0.000000
759 0 1.915563
760 0 2.077948
761 1 0.000000
762 0 2.482008
763 1 0.000000
764 0 2.152177
765 0 1.870853
766 1 0.000000
767 0 2.480595
768 0 1.972286
769 1 0.000000
770 0 1.711362
771 0 1.764444
772 1 0.000000
773 0 2.083490
774 1 0.000000
775 0 2.002648
776 0 1.903505
777 1 0.000000
778 0 2.401442
779 0 1.886224
780 1 0.000000
781 0 1.815397
782 1 0.000000
783 0 2.181878
784 0 1.878674
785 1 0.000000
786 0 1.677561
787 0 1.959370
788 1 0.000000
789 0 2.030420
790 0 1.730845
791 1 0.000000
792 0 1.553949
793 1 0.000000
794 0 2.136774
795 0 2.057896
796 1 0.000000
797 0 2.213177
798 0 2.467506
799 1 0.000000
800 0 2.057494
801 0 2.011269
802 1 0.000000
803 0 2.035631
804 1 0.000000
805 0 2.125150
806 0 1.687964
807 1 0.000000
808 0 1.595894
809 0 1.917887
810 1 0.000000
811 0 1.615885
812 0 1.788848
813 1 0.000000
814 0 2.000763
815 1 0.000000
816 0 1.731544
817 0 1.702905
818 1 0.000000
819 0 1.756420
820 0 1.928507
821 1 0.000000
822 0 1.597994
823 0 1.675896
824 1 0.000000
825 0 2.225710
826 1 0.000000
827 0 2.258007
828 0 2.087159
829 1 0.000000
830 0 2.391569
831 0 2.255553
832 1 0.000000
833 0 2.143937
834 0 2.021347
835 1 0.000000
836 0 2.233573
837 1 0.000000
838 0 2.136979
839 0 2.111063
840 1 0.000000
841 0 2.213198
842 0 1.826843
843 1 0.000000
844 0 1.877019
845 0 2.115385
846 1 0.000000
847 0 2.425831
848 1 0.000000
849 0 2.173872
850 0 2.039545
851 1 0.000000
852 0 2.208564
853 0 1.839582
854 1 0.000000
855 0 1.655554
856 1 0.000000
857 0 2.031223
858 0 1.701856
859 1 0.000000
860 0 1.771036
861 0 1.986274
862 1 0.000000
863 0 1.996426
864 0 1.913998
865 1 0.000000
866 0 1.704566
867 0 1.806586
868 1 0.000000
869 0 1.767157
870 1 0.000000
871 0 1.934423
872 0 1.991425
873 1 0.000000
874 0 1.675233
875 0 1.728235
876 1 0.000000
877 0 1.886488
878 1 0.000000
879 0 1.901675
880 0 1.610292
881 1 0.000000
882 0 1.771152
883 0 2.195340
884 1 0.000000
885 0 1.859909
886 0 1.764900
887 1 0.000000
888 0 1.710186
889 0 1.983734
890 1 0.000000
891 0 1.949748
892 1 0.000000
893 0 1.622255
894 0 2.023429
895 1 0.000000
896 0 1.552357
897 0 1.734256
898 1 0.000000
899 0 2.123050
900 1 0.000000
901 0 1.468537
902 0 1.642614
903 1 0.000000
904 0 1.769777
905 0 1.611733
906 1 0.000000
907 0 1.741004
908 0 1.486005
909 1 0.000000
910 0 2.045559
911 1 0.000000
912 0 1.546120
913 0 1.720580
914 1 0.000000
915 0 1.885833
916 0 1.521139
917 1 0.000000
918 0 1.465573
919 0 1.568965
920 1 0.000000
921 0 1.925273
922 1 0.000000
923 0 1.770725
924 0 1.776299
925 1 0.000000
926 0 2.075244
927 0 1.684908
928 1 0.000000
929 0 1.666108
930 1 0.000000
931 0 1.935084
932 0 1.599063
933 1 0.000000
934 0 1.561404
935 0 1.795059
936 1 0.000000
937 0 1.883637
938 0 1.645658
939 1 0.000000
940 0 1.580884
941 1 0.000000
942 0 2.043229
943 0 1.505754
944 1 0.000000
945 0 1.652293
946 0 1.892476
947 1 0.000000
948 0 1.952119
949 0 2.149005
950 1 0.000000
951 0 2.125493
952 1 0.000000
953 0 2.814408
954 0 2.142703
955 1 0.000000
956 0 2.078843
957 0 2.254179
958 1 0.000000
959 0 1.905701
960 0 1.955311
961 1 0.000000
962 0 2.280041
963 1 0.000000
964 0 2.044278
965 0 1.722285
966 1 0.000000
967 0 1.777518
968 0 2.022332
969 1 0.000000
970 0 1.585502
971 0 1.543836
972 1 0.000000
973 0 1.812363
974 1 0.000000
975 0 1.578022
976 0 1.538689
977 1 0.000000
978 0 1.759279
979 0 1.894387
980 1 0.000000
981 0 1.516846
982 0 1.725163
983 1 0.000000
984 0 1.953045
985 1 0.000000
986 0 1.523378
987 0 1.662502
988 1 0.000000
989 0 1.930804
990 0 1.645601
991 1 0.000000
992 0 1.556851
993 0 1.446172
994 1 0.000000
995 0 2.011723
996 1 0.000000
997 0 1.539718
998 0 1.701570
999 1 0.000000
1000 0 2.116926
1001 0 1.508761
1002 1 0.000000
1003 0 1.567404
1004 1 0.000000
1005 0 1.864513
1006 0 1.663249
1007 1 0.000000
1008 0 1.685589
1009 0 1.812675
1010 1 0.000000
1011 0 1.932656
1012 0 1.706642
1013 1 0.000000
1014 0 1.664256
1015 1 0.000000
1016 0 2.176654
1017 0 1.808195
1018 1 0.000000
1019 0 1.789958
1020 0 2.108501
1021 1 0.000000
1022 0 2.182022
1023 0 1.878613
1024 1 0.000000
1025 0 1.757394
1026 1 0.000000
1027 0 2.238050
1028 0 1.956973
1029 1 0.000000
1030 0 2.099464
1031 0 2.180551
1032 1 0.000000
1033 0 1.844857
1034 0 1.809517
1035 1 0.000000
1036 0 1.994023
1037 1 0.000000
1038 0 1.958818
1039 0 1.682271
1040 1 0.000000
1041 0 1.787259
1042 0 2.114490
1043 1 0.000000
1044 0 1.766612
1045 0 1.804433
1046 1 0.000000
1047 0 2.146246
1048 1 0.000000
1049 0 1.764327
1050 0 1.711200
1051 1 0.000000
1052 0 1.884289
1053 0 2.022482
1054 1 0.000000
1055 0 1.737550
1056 0 1.771178
1057 1 0.000000
1058 0 2.126779
1059 1 0.000000
1060 0 1.867021
1061 0 1.946307
1062 1 0.000000
1063 0 2.192391
1064 0 1.786162
1065 1 0.000000
1066 0 1.600448
1067 0 1.595181
1068 1 0.000000
1069 0 2.056039
1070 1 0.000000
1071 0 1.777811
1072 0 1.843282
1073 1 0.000000
1074 0 1.982681
1075 0 1.502549
1076 1 0.000000
1077 0 1.441118
1078 0 1.459589
1079 1 0.000000
1080 0 1.842126
1081 1 0.000000
1082 0 1.562124
1083 0 1.540506
1084 1 0.000000
1085 0 1.911818
1086 0 1.549610
1087 1 0.000000
1088 0 1.535441
1089 1 0.000000
1090 0 1.939719
1091 0 1.606972
1092 1 0.000000
1093 0 1.648360
1094 0 1.809440
1095 1 0.000000
1096 0 1.843150
1097 0 1.683621
1098 1 0.000000
1099 0 1.707421
1100 1 0.000000
1101 0 2.111984
1102 0 1.851298
1103 1 0.000000
1104 0 1.994784
1105 0 1.998259
1106 1 0.000000
1107 0 1.827754
1108 0 1.932954
1109 1 0.000000
1110 0 2.010284
1111 1 0.000000
1112 0 2.324803
1113 0 2.159449
1114 1 0.000000
1115 0 2.124761
1116 0 2.200557
1117 1 0.000000
1118 0 1.891573
1119 0 1.746977
1120 1 0.000000
1121 0 1.783355
1122 1 0.000000
1123 0 1.856808
1124 0 1.667884
1125 1 0.000000
1126 0 1.553193
1127 0 1.997794
1128 1 0.000000
1129 0 1.560082
1130 0 1.509630
1131 1 0.000000
1132 0 1.776452
1133 1 0.000000
1134 0 1.687573
1135 0 1.562695
1136 1 0.000000
1137 0 1.760276
1138 0 1.730657
1139 1 0.000000
1140 0 1.593200
1141 0 1.586620
1142 1 0.000000
1143 0 1.892434
1144 1 0.000000
1145 0 1.536838
1146 0 1.709501
1147 1 0.000000
1148 0 1.738766
1149 0 1.522636
1150 1 0.000000
1151 0 1.641212
1152 1 0.000000
1153 0 1.518921
1154 0 1.896317
1155 1 0.000000
1156 0 1.494063
1157 0 1.544151
1158 1 0.000000
1159 0 1.911686
1160 0 1.482476
1161 1 0.000000
1162 0 1.461728
1163 1 0.000000
1164 0 1.800292
1165 0 1.774991
1166 1 0.000000
1167 0 1.767031
1168 0 1.717146
1169 1 0.000000
1170 0 1.862914
1171 0 1.624141
1172 1 0.000000
1173 0 1.549793
1174 1 0.000000
1175 0 1.933450
1176 0 1.731108
1177 1 0.000000
1178 0 1.794355
1179 0 1.819536
1180 1 0.000000
1181 0 1.778906
1182 0 1.633059
1183 1 0.000000
1184 0 1.709091
1185 1 0.000000
1186 0 2.278059
1187 0 1.601897
1188 1 0.000000
1189 0 1.659812
1190 0 1.933846
1191 1 0.000000
1192 0 1.717111
1193 0 1.662318
1194 1 0.000000
1195 0 1.794875
1196 1 0.000000
1197 0 1.879749
1198 0 1.726505
1199 1 0.000000
1200 0 1.651356
1201 0 1.877389
1202 1 0.000000
1203 0 1.680045
1204 0 1.708189
1205 1 0.000000
1206 0 1.799302
1207 1 0.000000
1208 0 1.769597
1209 0 1.700720
1210 1 0.000000
1211 0 1.890714
1212 0 1.871793
1213 1 0.000000
1214 0 1.668655
1215 0 1.457253
1216 1 0.000000
1217 0 1.850456
1218 1 0.000000
1219 0 1.587919
1220 0 1.624761
1221 1 0.000000
1222 0 1.861711
1223 0 1.839400
1224 1 0.000000
1225 0 1.720341
1226 0 1.777910
1227 1 0.000000
1228 0 1.908963
1229 1 0.000000
1230 0 1.682090
1231 0 1.545965
1232 1 0.000000
1233 0 1.875404
1234 0 1.586633
1235 1 0.000000
1236 0 1.547125
1237 0 1.589452
1238 1 0.000000
1239 0 2.109595
1240 1 0.000000
1241 0 1.663063
1242 0 1.776406
1243 1 0.000000
1244 0 1.882756
1245 0 1.454142
1246 1 0.000000
1247 0 1.485232
1248 0 1.561183
1249 1 0.000000
1250 0 1.892779
1251 1 0.000000
1252 0 1.773541
1253 0 1.573689
1254 1 0.000000
1255 0 1.877937
1256 0 1.614911
1257 1 0.000000
1258 0 1.568121
1259 1 0.000000
1260 0 1.904539
1261 0 1.574180
1262 1 0.000000
1263 0 1.471178
1264 0 1.635328
1265 1 0.000000
1266 0 1.753189
1267 0 1.487773
1268 1 0.000000
1269 0 1.410559
1270 1 0.000000
1271 0 1.895691
1272 0 1.471360
1273 1 0.000000
1274 0 1.583423
1275 0 1.869469
1276 1 0.000000
1277 0 1.510983
1278 0 1.495059
1279 1 0.000000
1280 0 1.460972
1281 1 0.000000
1282 0 1.708016
1283 0 1.460030
1284 1 0.000000
1285 0 1.470292
1286 0 1.914024
1287 1 0.000000
1288 0 1.456859
1289 0 1.477491
1290 1 0.000000
1291 0 1.600784
1292 1 0.000000
1293 0 1.569938
1294 0 1.402370
1295 1 0.000000
1296 0 1.422471
1297 0 1.847100
1298 1 0.000000
1299 0 1.579653
1300 0 1.576160
1301 1 0.000000
1302 0 1.942431
1303 1 0.000000
1304 0 5.429446
1305 0 32.033386
1306 1 0.000000
1307 0 32.898834
1308 0 2.673181
1309 1 0.000000
1310 0 1.754221
1311 0 1.743938
1312 1 0.000000
1313 0 2.685217
1314 1 0.000000
1315 0 2.229637
1316 0 2.182187
1317 1 0.000000
1318 0 2.270359
1319 0 2.133001
1320 1 0.000000
1321 0 1.687333
1322 0 1.607756
1323 1 0.000000
1324 0 2.213228
1325 1 0.000000
1326 0 1.935551
1327 0 2.030716
1328 1 0.000000
1329 0 2.290376
1330 0 1.644688
1331 1 0.000000
1332 0 1.673207
1333 0 1.736285
1334 1 0.000000
1335 0 2.314623
1336 1 0.000000
1337 0 1.839432
1338 0 1.645464
1339 1 0.000000
1340 0 2.216335
1341 0 1.847609
1342 1 0.000000
1343 0 1.743467
1344 1 0.000000
1345 0 2.214287
1346 0 1.647049
1347 1 0.000000
1348 0 1.568958
1349 0 1.663326
1350 1 0.000000
1351 0 1.936149
1352 0 1.655318
1353 1 0.000000
1354 0 1.771243
1355 1 0.000000
1356 0 2.428056
1357 0 1.976495
1358 1 0.000000
1359 0 1.557901
1360 0 1.787418
1361 1 0.000000
1362 0 1.975830
1363 0 1.644121
1364 1 0.000000
1365 0 1.516397
1366 1 0.000000
1367 0 2.418431
1368 0 1.820794
1369 1 0.000000
1370 0 1.687212
1371 0 2.105485
1372 1 0.000000
1373 0 1.599983
1374 1 0.000000
1375 0 1.607210
1376 0 1.485825
1377 1 0.000000
1378 0 2.095244
1379 0 1.841323
1380 1 0.000000
1381 0 2.321816
1382 0 1.933669
1383 1 0.000000
1384 0 1.519326
1385 0 1.542083
1386 1 0.000000
1387 0 2.220559
1388 1 0.000000
1389 0 1.758133
1390 0 1.655377
1391 1 0.000000
1392 0 1.600573
1393 0 1.972082
1394 1 0.000000
1395 0 1.531117
1396 0 1.543435
1397 1 0.000000
1398 0 1.797228
1399 1 0.000000
1400 0 1.924636
1401 0 1.644007
1402 1 0.000000
1403 0 1.907436
1404 0 2.165471
1405 1 0.000000
1406 0 1.539406
1407 1 0.000000
1408 0 1.741247
1409 0 1.835859
1410 1 0.000000
1411 0 1.612978
1412 0 1.853973
1413 1 0.000000
1414 0 1.844619
1415 0 1.625436
1416 1 0.000000
1417 0 1.543591
1418 1 0.000000
1419 0 1.516477
1420 0 1.766482
1421 1 0.000000
1422 0 1.578763
1423 0 1.545645
1424 1 0.000000
1425 0 1.978316
1426 0 1.526902
1427 1 0.000000
1428 0 1.636939
1429 1 0.000000
1430 0 1.656484
1431 0 1.808979
1432 1 0.000000
1433 0 1.589799
1434 0 1.552735
1435 1 0.000000
1436 0 1.969819
1437 0 1.570784
1438 1 0.000000
1439 0 1.688741
1440 1 0.000000
1441 0 1.823664
1442 0 1.614539
1443 1 0.000000
1444 0 1.544011
1445 0 1.592499
1446 1 0.000000
1447 0 1.858328
1448 0 1.566774
1449 1 0.000000
1450 0 1.650268
1451 1 0.000000
1452 0 1.911718
1453 0 1.581353
1454 1 0.000000
1455 0 1.533481
1456 0 1.918531
1457 1 0.000000
1458 0 1.900739
1459 0 1.641787
1460 1 0.000000
1461 0 1.646344
1462 1 0.000000
1463 0 2.138316
1464 0 1.629010
1465 1 0.000000
1466 0 1.928185
1467 0 1.806497
1468 1 0.000000
1469 0 1.648563
1470 0 1.588797
1471 1 0.000000
1472 0 1.788941
1473 1 0.000000
1474 0 1.887308
1475 0 1.654587
1476 1 0.000000
1477 0 1.567678
1478 0 2.008970
1479 1 0.000000
1480 0 1.577405
1481 0 1.556055
1482 1 0.000000
1483 0 1.897316
1484 1 0.000000
1485 0 1.900444
1486 0 1.612374
1487 1 0.000000
1488 0 1.515195
1489 0 1.930079
1490 1 0.000000
1491 0 1.494320
1492 1 0.000000
1493 0 1.688606
1494 0 1.889624
1495 1 0.000000
1496 0 1.511940
1497 0 1.510374
1498 1 0.000000
1499 0 1.576340
1500 0 1.691995
1501 1 0.000000
1502 0 1.654753
1503 1 0.000000
1504 0 1.552285
1505 0 2.088208
1506 1 0.000000
1507 0 1.640949
1508 0 1.548119
1509 1 0.000000
1510 0 1.739257
1511 0 1.627823
1512 1 0.000000
1513 0 1.535553
1514 1 0.000000
1515 0 1.592787
1516 0 2.047379
1517 1 0.000000
1518 0 1.500364
1519 0 1.480431
1520 1 0.000000
1521 0 2.091643
1522 1 0.000000
1523 0 1.480932
1524 0 1.479829
1525 1 0.000000
1526 0 1.754431
1527 0 1.869978
1528 1 0.000000
1529 0 1.563771
1530 0 4.160505
1531 1 0.000000
1532 0 12.981039
1533 0 2.307308
1534 1 0.000000
1535 0 1.904728
1536 1 0.000000
1537 0 1.794224
1538 0 1.684019
1539 1 0.000000
1540 0 2.151835
1541 0 1.798429
1542 1 0.000000
1543 0 2.146099
1544 0 1.535388
1545 1 0.000000
1546 0 1.997319
1547 1 0.000000
1548 0 2.335484
1549 0 2.279907
1550 1 0.000000
1551 0 1.589537
1552 0 2.368866
1553 1 0.000000
1554 0 2.477528
1555 0 2.262500
1556 1 0.000000
1557 0 2.381707
1558 1 0.000000
1559 0 2.514804
1560 0 2.143881
1561 1 0.000000
1562 0 1.634972
1563 0 2.027815
1564 1 0.000000
1565 0 1.800302
1566 0 2.022895
1567 1 0.000000
1568 0 2.552630
1569 1 0.000000
1570 0 1.980578
1571 0 1.716099
1572 1 0.000000
1573 0 1.659783
1574 0 2.102498
1575 1 0.000000
1576 0 1.883791
1577 0 1.778196
1578 1 0.000000
1579 0 1.665760
1580 1 0.000000
1581 0 1.789429
1582 0 2.044805
1583 1 0.000000
1584 0 1.758248
1585 0 2.115318
1586 1 0.000000
1587 0 2.053361
1588 0 2.331044
1589 1 0.000000
1590 0 1.846971
1591 1 0.000000
1592 0 1.699042
1593 0 1.965906
1594 1 0.000000
1595 0 1.946951
1596 0 1.983048
1597 1 0.000000
1598 0 2.078423
1599 0 2.146493
1600 1 0.000000
1601 0 2.013962
1602 1 0.000000
1603 0 1.772935
1604 0 2.636048
1605 1 0.000000
1606 0 2.242787
1607 0 1.940006
1608 1 0.000000
1609 0 1.759650
1610 0 2.092218
1611 1 0.000000
1612 0 2.052752
1613 1 0.000000
1614 0 1.726790
1615 0 1.867849
1616 1 0.000000
1617 0 2.518153
1618 0 2.033003
1619 1 0.000000
1620 0 1.942941
1621 0 1.682161
1622 1 0.000000
1623 0 2.070980
1624 1 0.000000
1625 0 1.578939
1626 0 1.712072
1627 1 0.000000
1628 0 1.992359
1629 0 1.784522
1630 1 0.000000
1631 0 1.812763
1632 1 0.000000
1633 0 1.872010
1634 0 1.816491
1635 1 0.000000
1636 0 1.607735
1637 0 2.042121
1638 1 0.000000
1639 0 2.014097
1640 0 1.606408
1641 1 0.000000
1642 0 1.871738
1643 1 0.000000
1644 0 2.671306
1645 0 2.554441
1646 1 0.000000
1647 0 2.495788
1648 0 2.647035
1649 1 0.000000
1650 0 2.090011
1651 0 1.649633
1652 1 0.000000
1653 0 1.574554
1654 1 0.000000
1655 0 2.063901
1656 0 1.781873
1657 1 0.000000
1658 0 1.667457
1659 0 2.064453
1660 1 0.000000
1661 0 1.838719
1662 0 2.159677
1663 1 0.000000
1664 0 2.043584
1665 1 0.000000
1666 0 2.048765
1667 0 1.945186
1668 1 0.000000
1669 0 1.740659
1670 0 2.241587
1671 1 0.000000
1672 0 1.653829
1673 0 1.794076
1674 1 0.000000
1675 0 1.992211
1676 1 0.000000
1677 0 2.286959
1678 0 2.009730
1679 1 0.000000
1680 0 1.881601
1681 0 1.915611
1682 1 0.000000
1683 0 1.748153
1684 0 1.979401
1685 1 0.000000
1686 0 1.954779
1687 1 0.000000
1688 0 1.899974
1689 0 1.618104
1690 1 0.000000
1691 0 1.844592
1692 0 1.990600
1693 1 0.000000
1694 0 1.896458
1695 0 1.634968
1696 1 0.000000
1697 0 2.080978
1698 1 0.000000
1699 0 1.735913
1700 0 1.728207
1701 1 0.000000
1702 0 1.880753
1703 0 1.704933
1704 1 0.000000
1705 0 1.732897
1706 1 0.000000
1707 0 1.607904
1708 0 2.082400
1709 1 0.000000
1710 0 1.956775
1711 0 1.902014
1712 1 0.000000
1713 0 1.949855
1714 0 1.561165
1715 1 0.000000
1716 0 1.582303
1717 1 0.000000
1718 0 1.844324
1719 0 2.004500
1720 1 0.000000
1721 0 1.644246
1722 0 1.573615
1723 1 0.000000
1724 0 1.982928
1725 0 1.800293
1726 1 0.000000
1727 0 1.641611
1728 1 0.000000
1729 0 1.848208
1730 0 1.663293
1731 1 0.000000
1732 0 1.814129
1733 0 1.768426
1734 1 0.000000
1735 0 1.923372
1736 0 1.637706
1737 1 0.000000
1738 0 1.891780
1739 1 0.000000
1740 0 1.930526
1741 0 1.805118
1742 1 0.000000
1743 0 1.562888
1744 0 1.630386
1745 1 0.000000
1746 0 1.926018
1747 0 1.809632
1748 1 0.000000
1749 0 1.649132
1750 1 0.000000
1751 0 2.260473
1752 0 1.836802
1753 1 0.000000
1754 0 1.646757
1755 0 1.713563
1756 1 0.000000
1757 0 1.811384
1758 0 1.610925
1759 1 0.000000
1760 0 1.641553
1761 1 0.000000
1762 0 2.054242
1763 0 1.613539
1764 1 0.000000
1765 0 1.552358
1766 0 1.678759
1767 1 0.000000
1768 0 1.698269
1769 0 1.548462
1770 1 0.000000
1771 0 1.774615
1772 1 0.000000
1773 0 2.301784
1774 0 1.743154
1775 1 0.000000
1776 0 1.501777
1777 0 2.087137
1778 1 0.000000
1779 0 1.726377
1780 1 0.000000
1781 0 1.564911
1782 0 1.599754
1783 1 0.000000
1784 0 1.791121
1785 0 1.478102
1786 1 0.000000
1787 0 1.509188
1788 0 1.978131
1789 1 0.000000
1790 0 1.692577
1791 1 0.000000
1792 0 1.468354
1793 0 1.625681
1794 1 0.000000
1795 0 1.782870
1796 0 1.653235
1797 1 0.000000
1798 0 1.808235
1799 0 1.944373
1800 1 0.000000
1801 0 1.422023
1802 0 1.545008
1803 1 0.000000
1804 0 2.021848
1805 1 0.000000
1806 0 1.517402
1807 0 1.742149
1808 1 0.000000
1809 0 1.675749
1810 0 2.048085
1811 1 0.000000
1812 0 1.629311
1813 0 1.589658
1814 1 0.000000
1815 0 2.106388
1816 1 0.000000
1817 0 1.641284
1818 0 1.772896
1819 1 0.000000
1820 0 2.677869
1821 0 2.471786
1822 1 0.000000
1823 0 2.094459
1824 0 2.419827
1825 1 0.000000
1826 0 2.160149
1827 1 0.000000
1828 0 2.200797
1829 0 1.697262
1830 1 0.000000
1831 0 3.556582
1832 0 2.336689
1833 1 0.000000
1834 0 3.675911
1835 0 1.726053
1836 1 0.000000
1837 0 6.097643
1838 1 0.000000
1839 0 2.233681
1840 0 6.104303
1841 1 0.000000
1842 0 2.862191
1843 0 3.703626
1844 1 0.000000
1845 0 2.230740
1846 1 0.000000
1847 0 2.113522
1848 0 2.819893
1849 1 0.000000
1850 0 1.868560
1851 0 2.226239
1852 1 0.000000
1853 0 2.423234
1854 0 1.675864
1855 1 0.000000
1856 0 1.534418
1857 1 0.000000
1858 0 2.299452
1859 0 2.119222
1860 1 0.000000
1861 0 2.336255
1862 0 1.785417
1863 1 0.000000
1864 0 1.786892
1865 0 1.569675
1866 1 0.000000
1867 0 1.899309
1868 1 0.000000
1869 0 2.181341
1870 0 1.589050
1871 1 0.000000
1872 0 2.136787
1873 0 2.110659
1874 0 2.392660
1875 1 0.000000
1876 0 1.492501
1877 1 0.000000
1878 0 1.771672
1879 0 1.987289
1880 1 0.000000
1881 0 1.940018
1882 0 1.667184
1883 1 0.000000
1884 0 2.091184
1885 1 0.000000
1886 0 1.937351
1887 0 2.100494
1888 1 0.000000
1889 0 1.667151
1890 0 2.333038
1891 1 0.000000
1892 0 1.707290
1893 0 2.010439
1894 1 0.000000
1895 0 1.974357
1896 1 0.000000
1897 0 1.625872
1898 0 1.609680
1899 1 0.000000
1900 0 1.669874
1901 0 1.992011
1902 1 0.000000
1903 0 1.810402
1904 1 0.000000
1905 0 1.904399
1906 0 2.057984
1907 1 0.000000
1908 0 1.497706
1909 0 1.778712
1910 1 0.000000
1911 0 1.539199
1912 0 1.932001
1913 1 0.000000
1914 0 1.613412
1915 1 0.000000
1916 0 1.731616
1917 0 1.997776
1918 1 0.000000
1919 0 1.582528
1920 0 1.584891
1921 1 0.000000
1922 0 1.703517
1923 0 1.944739
1924 1 0.000000
1925 0 1.745406
1926 1 0.000000
1927 0 1.772407
1928 0 1.982350
1929 1 0.000000
1930 0 1.757037
1931 0 1.754571
1932 1 0.000000
1933 0 2.146607
1934 1 0.000000
1935 0 2.328535
1936 0 1.635889
1937 1 0.000000
1938 0 1.690289
1939 0 1.710060
1940 1 0.000000
1941 0 1.446667
1942 0 1.660753
1943 1 0.000000
1944 0 1.925438
1945 1 0.000000
1946 0 2.259300
1947 0 1.737331
1948 1 0.000000
1949 0 1.760920
1950 0 2.034517
1951 1 0.000000
1952 0 1.677584
1953 0 1.570432
1954 1 0.000000
1955 0 2.235515
1956 1 0.000000
1957 0 1.934102
1958 0 1.565116
1959 1 0.000000
1960 0 1.881433
1961 0 1.697219
1962 1 0.000000
1963 0 4.563246
1964 0 30.429113
1965 1 0.000000
1966 0 25.568262
1967 1 0.000000
1968 0 4.362425
1969 0 4.500741
1970 1 0.000000
1971 0 5.205729
1972 0 4.442925
1973 1 0.000000
1974 0 3.378807
1975 0 3.813991
1976 1 0.000000
1977 0 4.708827
1978 1 0.000000
1979 0 5.000863
1980 0 5.858018
1981 1 0.000000
1982 0 2.872838
1983 0 2.970095
1984 1 0.000000
1985 0 2.880360
1986 1 0.000000
1987 0 3.477550
1988 0 3.392519
1989 1 0.000000
1990 0 2.738420
1991 0 2.363934
1992 1 0.000000
1993 0 2.920917
1994 0 2.587148
1995 1 0.000000
1996 0 2.227331
1997 1 0.000000
1998 0 2.365014
1999 0 2.648133
2000 1 0.000000
2001 0 2.454207
2002 0 2.229293
2003 1 0.000000
2004 0 2.494678
2005 0 2.463086
2006 1 0.000000
2007 0 2.805490
2008 1 0.000000
2009 0 4.120133
2010 0 3.796251
2011 1 0.000000
2012 0 4.195910
2013 0 2.966339
2014 1 0.000000
2015 0 3.437337
2016 0 3.980106
2017 1 0.000000
2018 0 3.978534
2019 1 0.000000
2020 0 3.427988
2021 0 2.456310
2022 1 0.000000
2023 0 3.404605
2024 0 2.473635
2025 1 0.000000
2026 0 2.348561
2027 0 1.973351
2028 1 0.000000
2029 0 2.152897
2030 1 0.000000
2031 0 2.599437
2032 0 2.529452
2033 1 0.000000
2034 0 2.754793
2035 0 3.224842
2036 1 0.000000
2037 0 3.420272
2038 0 3.560721
2039 1 0.000000
2040 0 4.659678
2041 1 0.000000
2042 0 4.704271
2043 0 4.585503
2044 1 0.000000
2045 0 4.413281
2046 0 3.968883
2047 1 0.000000
2048 0 4.612353
2049 0 5.299898
2050 1 0.000000
2051 0 5.434006
2052 1 0.000000
2053 0 5.535920
2054 0 4.154317
2055 1 0.000000
2056 0 4.233188
2057 0 3.807693
2058 1 0.000000
2059 0 2.965698
2060 0 2.974850
2061 1 0.000000
2062 0 3.025272
2063 1 0.000000
2064 0 3.414507
2065 0 3.400793
2066 1 0.000000
2067 0 4.015302
2068 0 3.304993
2069 1 0.000000
2070 0 2.577209
2071 0 1.727829
2072 1 0.000000
2073 0 3.202535
2074 1 0.000000
2075 0 2.725661
2076 0 2.705569
2077 1 0.000000
2078 0 3.645272
2079 0 2.559890
2080 1 0.000000
2081 0 2.242265
2082 0 2.932304
2083 1 0.000000
2084 0 3.439537
2085 1 0.000000
2086 0 3.216869
2087 0 3.204989
2088 1 0.000000
2089 0 3.952089
2090 0 3.272395
2091 1 0.000000
2092 0 3.579873
2093 0 3.794846
2094 1 0.000000
2095 0 3.638399
2096 1 0.000000
2097 0 2.957141
2098 0 3.340070
2099 1 0.000000
2100 0 4.473795
2101 0 3.799147
2102 1 0.000000
2103 0 3.926251
2104 0 2.734929
2105 1 0.000000
2106 0 2.144161
2107 1 0.000000
2108 0 1.984350
2109 0 2.559599
2110 1 0.000000
2111 0 2.065217
2112 0 1.760281
2113 1 0.000000
2114 0 2.010999
2115 0 2.018331
2116 1 0.000000
2117 0 2.458880
2118 1 0.000000
2119 0 2.091679
2120 0 2.243096
2121 1 0.000000
2122 0 2.360263
2123 0 2.231341
2124 1 0.000000
2125 0 2.104768
2126 1 0.000000
2127 0 3.019474
2128 0 2.472550
2129 1 0.000000
2130 0 2.018185
2131 0 2.693984
2132 1 0.000000
2133 0 2.802751
2134 0 2.253925
2135 1 0.000000
2136 0 1.830186
2137 1 0.000000
2138 0 2.094449
2139 0 2.036418
2140 1 0.000000
2141 0 1.797102
2142 0 1.949245
2143 1 0.000000
2144 0 1.939439
2145 0 1.935908
2146 1 0.000000
2147 0 2.083507
2148 1 0.000000
2149 0 2.540050
2150 0 1.801372
2151 1 0.000000
2152 0 1.817123
2153 0 1.996060
2154 1 0.000000
2155 0 1.639801
2156 0 1.889826
2157 1 0.000000
2158 0 2.152616
2159 1 0.000000
2160 0 2.794803
2161 0 2.774217
2162 1 0.000000
2163 0 2.405078
2164 0 2.846861
2165 1 0.000000
2166 0 2.343723
2167 0 2.002050
2168 1 0.000000
2169 0 1.720321
2170 1 0.000000
2171 0 2.297784
2172 0 1.804306
2173 1 0.000000
2174 0 1.775815
2175 0 2.170578
2176 1 0.000000
2177 0 1.978866
2178 0 2.187575
2179 1 0.000000
2180 0 1.941771
2181 1 0.000000
2182 0 2.060781
2183 0 1.904540
2184 1 0.000000
2185 0 1.750561
2186 0 1.883828
2187 1 0.000000
2188 0 1.463843
2189 0 1.613486
2190 1 0.000000
2191 0 2.390118
2192 1 0.000000
2193 0 1.506965
2194 0 1.987983
2195 1 0.000000
2196 0 1.796230
2197 0 1.776801
2198 1 0.000000
2199 0 1.484178
2200 0 1.704333
2201 1 0.000000
2202 0 2.266968
2203 1 0.000000
2204 0 1.772646
2205 0 1.827209
2206 1 0.000000
2207 0 2.624551
2208 0 2.307454
2209 1 0.000000
2210 0 1.574355
2211 0 2.065121
2212 1 0.000000
2213 0 1.916170
2214 1 0.000000
2215 0 1.986530
2216 0 1.781039
2217 1 0.000000
2218 0 1.805229
2219 0 1.581549
2220 1 0.000000
2221 0 1.483161
2222 0 1.787978
2223 1 0.000000
2224 0 2.159413
2225 1 0.000000
2226 0 1.594030
2227 0 1.490342
2228 1 0.000000
2229 0 2.241635
2230 0 1.728273
2231 1 0.000000
2232 0 1.658742
2233 0 1.394830
2234 1 0.000000
2235 0 1.994767
2236 1 0.000000
2237 0 1.894480
2238 0 1.797556
2239 1 0.000000
2240 0 2.290022
2241 0 2.073423
2242 1 0.000000
2243 0 2.881003
2244 0 3.387592
2245 1 0.000000
2246 0 4.478831
2247 1 0.000000
2248 0 3.458120
2249 0 2.756538
2250 1 0.000000
2251 0 2.944465
2252 0 2.589276
2253 1 0.000000
2254 0 2.414103
2255 0 2.188332
2256 1 0.000000
2257 0 3.413825
2258 1 0.000000
2259 0 2.968627
2260 0 2.517471
2261 1 0.000000
2262 0 2.395141
2263 0 3.385044
2264 1 0.000000
2265 0 2.951641
2266 0 3.842067
2267 1 0.000000
2268 0 2.944135
2269 1 0.000000
2270 0 3.679324
2271 0 2.861258
2272 1 0.000000
2273 0 3.447513
2274 0 3.544905
2275 1 0.000000
2276 0 2.377416
2277 1 0.000000
2278 0 3.679520
2279 0 3.583114
2280 1 0.000000
2281 0 3.401512
2282 0 3.431531
2283 1 0.000000
2284 0 2.906642
2285 0 2.486332
2286 1 0.000000
2287 0 2.755967
2288 1 0.000000
2289 0 2.854232
2290 0 2.057739
2291 1 0.000000
2292 0 1.831906
2293 0 1.970055
2294 1 0.000000
2295 0 1.900001
2296 0 2.165749
2297 1 0.000000
2298 0 1.890365
2299 1 0.000000
2300 0 2.330404
2301 0 1.960434
2302 1 0.000000
2303 0 2.177519
2304 0 1.959560
2305 1 0.000000
2306 0 2.067391
2307 0 1.994335
2308 1 0.000000
2309 0 1.852220
2310 1 0.000000
2311 0 2.288952
2312 0 2.195044
2313 1 0.000000
2314 0 1.956480
2315 0 2.349232
2316 1 0.000000
2317 0 2.398654
2318 0 1.953284
2319 1 0.000000
2320 0 2.047844
2321 1 0.000000
2322 0 2.226027
2323 0 2.195987
2324 1 0.000000
2325 0 2.092381
2326 0 2.534598
2327 1 0.000000
2328 0 2.143042
2329 0 2.219032
2330 1 0.000000
2331 0 2.474207
2332 1 0.000000
2333 0 2.323472
2334 0 2.418076
2335 1 0.000000
2336 0 1.929105
2337 0 2.464463
2338 1 0.000000
2339 0 2.335579
2340 0 2.201476
2341 1 0.000000
2342 0 2.166316
2343 1 0.000000
2344 0 1.962525
2345 0 2.204566
2346 1 0.000000
2347 0 1.964537
2348 0 2.561793
2349 1 0.000000
2350 0 2.900313
2351 0 2.347127
2352 1 0.000000
2353 0 2.749698
2354 1 0.000000
2355 0 2.046053
2356 0 2.073941
2357 1 0.000000
2358 0 2.121552
2359 0 1.795854
2360 1 0.000000
2361 0 1.716331
2362 0 1.751383
2363 1 0.000000
2364 0 2.232290
2365 1 0.000000
2366 0 1.935335
2367 0 1.903993
2368 1 0.000000
2369 0 2.162829
2370 0 1.888321
2371 1 0.000000
2372 0 1.906714
2373 0 1.826346
2374 1 0.000000
2375 0 2.149416
2376 1 0.000000
2377 0 1.707997
2378 0 1.917935
2379 1 0.000000
2380 0 2.386046
2381 0 1.585638
2382 1 0.000000
2383 0 1.606912
2384 0 1.795793
2385 1 0.000000
2386 0 2.224666
2387 1 0.000000
2388 0 2.265805
2389 0 2.138804
2390 1 0.000000
2391 0 2.397432
2392 0 2.094635
2393 1 0.000000
2394 0 3.000015
2395 0 30.700155
2396 1 0.000000
2397 0 36.510666
2398 1 0.000000
2399 0 2.564492
2400 0 2.897918
2401 1 0.000000
2402 0 2.335987
2403 0 1.935658
2404 1 0.000000
2405 0 1.657918
2406 0 2.370985
2407 1 0.000000
2408 0 2.048268
2409 1 0.000000
2410 0 1.816689
2411 0 2.145342
2412 1 0.000000
2413 0 2.144478
2414 0 1.686110
2415 1 0.000000
2416 0 1.584991
2417 1 0.000000
2418 0 1.608085
2419 0 1.679117
2420 1 0.000000
2421 0 1.472667
2422 0 1.529823
2423 1 0.000000
2424 0 1.504519
2425 0 1.445492
2426 1 0.000000
2427 0 1.696610
2428 1 0.000000
2429 0 1.634190
2430 0 1.523169
2431 1 0.000000
2432 0 1.808759
2433 0 1.464822
2434 1 0.000000
2435 0 1.587735
2436 0 1.545742
2437 1 0.000000
2438 0 1.460596
2439 1 0.000000
2440 0 1.719393
2441 0 1.688111
2442 1 0.000000
2443 0 1.526127
2444 0 1.506510
2445 1 0.000000
2446 0 1.510524
2447 0 1.776851
2448 1 0.000000
2449 0 1.652114
2450 1 0.000000
2451 0 1.998623
2452 0 1.751402
2453 1 0.000000
2454 0 1.427481
2455 0 1.612595
2456 1 0.000000
2457 0 1.419353
2458 0 1.507103
2459 1 0.000000
2460 0 1.533730
2461 1 0.000000
2462 0 2.511009
2463 0 3.171704
2464 1 0.000000
2465 0 2.780379
2466 0 2.033561
2467 1 0.000000
2468 0 2.410366
2469 0 1.992822
2470 1 0.000000
2471 0 2.805623
2472 1 0.000000
2473 0 2.234978
2474 0 2.524267
2475 1 0.000000
2476 0 1.945453
2477 0 2.319417
2478 1 0.000000
2479 0 2.640206
2480 0 2.207832
2481 1 0.000000
2482 0 3.711905
2483 1 0.000000
2484 0 2.510574
2485 0 2.538597
2486 1 0.000000
2487 0 2.898076
2488 0 2.506550
2489 1 0.000000
2490 0 2.982491
2491 0 2.814159
2492 1 0.000000
2493 0 3.030070
2494 1 0.000000
2495 0 2.900761
2496 0 3.397917
2497 1 0.000000
2498 0 2.768200
2499 0 2.402913
2500 1 0.000000
2501 0 2.300129
2502 0 4.150055
2503 1 0.000000
2504 0 3.212794
2505 1 0.000000
2506 0 3.074125
2507 0 2.532225
2508 1 0.000000
2509 0 3.686413
2510 0 2.834416
2511 1 0.000000
2512 0 2.132004
2513 0 2.234220
2514 1 0.000000
2515 0 2.871118
2516 1 0.000000
2517 0 3.049139
2518 0 2.451518
2519 1 0.000000
2520 0 3.263840
2521 0 2.617646
2522 1 0.000000
2523 0 2.085692
2524 0 2.153536
2525 1 0.000000
2526 0 3.301175
2527 1 0.000000
2528 0 2.399182
2529 0 2.434178
2530 1 0.000000
2531 0 3.617609
2532 0 2.990929
2533 1 0.000000
2534 0 2.666505
2535 0 2.567602
2536 1 0.000000
2537 0 3.030552
2538 1 0.000000
2539 0 2.356006
2540 0 2.273327
2541 1 0.000000
2542 0 3.340595
2543 0 2.719026
2544 1 0.000000
2545 0 2.412058
2546 0 2.571002
2547 1 0.000000
2548 0 3.792941
2549 1 0.000000
2550 0 3.683711
2551 0 3.154987
2552 1 0.000000
2553 0 4.329655
2554 0 3.420495
2555 1 0.000000
2556 0 3.926416
2557 0 3.559381
2558 1 0.000000
2559 0 4.268744
2560 1 0.000000
2561 0 3.236505
2562 0 4.015016
2563 1 0.000000
2564 0 3.513096
2565 0 3.412532
2566 1 0.000000
2567 0 3.187953
2568 0 3.299283
2569 1 0.000000
2570 0 3.977618
2571 1 0.000000
2572 0 3.483099
2573 0 3.191685
2574 1 0.000000
2575 0 5.556442
2576 0 3.102103
2577 1 0.000000
2578 0 3.308511
2579 0 2.982111
2580 1 0.000000
2581 0 3.090991
2582 1 0.000000
2583 0 2.748527
2584 0 3.313009
2585 1 0.000000
2586 0 2.938660
2587 0 2.663192
2588 1 0.000000
2589 0 3.555064
2590 0 3.090115
2591 1 0.000000
2592 0 2.975362
2593 1 0.000000
2594 0 3.615609
2595 0 3.093862
2596 1 0.000000
2597 0 3.086245
2598 0 4.703714
2599 1 0.000000
2600 0 3.088565
2601 0 3.839333
2602 1 0.000000
2603 0 2.864727
2604 1 0.000000
2605 0 2.928200
2606 0 2.983615
2607 1 0.000000
2608 0 3.040619
2609 0 2.592796
2610 1 0.000000
2611 0 2.627040
2612 0 3.333194
2613 1 0.000000
2614 0 2.748529
2615 1 0.000000
2616 0 2.675803
2617 0 4.007346
2618 1 0.000000
2619 0 2.609152
2620 0 2.480906
2621 1 0.000000
2622 0 2.485278
2623 0 3.113841
2624 1 0.000000
2625 0 3.040724
2626 1 0.000000
2627 0 3.310367
2628 0 5.090789
2629 1 0.000000
2630 0 4.294638
2631 0 3.415547
2632 1 0.000000
2633 0 3.621325
2634 0 3.164095
2635 1 0.000000
2636 0 4.428504
2637 1 0.000000
2638 0 3.915129
2639 0 4.359794
2640 1 0.000000
2641 0 3.470087
2642 0 3.614127
2643 1 0.000000
2644 0 4.079609
2645 1 0.000000
2646 0 4.075195
2647 0 3.609156
2648 1 0.000000
2649 0 4.411743
2650 0 4.208585
2651 1 0.000000
2652 0 4.502557
2653 0 4.289608
2654 1 0.000000
2655 0 4.866609
2656 1 0.000000
2657 0 4.738790
2658 0 5.072207
2659 1 0.000000
2660 0 5.504843
2661 0 5.500840
2662 1 0.000000
2663 0 4.158487
2664 0 3.813219
2665 1 0.000000
2666 0 4.648184
2667 1 0.000000
2668 0 3.796130
2669 0 3.739915
2670 1 0.000000
2671 0 4.267162
2672 0 3.603722
2673 1 0.000000
2674 0 3.804222
2675 0 2.467527
2676 1 0.000000
2677 0 3.373785
2678 1 0.000000
2679 0 2.730415
2680 0 3.767591
2681 1 0.000000
2682 0 3.978652
2683 0 3.742488
2684 1 0.000000
2685 0 3.466098
2686 0 3.542458
2687 1 0.000000
2688 0 4.005749
2689 1 0.000000
2690 0 3.545349
2691 0 2.889151
2692 1 0.000000
2693 0 3.468014
2694 0 2.449346
2695 1 0.000000
2696 0 3.571591
2697 0 4.098317
2698 1 0.000000
2699 0 4.208846
2700 1 0.000000
2701 0 2.535049
2702 0 3.033102
2703 1 0.000000
2704 0 3.097084
2705 0 2.257449
2706 1 0.000000
2707 0 2.301497
2708 0 2.897108
2709 1 0.000000
2710 0 2.463443
2711 1 0.000000
2712 0 2.618246
2713 0 3.010233
2714 1 0.000000
2715 0 3.686045
2716 0 3.058461
2717 1 0.000000
2718 0 3.130860
2719 0 2.766795
2720 1 0.000000
2721 0 2.891726
2722 1 0.000000
2723 0 3.429534
2724 0 2.734668
2725 1 0.000000
2726 0 3.640261
2727 0 2.897111
2728 1 0.000000
2729 0 2.565549
2730 1 0.000000
2731 0 2.883911
2732 0 2.647057
2733 1 0.000000
2734 0 2.242723
2735 0 2.844491
2736 1 0.000000
2737 0 2.466452
2738 0 3.319921
2739 1 0.000000
2740 0 2.421472
2741 1 0.000000
2742 0 2.926702
2743 0 2.422550
2744 1 0.000000
2745 0 3.526826
2746 0 3.262981
2747 1 0.000000
2748 0 2.888675
2749 0 3.350014
2750 1 0.000000
2751 0 2.670007
2752 1 0.000000
2753 0 3.558069
2754 0 2.564660
2755 1 0.000000
2756 0 2.531360
2757 0 3.799389
2758 1 0.000000
2759 0 24.271616
2760 0 4.247917
2761 1 0.000000
2762 0 3.361604
2763 1 0.000000
2764 0 4.835259
2765 0 4.884435
2766 1 0.000000
2767 0 2.811235
2768 0 3.552274
2769 1 0.000000
2770 0 2.266729
2771 0 2.214709
2772 1 0.000000
2773 0 2.551718
2774 1 0.000000
2775 0 2.818723
2776 0 2.115036
2777 1 0.000000
2778 0 3.035254
2779 0 2.772940
2780 1 0.000000
2781 0 2.365950
2782 0 2.371722
2783 1 0.000000
2784 0 3.188415
2785 1 0.000000
2786 0 2.856440
2787 0 2.542258
2788 1 0.000000
2789 0 2.878749
2790 0 2.621972
2791 1 0.000000
2792 0 2.563898
2793 0 2.577486
2794 1 0.000000
2795 0 2.707045
2796 1 0.000000
2797 0 2.215842
2798 0 2.336824
2799 1 0.000000
2800 0 2.715075
2801 0 2.180444
2802 1 0.000000
2803 0 2.096206
2804 0 2.041327
2805 1 0.000000
2806 0 2.677908
2807 1 0.000000
2808 0 2.414147
2809 0 2.112581
2810 1 0.000000
2811 0 2.152389
2812 0 3.274314
2813 1 0.000000
2814 0 2.292333
2815 0 3.097780
2816 1 0.000000
2817 0 2.937110
2818 1 0.000000
2819 0 3.141923
2820 0 2.841177
2821 1 0.000000
2822 0 3.441427
2823 0 3.028331
2824 1 0.000000
2825 0 3.171267
2826 0 2.242626
2827 1 0.000000
2828 0 3.273058
2829 1 0.000000
2830 0 2.592580
2831 0 2.647802
2832 1 0.000000
2833 0 3.883849
2834 0 2.331991
2835 1 0.000000
2836 0 2.504238
2837 0 2.765125
2838 1 0.000000
2839 0 3.321999
2840 1 0.000000
2841 0 2.964926
2842 0 3.093104
2843 1 0.000000
2844 0 2.939532
2845 0 2.904894
2846 1 0.000000
2847 0 2.615232
2848 1 0.000000
2849 0 2.918047
2850 0 2.503472
2851 1 0.000000
2852 0 2.290735
2853 0 2.853609
2854 1 0.000000
2855 0 2.590833
2856 0 2.570278
2857 1 0.000000
2858 0 2.830961
2859 1 0.000000
2860 0 3.109396
2861 0 2.571167
2862 1 0.000000
2863 0 2.434586
2864 0 2.194100
2865 1 0.000000
2866 0 2.718613
2867 0 2.691834
2868 1 0.000000
2869 0 2.957075
2870 1 0.000000
2871 0 2.960627
2872 0 2.384570
2873 1 0.000000
2874 0 2.480217
2875 0 2.484550
2876 1 0.000000
2877 0 2.181475
2878 0 2.119792
2879 1 0.000000
2880 0 2.328214
2881 1 0.000000
2882 0 2.545391
2883 0 2.013017
2884 1 0.000000
2885 0 2.532880
2886 0 2.433402
2887 1 0.000000
2888 0 2.532490
2889 0 2.086613
2890 1 0.000000
2891 0 2.215614
2892 1 0.000000
2893 0 2.635407
2894 0 1.929077
2895 1 0.000000
2896 0 2.033604
2897 0 2.728094
2898 1 0.000000
2899 0 2.240481
2900 0 2.207563
2901 1 0.000000
2902 0 2.199112
2903 1 0.000000
2904 0 2.382203
2905 0 2.363686
2906 1 0.000000
2907 0 2.113861
2908 0 2.660540
2909 1 0.000000
2910 0 2.577996
2911 0 2.075177
2912 1 0.000000
2913 0 2.250719
2914 1 0.000000
2915 0 2.369934
2916 0 2.333394
2917 1 0.000000
2918 0 2.580171
2919 0 2.660484
2920 1 0.000000
2921 0 2.354803
2922 0 2.323461
2923 1 0.000000
2924 0 2.523126
2925 1 0.000000
2926 0 2.367525
2927 0 2.258631
2928 1 0.000000
2929 0 2.427575
2930 0 2.301756
2931 1 0.000000
2932 0 2.037719
2933 0 2.078769
2934 1 0.000000
2935 0 2.672281
2936 1 0.000000
2937 0 2.263808
2938 0 2.503215
2939 1 0.000000
2940 0 2.186653
2941 0 2.174514
2942 1 0.000000
2943 0 1.999112
2944 0 2.250337
2945 1 0.000000
2946 0 2.680793
2947 1 0.000000
2948 0 2.473257
2949 0 2.029718
2950 1 0.000000
2951 0 2.488066
2952 0 2.296940
2953 1 0.000000
2954 0 2.087777
2955 0 2.290134
2956 1 0.000000
2957 0 2.428038
2958 1 0.000000
2959 0 2.679243
2960 0 2.113865
2961 1 0.000000
2962 0 2.941524
2963 0 1.966729
2964 1 0.000000
2965 0 1.991564
2966 0 2.060790
2967 1 0.000000
2968 0 2.551546
2969 1 0.000000
2970 0 2.214821
2971 0 1.987804
2972 1 0.000000
2973 0 2.569182
2974 0 2.242537
2975 1 0.000000
2976 0 2.177399
2977 0 2.045626
2978 1 0.000000
2979 0 2.456288
2980 1 0.000000
2981 0 2.040555
2982 0 2.057068
2983 1 0.000000
2984 0 2.670266
2985 0 2.371289
2986 1 0.000000
2987 0 2.535878
2988 1 0.000000
2989 0 2.677855
2990 0 2.091214
2991 1 0.000000
2992 0 2.288473
2993 0 2.626219
2994 1 0.000000
2995 0 2.679215
2996 0 1.967494
2997 1 0.000000
2998 0 2.119836
2999 1 0.000000
3000 0 2.689832
3001 0 2.219379
3002 1 0.000000
3003 0 2.136014
3004 0 2.172771
3005 1 0.000000
3006 0 2.312310
3007 0 2.008194
3008 1 0.000000
3009 0 1.973164
3010 1 0.000000
3011 0 2.775409
3012 0 2.081857
3013 1 0.000000
3014 0 2.656809
3015 0 2.382287
3016 1 0.000000
3017 0 2.995921
3018 0 2.201833
3019 1 0.000000
3020 0 2.061866
3021 1 0.000000
3022 0 3.033736
3023 0 2.983245
3024 1 0.000000
3025 0 2.275771
3026 0 2.891683
3027 1 0.000000
3028 0 1.972235
3029 0 2.008058
3030 1 0.000000
3031 0 2.042450
3032 1 0.000000
3033 0 3.300350
3034 0 2.058342
3035 1 0.000000
3036 0 2.075298
3037 0 2.515088
3038 1 0.000000
3039 0 2.417723
3040 0 1.901299
3041 1 0.000000
3042 0 2.439778
3043 1 0.000000
3044 0 2.766264
3045 0 2.350195
3046 1 0.000000
3047 0 2.527240
3048 0 2.498735
3049 1 0.000000
3050 0 2.853888
3051 0 2.736206
3052 1 0.000000
3053 0 2.915248
3054 1 0.000000
3055 0 2.363090
3056 0 2.471405
3057 1 0.000000
3058 0 2.439784
3059 0 2.317035
3060 1 0.000000
3061 0 2.099911
3062 0 2.498344
3063 1 0.000000
3064 0 2.346398
3065 1 0.000000
3066 0 2.408533
3067 0 2.770714
3068 1 0.000000
3069 0 2.354233
3070 0 2.461493
3071 1 0.000000
3072 0 2.166220
3073 0 2.428661
3074 1 0.000000
3075 0 2.702327
3076 1 0.000000
3077 0 2.301691
3078 0 1.983094
3079 1 0.000000
3080 0 2.319720
3081 0 2.095911
3082 1 0.000000
3083 0 2.188457
3084 0 2.489719
3085 1 0.000000
3086 0 2.875007
3087 1 0.000000
3088 0 2.555466
3089 0 1.943522
3090 1 0.000000
3091 0 2.507237
3092 0 2.072621
3093 1 0.000000
3094 0 2.072931
3095 0 2.683645
3096 1 0.000000
3097 0 2.625319
3098 1 0.000000
3099 0 2.574205
3100 0 2.557475
3101 1 0.000000
3102 0 2.353781
3103 0 1.980512
3104 1 0.000000
3105 0 2.202151
3106 0 2.036042
3107 1 0.000000
3108 0 3.084148
3109 1 0.000000
3110 0 4.844694
3111 0 37.906464
3112 1 0.000000
3113 0 12.174174
3114 0 3.026447
3115 1 0.000000
3116 0 3.220388
3117 0 5.784178
3118 1 0.000000
3119 0 5.617755
3120 1 0.000000
3121 0 3.736578
3122 0 3.145830
3123 1 0.000000
3124 0 3.808578
3125 0 4.648877
3126 1 0.000000
3127 0 5.492287
3128 0 6.389753
3129 1 0.000000
3130 0 7.088410
3131 1 0.000000
3132 0 4.811883
3133 0 5.482966
3134 1 0.000000
3135 0 4.768986
3136 0 3.895298
3137 1 0.000000
3138 0 4.683963
3139 1 0.000000
3140 0 4.186089
3141 0 6.075058
3142 1 0.000000
3143 0 2.991145
3144 0 3.548293
3145 1 0.000000
3146 0 4.329019
3147 0 3.511772
3148 1 0.000000
3149 0 4.270803
3150 1 0.000000
3151 0 4.526789
3152 0 4.860177
3153 1 0.000000
3154 0 5.489815
3155 0 6.492505
3156 1 0.000000
3157 0 5.442231
3158 0 4.559725
3159 1 0.000000
3160 0 4.327199
3161 1 0.000000
3162 0 4.774773
3163 0 4.558262
3164 1 0.000000
3165 0 4.010892
3166 0 4.919846
3167 1 0.000000
3168 0 5.210361
3169 0 5.272997
3170 1 0.000000
3171 0 4.963061
3172 1 0.000000
3173 0 4.523009
3174 0 4.296284
3175 1 0.000000
3176 0 4.622950
3177 0 4.902866
3178 1 0.000000
3179 0 4.350523
3180 0 2.934429
3181 1 0.000000
3182 0 3.059140
3183 1 0.000000
3184 0 3.106458
3185 0 4.344441
3186 1 0.000000
3187 0 4.104603
3188 0 4.732077
3189 1 0.000000
3190 0 6.267893
3191 0 4.497226
3192 1 0.000000
3193 0 4.186676
3194 1 0.000000
3195 0 4.326342
3196 0 5.837443
3197 1 0.000000
3198 0 6.530913
3199 0 6.309796
3200 1 0.000000
3201 0 4.685099
3202 0 6.311939
3203 1 0.000000
3204 0 3.158140
3205 1 0.000000
3206 0 3.801081
3207 0 4.228200
3208 1 0.000000
3209 0 4.929662
3210 0 4.417256
3211 1 0.000000
3212 0 4.054731
3213 0 4.276102
3214 1 0.000000
3215 0 4.365400
3216 1 0.000000
3217 0 3.748956
3218 0 3.514778
3219 1 0.000000
3220 0 4.745423
3221 0 4.352676
3222 1 0.000000
3223 0 4.272656
3224 0 4.394505
3225 1 0.000000
3226 0 3.642069
3227 1 0.000000
3228 0 3.926175
3229 0 3.972249
3230 1 0.000000
3231 0 3.587633
3232 0 3.406404
3233 1 0.000000
3234 0 3.248356
3235 0 3.870625
3236 1 0.000000
3237 0 3.680973
3238 1 0.000000
3239 0 3.665277
3240 0 4.185635
3241 1 0.000000
3242 0 4.884754
3243 0 4.659620
3244 1 0.000000
3245 0 2.748898
3246 0 2.868814
3247 1 0.000000
3248 0 3.329936
3249 1 0.000000
3250 0 3.766652
3251 0 2.953946
3252 1 0.000000
3253 0 3.468379
3254 0 2.942882
3255 1 0.000000
3256 0 2.989993
3257 0 2.547318
3258 1 0.000000
3259 0 3.537511
3260 1 0.000000
3261 0 2.591305
3262 0 2.362653
3263 1 0.000000
3264 0 2.928700
3265 0 2.040347
3266 1 0.000000
3267 0 2.199360
3268 0 2.296657
3269 1 0.000000
3270 0 2.419230
3271 1 0.000000
3272 0 2.868935
3273 0 2.680448
3274 1 0.000000
3275 0 2.886517
3276 0 2.667462
3277 1 0.000000
3278 0 2.701400
3279 1 0.000000
3280 0 3.342888
3281 0 2.387056
3282 1 0.000000
3283 0 1.869050
3284 0 2.331349
3285 1 0.000000
3286 0 1.880445
3287 0 1.925277
3288 1 0.000000
3289 0 1.834547
3290 1 0.000000
3291 0 2.342783
3292 0 2.298902
3293 1 0.000000
3294 0 1.903414
3295 0 2.287735
3296 1 0.000000
3297 0 2.170876
3298 0 1.945337
3299 1 0.000000
3300 0 1.774381
3301 1 0.000000
3302 0 2.107297
3303 0 1.716212
3304 1 0.000000
3305 0 2.009041
3306 0 2.316962
3307 1 0.000000
3308 0 1.823479
3309 0 1.669660
3310 1 0.000000
3311 0 1.733729
3312 1 0.000000
3313 0 2.475510
3314 0 2.090474
3315 1 0.000000
3316 0 1.638628
3317 0 2.067893
3318 1 0.000000
3319 0 1.929664
3320 0 1.982271
3321 1 0.000000
3322 0 2.195372
3323 1 0.000000
3324 0 2.124983
3325 0 1.837155
3326 1 0.000000
3327 0 1.871461
3328 0 2.206697
3329 1 0.000000
3330 0 2.142993
3331 0 1.956055
3332 1 0.000000
3333 0 2.168340
3334 1 0.000000
3335 0 1.910797
3336 0 2.096096
3337 1 0.000000
3338 0 2.230594
3339 0 2.128286
3340 1 0.000000
3341 0 1.955839
3342 0 2.145193
3343 1 0.000000
3344 0 2.801233
3345 1 0.000000
3346 0 2.634416
3347 0 2.596366
3348 1 0.000000
3349 0 3.001876
3350 0 2.514836
3351 1 0.000000
3352 0 2.470141
3353 0 2.154921
3354 1 0.000000
3355 0 2.603895
3356 1 0.000000
3357 0 2.061982
3358 0 2.682173
3359 1 0.000000
3360 0 2.632400
3361 0 2.761112
3362 1 0.000000
3363 0 2.664240
3364 0 2.386386
3365 1 0.000000
3366 0 2.868643
3367 1 0.000000
3368 0 2.198807
3369 0 2.486533
3370 1 0.000000
3371 0 2.425639
3372 0 2.174648
3373 1 0.000000
3374 0 2.051863
3375 0 1.937335
3376 1 0.000000
3377 0 2.018621
3378 1 0.000000
3379 0 1.726587
3380 0 1.823297
3381 1 0.000000
3382 0 2.257377
3383 0 1.670340
3384 1 0.000000
3385 0 1.753731
3386 0 1.738064
3387 1 0.000000
3388 0 2.172525
3389 1 0.000000
3390 0 2.095182
3391 0 2.056145
3392 1 0.000000
3393 0 2.480762
3394 0 2.308242
3395 1 0.000000
3396 0 2.660579
3397 1 0.000000
3398 0 2.605833
3399 0 2.353164
3400 1 0.000000
3401 0 2.206749
3402 0 2.436396
3403 1 0.000000
3404 0 2.391067
3405 0 2.033211
3406 1 0.000000
3407 0 2.057900
3408 1 0.000000
3409 0 2.359124
3410 0 2.150857
3411 1 0.000000
3412 0 2.095187
3413 0 2.360178
3414 1 0.000000
3415 0 2.787435
3416 0 3.081550
3417 1 0.000000
3418 0 2.483634
3419 1 0.000000
3420 0 2.856957
3421 0 2.478098
3422 1 0.000000
3423 0 2.301108
3424 0 2.375522
3425 1 0.000000
3426 0 2.069440
3427 0 1.971990
3428 1 0.000000
3429 0 2.181943
3430 1 0.000000
3431 0 2.502556
3432 0 2.100367
3433 1 0.000000
3434 0 2.211069
3435 0 2.470059
3436 1 0.000000
3437 0 1.764381
3438 0 1.685942
3439 1 0.000000
3440 0 1.688772
3441 1 0.000000
3442 0 1.955297
3443 0 1.865206
3444 1 0.000000
3445 0 1.878747
3446 0 2.436211
3447 1 0.000000
3448 0 2.004217
3449 0 1.847541
3450 1 0.000000
3451 0 1.903061
3452 1 0.000000
3453 0 2.068627
3454 0 2.489885
3455 1 0.000000
3456 0 2.434582
3457 0 2.852685
3458 1 0.000000
3459 0 2.380068
3460 0 2.416870
3461 1 0.000000
3462 0 2.711035
3463 1 0.000000
3464 0 2.948519
3465 0 3.304510
3466 1 0.000000
3467 0 3.085828
3468 0 2.581150
3469 1 0.000000
3470 0 2.139218
3471 0 2.398005
3472 1 0.000000
3473 0 2.783967
3474 1 0.000000
3475 0 2.681988
3476 0 2.603822
3477 1 0.000000
3478 0 2.534118
3479 0 2.731842
3480 1 0.000000
3481 0 2.199615
3482 0 2.800246
3483 1 0.000000
3484 0 2.661616
3485 1 0.000000
3486 0 2.100760
3487 0 2.314727
3488 1 0.000000
3489 0 2.291784
3490 0 1.966073
3491 1 0.000000
3492 0 1.904418
3493 0 1.799184
3494 1 0.000000
3495 0 2.184003
3496 1 0.000000
3497 0 1.871503
3498 0 1.918319
3499 1 0.000000
3500 0 2.080496
3501 0 1.946801
3502 1 0.000000
3503 0 1.860206
3504 0 1.719023
3505 1 0.000000
3506 0 2.151478
3507 1 0.000000
3508 0 1.566248
3509 0 1.735302
3510 1 0.000000
3511 0 1.711181
3512 0 1.574233
3513 1 0.000000
3514 0 1.603036
3515 0 1.984737
3516 1 0.000000
3517 0 2.193861
3518 1 0.000000
3519 0 1.959007
3520 0 1.769712
3521 1 0.000000
3522 0 2.166518
3523 0 1.879372
3524 1 0.000000
3525 0 2.293877
3526 0 2.088500
3527 1 0.000000
3528 0 2.686287
3529 1 0.000000
3530 0 2.516065
3531 0 2.242801
3532 1 0.000000
3533 0 2.158594
3534 0 1.839725
3535 1 0.000000
3536 0 1.849730
3537 1 0.000000
3538 0 2.184280
3539 0 1.872855
3540 1 0.000000
3541 0 1.873131
3542 0 2.039575
3543 1 0.000000
3544 0 2.211567
3545 0 2.143815
3546 1 0.000000
3547 0 2.290805
3548 1 0.000000
3549 0 2.618402
3550 0 2.726805
3551 1 0.000000
3552 0 2.646784
3553 0 2.649099
3554 1 0.000000
3555 0 2.363435
3556 0 2.210000
3557 1 0.000000
3558 0 1.943214
3559 1 0.000000
3560 0 2.179769
3561 0 1.814559
3562 1 0.000000
3563 0 1.836478
3564 0 1.757208
3565 1 0.000000
3566 0 1.749389
3567 0 2.038455
3568 1 0.000000
3569 0 1.813917
3570 1 0.000000
3571 0 2.591452
3572 0 1.982763
3573 1 0.000000
3574 0 2.010652
3575 0 2.364944
3576 1 0.000000
3577 0 2.143150
3578 0 2.172460
3579 1 0.000000
3580 0 2.189982
3581 1 0.000000
3582 0 2.586495
3583 0 2.406184
3584 1 0.000000
3585 0 2.505303
3586 0 2.448223
3587 1 0.000000
3588 0 2.050228
3589 0 1.914764
3590 1 0.000000
3591 0 2.130504
3592 1 0.000000
3593 0 2.058674
3594 0 2.485720
3595 1 0.000000
3596 0 12.499644
3597 0 3.845231
3598 1 0.000000
3599 0 3.243339
3600 0 2.042059
3601 1 0.000000
3602 0 3.595799
3603 1 0.000000
3604 0 2.424654
3605 0 2.106339
3606 1 0.000000
3607 0 2.041583
3608 0 2.141093
3609 1 0.000000
3610 0 2.065799
3611 0 2.238416
3612 1 0.000000
3613 0 2.154504
3614 1 0.000000
3615 0 2.548019
3616 0 2.848654
3617 1 0.000000
3618 0 2.090611
3619 0 3.172899
3620 1 0.000000
3621 0 2.561287
3622 0 1.868881
3623 1 0.000000
3624 0 2.609075
3625 1 0.000000
3626 0 1.877011
3627 0 3.037852
3628 1 0.000000
3629 0 2.179248
3630 0 2.131074
3631 1 0.000000
3632 0 2.143933
3633 0 1.658923
3634 1 0.000000
3635 0 2.449019
3636 1 0.000000
3637 0 1.816360
3638 0 1.705685
3639 1 0.000000
3640 0 1.977942
3641 0 2.167908
3642 1 0.000000
3643 0 2.472917
3644 0 2.282476
3645 1 0.000000
3646 0 2.288852
3647 1 0.000000
3648 0 2.570252
3649 0 2.018631
3650 1 0.000000
3651 0 2.367666
3652 0 1.795242
3653 1 0.000000
3654 0 1.928895
3655 0 2.404550
3656 1 0.000000
3657 0 2.560564
3658 1 0.000000
3659 0 2.128748
3660 0 1.829440
3661 1 0.000000
3662 0 2.133423
3663 0 2.260520
3664 1 0.000000
3665 0 1.705531
3666 0 1.811719
3667 1 0.000000
3668 0 2.208050
3669 1 0.000000
3670 0 1.938425
3671 0 2.656826
3672 1 0.000000
3673 0 2.502568
3674 0 1.708911
3675 1 0.000000
3676 0 1.885848
3677 1 0.000000
3678 0 1.972565
3679 0 1.909176
3680 1 0.000000
3681 0 2.340643
3682 0 1.925836
3683 1 0.000000
3684 0 2.624984
3685 0 2.069419
3686 1 0.000000
3687 0 2.149901
3688 1 0.000000
3689 0 2.191766
3690 0 1.983791
3691 1 0.000000
3692 0 1.772903
3693 0 1.945841
3694 1 0.000000
3695 0 2.090808
3696 0 1.719212
3697 1 0.000000
3698 0 2.033385
3699 1 0.000000
3700 0 2.262156
3701 0 1.689154
3702 1 0.000000
3703 0 1.889652
3704 0 2.092188
3705 1 0.000000
3706 0 1.913357
3707 0 2.255042
3708 1 0.000000
3709 0 1.790057
3710 1 0.000000
3711 0 2.064216
3712 0 1.700958
3713 1 0.000000
3714 0 2.905739
3715 0 2.314253
3716 1 0.000000
3717 0 2.347507
3718 0 1.851816
3719 1 0.000000
3720 0 2.252252
3721 1 0.000000
3722 0 2.139033
3723 0 1.653379
3724 1 0.000000
3725 0 1.844730
3726 0 2.408811
3727 1 0.000000
3728 0 2.086457
3729 0 1.950589
3730 1 0.000000
3731 0 1.928524
3732 1 0.000000
3733 0 2.311700
3734 0 2.375437
3735 1 0.000000
3736 0 1.984801
3737 0 2.138491
3738 1 0.000000
3739 0 1.822949
3740 0 1.556470
3741 1 0.000000
3742 0 1.920295
3743 1 0.000000
3744 0 1.791445
3745 0 1.808498
3746 1 0.000000
3747 0 2.398573
3748 0 2.301480
3749 1 0.000000
3750 0 2.557068
3751 0 2.032931
3752 1 0.000000
3753 0 1.915087
3754 1 0.000000
3755 0 2.687296
3756 0 1.649418
3757 1 0.000000
3758 0 2.271914
3759 0 2.112111
3760 1 0.000000
3761 0 1.641776
3762 0 1.775171
3763 1 0.000000
3764 0 2.338540
3765 1 0.000000
3766 0 1.830799
3767 0 2.090765
3768 1 0.000000
3769 0 2.198377
3770 0 1.887048
3771 1 0.000000
3772 0 1.795758
3773 0 1.962422
3774 1 0.000000
3775 0 2.686845
3776 1 0.000000
3777 0 1.859519
3778 0 1.974631
3779 1 0.000000
3780 0 3.368046
3781 0 2.076679
3782 1 0.000000
3783 0 2.417748
3784 0 2.444196
3785 1 0.000000
3786 0 2.844768
3787 1 0.000000
3788 0 2.201560
3789 0 2.014091
3790 1 0.000000
3791 0 2.197669
3792 0 1.923025
3793 1 0.000000
3794 0 1.731900
3795 0 2.262696
3796 1 0.000000
3797 0 2.212224
3798 1 0.000000
3799 0 2.025320
3800 0 1.696796
3801 1 0.000000
3802 0 3.117887
3803 0 2.156956
3804 1 0.000000
3805 0 1.553955
3806 0 1.673914
3807 1 0.000000
3808 0 2.122822
3809 1 0.000000
3810 0 1.697791
3811 0 1.630107
3812 1 0.000000
3813 0 2.039464
3814 0 1.862496
3815 1 0.000000
3816 0 1.628562
3817 0 2.169124
3818 1 0.000000
3819 0 1.958519
3820 1 0.000000
3821 0 2.508938
3822 0 2.266728
3823 1 0.000000
3824 0 1.974520
3825 0 1.512543
3826 1 0.000000
3827 0 1.766263
3828 0 1.549350
3829 1 0.000000
3830 0 1.574754
3831 1 0.000000
3832 0 1.657022
3833 0 1.530063
3834 1 0.000000
3835 0 1.677114
3836 0 1.402176
3837 1 0.000000
3838 0 1.421360
3839 1 0.000000
3840 0 1.989109
3841 0 1.805157
3842 1 0.000000
3843 0 1.991910
3844 0 1.690148
3845 1 0.000000
3846 0 1.722672
3847 0 1.810270
3848 1 0.000000
3849 0 1.927946
3850 1 0.000000
3851 0 2.131406
3852 0 2.342341
3853 1 0.000000
3854 0 1.715948
3855 0 2.220708
3856 1 0.000000
3857 0 1.761772
3858 0 1.968728
3859 1 0.000000
3860 0 1.748839
3861 1 0.000000
3862 0 1.812163
3863 0 1.629840
3864 1 0.000000
3865 0 1.662070
3866 0 1.913868
3867 1 0.000000
3868 0 1.563426
3869 0 1.848956
3870 1 0.000000
3871 0 1.773982
3872 1 0.000000
3873 0 1.826471
3874 0 1.670061
3875 1 0.000000
3876 0 2.052186
3877 0 2.009882
3878 1 0.000000
3879 0 1.783170
3880 0 1.526082
3881 1 0.000000
3882 0 1.979912
3883 1 0.000000
3884 0 1.750531
3885 0 1.831566
3886 1 0.000000
3887 0 2.237562
3888 0 2.080398
3889 1 0.000000
3890 0 1.744467
3891 0 1.647454
3892 1 0.000000
3893 0 1.944550
3894 1 0.000000
3895 0 1.763074
3896 0 1.704105
3897 1 0.000000
3898 0 2.219137
3899 0 1.887869
3900 1 0.000000
3901 0 1.689863
3902 0 1.552530
3903 1 0.000000
3904 0 2.226766
3905 1 0.000000
3906 0 1.679825
3907 0 2.166551
3908 1 0.000000
3909 0 1.940249
3910 0 1.643623
3911 1 0.000000
3912 0 1.648542
3913 0 1.593881
3914 1 0.000000
3915 0 2.032763
3916 1 0.000000
3917 0 1.633167
3918 0 1.709800
3919 1 0.000000
3920 0 2.094516
3921 0 1.547480
3922 1 0.000000
3923 0 1.901388
3924 0 1.710909
3925 1 0.000000
3926 0 1.931319
3927 1 0.000000
3928 0 2.117490
3929 0 1.763158
3930 1 0.000000
3931 0 2.001479
3932 0 1.591880
3933 1 0.000000
3934 0 1.466798
3935 0 1.630175
3936 1 0.000000
3937 0 2.047455
3938 1 0.000000
3939 0 1.586505
3940 0 1.732821
3941 1 0.000000
3942 0 2.083975
3943 0 1.821927
3944 1 0.000000
3945 0 2.036562
3946 0 1.558541
3947 1 0.000000
3948 0 2.127902
3949 1 0.000000
3950 0 1.597424
3951 0 1.704417
3952 1 0.000000
3953 0 2.075761
3954 0 1.561964
3955 1 0.000000
3956 0 1.872284
3957 0 2.073793
3958 1 0.000000
3959 0 1.994820
3960 1 0.000000
3961 0 2.057134
3962 0 2.328320
3963 1 0.000000
3964 0 1.814463
3965 0 1.779939
3966 1 0.000000
3967 0 1.820173
3968 0 1.980437
3969 1 0.000000
3970 0 1.953443
3971 1 0.000000
3972 0 1.739081
3973 0 2.080393
3974 1 0.000000
3975 0 2.042678
3976 0 1.829978
3977 1 0.000000
3978 0 1.856803
3979 1 0.000000
3980 0 2.431678
3981 0 2.070883
3982 1 0.000000
3983 0 2.364117
3984 0 3.761114
3985 1 0.000000
3986 0 19.596912
3987 0 23.529345
3988 1 0.000000
3989 0 2.279797
3990 1 0.000000
3991 0 1.786029
3992 0 1.606920
3993 1 0.000000
3994 0 1.627001
3995 0 1.809075
3996 1 0.000000
3997 0 1.490993
3998 0 1.411388
3999 1 0.000000
4000 0 1.519489
4001 1 0.000000
4002 0 1.589857
4003 0 1.445656
4004 1 0.000000
4005 0 1.680441
4006 0 1.558500
4007 1 0.000000
4008 0 1.544419
4009 0 1.405519
4010 1 0.000000
4011 0 1.482554
4012 1 0.000000
4013 0 1.665177
4014 0 1.491033
4015 1 0.000000
4016 0 1.520032
4017 0 1.606153
4018 1 0.000000
4019 0 1.347242
4020 0 1.469426
4021 1 0.000000
4022 0 1.593775
4023 1 0.000000
4024 0 1.486018
4025 0 1.534706
4026 1 0.000000
4027 0 1.393601
4028 0 1.554966
4029 1 0.000000
4030 0 1.353839
4031 0 1.372504
4032 1 0.000000
4033 0 1.586174
4034 1 0.000000
4035 0 1.497736
4036 0 1.442904
4037 1 0.000000
4038 0 1.479607
4039 0 1.653275
4040 1 0.000000
4041 0 1.412150
4042 0 1.433120
4043 1 0.000000
4044 0 1.614487
4045 1 0.000000
4046 0 1.479604
4047 0 1.415434
4048 1 0.000000
4049 0 1.517275
4050 0 1.480260
4051 1 0.000000
4052 0 1.391078
4053 0 1.446648
4054 1 0.000000
4055 0 1.484332
4056 1 0.000000
4057 0 1.518323
4058 0 1.763577
4059 1 0.000000
4060 0 1.582026
4061 0 1.598168
4062 1 0.000000
4063 0 1.926385
4064 1 0.000000
4065 0 1.573947
4066 0 3.015168
4067 1 0.000000
4068 0 2.762010
4069 0 1.895751
4070 1 0.000000
4071 0 1.631571
4072 0 1.561903
4073 1 0.000000
4074 0 1.538378
4075 1 0.000000
4076 0 1.623058
4077 0 2.036128
4078 1 0.000000
4079 0 1.663432
4080 0 1.733433
4081 1 0.000000
4082 0 2.179069
4083 0 1.599096
4084 1 0.000000
4085 0 1.619686
4086 1 0.000000
4087 0 2.187650
4088 0 1.938601
4089 1 0.000000
4090 0 1.825843
4091 0 1.681682
4092 1 0.000000
4093 0 2.129399
4094 0 1.641662
4095 1 0.000000
4096 0 1.609182
4097 1 0.000000
4098 0 1.933369
4099 0 1.687935
4100 1 0.000000
4101 0 1.654479
4102 0 1.743901
4103 1 0.000000
4104 0 2.122625
4105 0 1.610992
4106 1 0.000000
4107 0 1.727263
4108 1 0.000000
4109 0 2.059693
4110 0 1.651635
4111 1 0.000000
4112 0 1.707905
4113 0 1.895173
4114 1 0.000000
4115 0 2.037494
4116 0 1.856478
4117 1 0.000000
4118 0 1.598894
4119 1 0.000000
4120 0 2.264087
4121 0 1.649414
4122 1 0.000000
4123 0 1.615398
4124 0 1.926828
4125 1 0.000000
4126 0 1.671424
4127 0 1.510313
4128 1 0.000000
4129 0 1.602238
4130 1 0.000000
4131 0 2.085849
4132 0 1.650005
4133 1 0.000000
4134 0 1.576283
4135 0 2.055402
4136 1 0.000000
4137 0 1.553339
4138 0 1.574882
4139 1 0.000000
4140 0 1.654834
4141 1 0.000000
4142 0 1.851359
4143 0 1.626487
4144 1 0.000000
4145 0 1.559509
4146 0 2.157389
4147 1 0.000000
4148 0 1.520188
4149 0 1.481320
4150 1 0.000000
4151 0 1.737440
4152 1 0.000000
4153 0 1.798864
4154 0 1.597103
4155 1 0.000000
4156 0 1.677504
4157 0 2.067540
4158 1 0.000000
4159 0 1.587842
4160 0 1.492844
4161 1 0.000000
4162 0 1.964639
4163 1 0.000000
4164 0 1.737501
4165 0 1.648568
4166 1 0.000000
4167 0 1.638841
4168 0 1.969033
4169 1 0.000000
4170 0 1.667356
4171 0 1.637025
4172 1 0.000000
4173 0 2.052986
4174 1 0.000000
4175 0 1.678264
4176 0 1.575467
4177 1 0.000000
4178 0 1.682555
4179 0 2.257970
4180 1 0.000000
4181 0 1.565945
4182 0 1.601567
4183 1 0.000000
4184 0 1.954834
4185 1 0.000000
4186 0 1.816901
4187 0 1.598034
4188 1 0.000000
4189 0 1.885977
4190 0 1.910988
4191 1 0.000000
4192 0 2.108373
4193 0 8.564014
4194 1 0.000000
4195 0 2.099077
4196 1 0.000000
4197 0 1.794316
4198 0 1.601129
4199 1 0.000000
4200 0 1.909758
4201 0 1.633155
4202 1 0.000000
4203 0 1.814343
4204 0 1.574165
4205 1 0.000000
4206 0 2.037058
4207 1 0.000000
4208 0 1.703416
4209 0 1.831108
4210 1 0.000000
4211 0 2.156462
4212 0 1.629875
4213 1 0.000000
4214 0 1.671149
4215 0 1.518788
4216 1 0.000000
4217 0 1.981394
4218 1 0.000000
4219 0 1.739790
4220 0 1.600895
4221 1 0.000000
4222 0 2.135279
4223 0 1.662187
4224 1 0.000000
4225 0 1.602690
4226 0 1.652554
4227 1 0.000000
4228 0 1.948586
4229 1 0.000000
4230 0 1.771302
4231 0 1.690478
4232 1 0.000000
4233 0 1.897488
4234 0 1.731051
4235 1 0.000000
4236 0 1.886499
4237 0 1.614278
4238 1 0.000000
4239 0 1.914524
4240 1 0.000000
4241 0 1.619877
4242 0 1.725879
4243 1 0.000000
4244 0 2.029812
4245 0 1.576891
4246 1 0.000000
4247 0 1.595164
4248 0 1.840446
4249 1 0.000000
4250 0 1.871263
4251 1 0.000000
4252 0 1.669677
4253 0 1.889231
4254 1 0.000000
4255 0 2.200969
4256 0 1.764780
4257 1 0.000000
4258 0 1.825396
4259 0 1.880652
4260 1 0.000000
4261 0 1.928987
4262 1 0.000000
4263 0 1.903077
4264 0 2.259177
4265 1 0.000000
4266 0 2.278781
4267 0 1.975595
4268 1 0.000000
4269 0 2.139516
4270 0 3.096893
4271 1 0.000000
4272 0 1.902616
4273 1 0.000000
4274 0 1.991153
4275 0 2.042655
4276 1 0.000000
4277 0 1.684715
4278 0 1.674445
4279 1 0.000000
4280 0 1.878883
4281 0 2.254014
4282 1 0.000000
4283 0 2.153093
4284 1 0.000000
4285 0 1.799856
4286 0 2.168714
4287 1 0.000000
4288 0 1.841445
4289 0 1.958532
4290 1 0.000000
4291 0 1.689223
4292 0 2.012554
4293 1 0.000000
4294 0 1.819162
4295 1 0.000000
4296 0 1.925824
4297 0 2.135045
4298 1 0.000000
4299 0 1.920315
4300 0 1.545796
4301 1 0.000000
4302 0 1.738335
4303 0 1.800158
4304 1 0.000000
4305 0 1.912525
4306 1 0.000000
4307 0 1.723069
4308 0 1.978364
4309 1 0.000000
4310 0 1.696041
4311 0 1.777314
4312 1 0.000000
4313 0 1.954362
4314 1 0.000000
4315 0 2.098926
4316 0 1.901427
4317 1 0.000000
4318 0 2.131249
4319 0 2.023537
4320 1 0.000000
4321 0 1.794511
4322 0 1.639496
4323 1 0.000000
4324 0 1.969568
4325 1 0.000000
4326 0 1.705191
4327 0 1.731893
4328 1 0.000000
4329 0 1.788552
4330 0 2.025303
4331 1 0.000000
4332 0 1.615102
4333 0 1.632465
4334 1 0.000000
4335 0 2.037983
4336 1 0.000000
4337 0 1.805476
4338 0 1.691215
4339 1 0.000000
4340 0 1.855999
4341 0 1.683737
4342 1 0.000000
4343 0 1.595667
4344 0 1.701070
4345 1 0.000000
4346 0 1.947232
4347 1 0.000000
4348 0 1.702335
4349 0 1.785644
4350 1 0.000000
4351 0 1.864581
4352 0 1.761616
4353 1 0.000000
4354 0 1.672023
4355 0 1.665344
4356 1 0.000000
4357 0 2.214151
4358 1 0.000000
4359 0 1.673333
4360 0 1.781512
4361 1 0.000000
4362 0 2.103935
4363 0 1.898527
4364 1 0.000000
4365 0 1.774078
4366 0 1.856195
4367 1 0.000000
4368 0 2.432367
4369 1 0.000000
4370 0 1.654447
4371 0 1.680218
4372 1 0.000000
4373 0 2.079000
4374 0 1.600941
4375 1 0.000000
4376 0 1.566239
4377 0 1.540876
4378 1 0.000000
4379 0 1.947839
4380 1 0.000000
4381 0 1.632763
4382 0 1.792727
4383 1 0.000000
4384 0 1.883609
4385 0 1.967008
4386 1 0.000000
4387 0 1.735617
4388 0 1.787324
4389 1 0.000000
4390 0 1.945985
4391 1 0.000000
4392 0 1.801635
4393 0 1.726827
4394 1 0.000000
4395 0 2.104620
4396 0 1.587504
4397 1 0.000000
4398 0 1.607318
4399 0 1.626011
4400 1 0.000000
4401 0 1.809306
4402 1 0.000000
4403 0 1.736314
4404 0 1.795937
4405 1 0.000000
4406 0 1.954941
4407 0 1.582138
4408 1 0.000000
4409 0 1.896108
4410 0 2.012334
4411 1 0.000000
4412 0 2.052781
4413 1 0.000000
4414 0 1.543512
4415 0 1.750468
4416 1 0.000000
4417 0 2.237766
4418 0 1.887107
4419 1 0.000000
4420 0 1.869964
4421 0 2.006411
4422 1 0.000000
4423 0 1.872965
4424 1 0.000000
4425 0 1.720071
4426 0 2.099509
4427 1 0.000000
4428 0 1.903555
4429 0 1.714607
4430 1 0.000000
4431 0 1.551634
4432 0 2.060236
4433 1 0.000000
4434 0 1.661910
4435 1 0.000000
4436 0 1.581740
4437 0 2.054795
4438 1 0.000000
4439 0 1.616548
4440 0 1.564731
4441 1 0.000000
4442 0 1.561344
4443 0 1.836466
4444 1 0.000000
4445 0 1.552788
4446 1 0.000000
4447 0 1.625009
4448 0 1.997296
4449 1 0.000000
4450 0 1.665754
4451 0 1.569641
4452 1 0.000000
4453 0 1.536701
4454 0 1.714747
4455 1 0.000000
4456 0 1.710891
4457 1 0.000000
4458 0 1.513228
4459 0 1.842357
4460 1 0.000000
4461 0 1.889269
4462 0 1.569430
4463 1 0.000000
4464 0 1.651300
4465 0 1.950589
4466 1 0.000000
4467 0 1.695150
4468 1 0.000000
4469 0 1.647114
4470 0 2.107351
4471 1 0.000000
4472 0 1.589604
4473 0 1.534241
4474 1 0.000000
4475 0 1.991146
4476 1 0.000000
4477 0 1.686529
4478 0 1.554765
4479 1 0.000000
4480 0 1.630327
4481 0 1.968541
4482 1 0.000000
4483 0 1.597913
4484 0 1.786855
4485 1 0.000000
4486 0 1.902354
4487 1 0.000000
4488 0 1.757872
4489 0 1.556107
4490 1 0.000000
4491 0 1.874685
4492 0 1.921442
4493 1 0.000000
4494 0 1.534666
4495 0 1.525191
4496 1 0.000000
4497 0 1.957421
4498 1 0.000000
4499 0 1.590837
4500 0 1.639993
4501 1 0.000000
4502 0 2.056760
4503 0 1.659616
4504 1 0.000000
4505 0 1.606445
4506 0 1.748380
4507 1 0.000000
4508 0 1.851932
4509 1 0.000000
4510 0 1.660543
4511 0 1.854149
4512 1 0.000000
4513 0 2.190704
4514 0 1.574943
4515 1 0.000000
4516 0 1.631021
4517 0 1.495732
4518 1 0.000000
4519 0 2.274649
4520 1 0.000000
4521 0 1.600459
4522 0 1.821488
4523 1 0.000000
4524 0 2.166106
4525 0 1.612357
4526 1 0.000000
4527 0 1.756051
4528 0 1.546103
4529 1 0.000000
4530 0 2.346506
4531 1 0.000000
4532 0 1.649479
4533 0 1.593970
4534 1 0.000000
4535 0 2.196502
4536 0 1.651402
4537 1 0.000000
4538 0 1.581904
4539 0 1.661627
4540 1 0.000000
4541 0 2.304542
4542 1 0.000000
4543 0 1.917233
4544 0 1.912656
4545 1 0.000000
4546 0 2.183588
4547 0 1.545638
4548 1 0.000000
4549 0 1.511764
4550 0 1.577145
4551 1 0.000000
4552 0 1.998529
4553 1 0.000000
4554 0 1.620267
4555 0 1.575133
4556 1 0.000000
4557 0 1.983064
4558 0 1.664713
4559 1 0.000000
4560 0 1.681406
4561 0 1.883735
4562 1 0.000000
4563 0 2.060913
4564 1 0.000000
4565 0 1.744693
4566 0 1.822931
4567 1 0.000000
4568 0 1.753446
4569 0 1.610460
4570 1 0.000000
4571 0 1.631582
4572 0 1.902241
4573 1 0.000000
4574 0 1.768239
4575 1 0.000000
4576 0 1.607446
4577 0 1.920200
4578 1 0.000000
4579 0 1.662048
4580 0 1.591388
4581 1 0.000000
4582 0 1.888288
4583 0 4.257253
4584 1 0.000000
4585 0 27.075363
4586 1 0.000000
4587 0 5.385183
4588 0 2.762560
4589 1 0.000000
4590 0 2.566709
4591 0 2.667213
4592 1 0.000000
4593 0 2.233666
4594 0 2.695947
4595 1 0.000000
4596 0 1.983437
4597 1 0.000000
4598 0 1.977286
4599 0 2.456862
4600 1 0.000000
4601 0 2.356488
4602 0 2.020273
4603 1 0.000000
4604 0 2.171732
4605 0 2.835281
4606 1 0.000000
4607 0 1.939030
4608 1 0.000000
4609 0 1.863245
4610 0 2.626730
4611 1 0.000000
4612 0 2.484981
4613 0 2.229694
4614 1 0.000000
4615 0 1.986852
4616 0 2.771317
4617 1 0.000000
4618 0 2.372560
4619 1 0.000000
4620 0 1.916657
4621 0 2.783756
4622 1 0.000000
4623 0 1.740243
4624 0 2.266632
4625 1 0.000000
4626 0 1.862287
4627 0 2.473282
4628 1 0.000000
4629 0 2.070266
4630 1 0.000000
4631 0 1.907170
4632 0 2.679100
4633 1 0.000000
4634 0 2.245267
4635 0 1.813894
4636 1 0.000000
4637 0 2.630047
4638 1 0.000000
4639 0 1.953203
4640 0 2.212076
4641 1 0.000000
4642 0 2.082107
4643 0 3.409045
4644 1 0.000000
4645 0 1.971656
4646 0 1.775033
4647 1 0.000000
4648 0 3.137824
4649 1 0.000000
4650 0 2.180323
4651 0 3.752450
4652 1 0.000000
4653 0 3.303049
4654 0 2.695453
4655 1 0.000000
4656 0 2.018047
4657 0 1.693048
4658 1 0.000000
4659 0 2.748079
4660 1 0.000000
4661 0 1.882076
4662 0 2.139284
4663 1 0.000000
4664 0 2.423269
4665 0 2.672558
4666 1 0.000000
4667 0 2.289163
4668 0 1.825724
4669 1 0.000000
4670 0 2.691289
4671 1 0.000000
4672 0 1.743418
4673 0 1.719329
4674 1 0.000000
4675 0 2.472475
4676 0 2.071278
4677 1 0.000000
4678 0 1.676148
4679 0 2.036205
4680 1 0.000000
4681 0 3.171595
4682 1 0.000000
4683 0 1.719671
4684 0 1.828949
4685 1 0.000000
4686 0 2.815954
4687 0 1.961855
4688 1 0.000000
4689 0 1.832191
4690 0 1.851580
4691 1 0.000000
4692 0 2.885622
4693 1 0.000000
4694 0 1.840153
4695 0 1.979532
4696 1 0.000000
4697 0 2.913393
4698 0 1.905596
4699 1 0.000000
4700 0 1.764175
4701 0 1.791172
4702 1 0.000000
4703 0 2.932728
4704 1 0.000000
4705 0 1.910585
4706 0 1.987494
4707 1 0.000000
4708 0 3.126695
4709 0 1.830807
4710 1 0.000000
4711 0 1.842431
4712 0 1.986340
4713 1 0.000000
4714 0 2.928249
4715 1 0.000000
4716 0 1.988021
4717 0 2.131401
4718 1 0.000000
4719 0 2.843967
4720 0 2.056935
4721 1 0.000000
4722 0 1.931469
4723 0 2.157103
4724 1 0.000000
4725 0 2.367135
4726 1 0.000000
4727 0 1.976001
4728 0 2.159603
4729 1 0.000000
4730 0 2.718355
4731 0 1.994016
4732 1 0.000000
4733 0 1.880343
4734 0 2.264072
4735 1 0.000000
4736 0 2.238794
4737 1 0.000000
4738 0 2.132501
4739 0 2.389171
4740 1 0.000000
4741 0 2.572957
4742 0 1.992135
4743 1 0.000000
4744 0 1.838848
4745 0 2.662876
4746 1 0.000000
4747 0 2.557306
4748 1 0.000000
4749 0 1.961352
4750 0 2.948094
4751 1 0.000000
4752 0 2.239699
4753 0 1.852222
4754 1 0.000000
4755 0 2.066409
4756 0 2.474788
4757 1 0.000000
4758 0 2.194064
4759 1 0.000000
4760 0 2.130146
4761 0 2.741717
4762 1 0.000000
4763 0 1.885397
4764 0 1.848442
4765 1 0.000000
4766 0 1.781957
4767 1 0.000000
4768 0 2.715364
4769 0 2.312418
4770 1 0.000000
4771 0 2.241571
4772 0 2.778892
4773 1 0.000000
4774 0 1.741344
4775 0 1.786865
4776 1 0.000000
4777 0 2.316286
4778 1 0.000000
4779 0 2.357668
4780 0 2.076139
4781 1 0.000000
4782 0 2.039804
4783 0 2.816247
4784 1 0.000000
4785 0 1.835839
4786 0 1.806341
4787 1 0.000000
4788 0 2.523032
4789 1 0.000000
4790 0 2.100344
4791 0 1.830361
4792 1 0.000000
4793 0 1.985830
4794 0 2.583539
4795 1 0.000000
4796 0 2.041468
4797 0 1.985628
4798 1 0.000000
4799 0 2.548462
4800 1 0.000000
4801 0 2.005782
4802 0 2.148287
4803 1 0.000000
4804 0 2.309967
4805 0 2.414099
4806 1 0.000000
4807 0 1.768320
4808 0 1.798694
4809 1 0.000000
4810 0 2.786180
4811 1 0.000000
4812 0 1.816605
4813 0 1.829803
4814 1 0.000000
4815 0 2.440179
4816 0 2.385371
4817 1 0.000000
4818 0 1.883607
4819 0 1.800113
4820 1 0.000000
4821 0 2.778139
4822 1 0.000000
4823 0 1.864725
4824 0 1.905574
4825 1 0.000000
4826 0 2.773100
4827 0 1.866979
4828 1 0.000000
4829 0 1.856022
4830 0 1.933183
4831 1 0.000000
4832 0 2.976660
4833 1 0.000000
4834 0 2.165417
4835 0 2.431009
4836 1 0.000000
4837 0 2.736748
4838 0 2.268704
4839 1 0.000000
4840 0 2.067797
4841 0 2.867515
4842 1 0.000000
4843 0 2.815157
4844 1 0.000000
4845 0 2.267655
4846 0 2.728273
4847 1 0.000000
4848 0 2.290301
4849 0 2.093377
4850 1 0.000000
4851 0 2.005570
4852 0 2.584179
4853 1 0.000000
4854 0 2.294545
4855 1 0.000000
4856 0 2.188867
4857 0 2.641620
4858 1 0.000000
4859 0 2.535264
4860 0 2.096804
4861 1 0.000000
4862 0 1.767025
4863 0 2.939676
4864 1 0.000000
4865 0 2.131653
4866 1 0.000000
4867 0 2.045508
4868 0 3.092419
4869 1 0.000000
4870 0 2.327884
4871 0 1.962899
4872 1 0.000000
4873 0 1.995029
4874 0 3.034831
4875 1 0.000000
4876 0 2.140506
4877 1 0.000000
4878 0 2.204050
4879 0 3.305536
4880 1 0.000000
4881 0 2.240347
4882 0 1.949711
4883 1 0.000000
4884 0 2.266445
4885 0 2.996666
4886 1 0.000000
4887 0 2.072459
4888 1 0.000000
4889 0 2.576976
4890 0 3.486056
4891 1 0.000000
4892 0 2.021130
4893 0 1.939159
4894 1 0.000000
4895 0 1.794046
4896 0 2.551298
4897 1 0.000000
4898 0 1.784848
4899 1 0.000000
4900 0 2.307491
4901 0 2.616814
4902 1 0.000000
4903 0 2.152762
4904 0 2.035499
4905 1 0.000000
4906 0 3.090285
4907 1 0.000000
4908 0 2.088624
4909 0 1.874855
4910 1 0.000000
4911 0 2.265066
4912 0 2.705995
4913 1 0.000000
4914 0 1.763886
4915 0 1.823673
4916 1 0.000000
4917 0 2.973360
4918 1 0.000000
4919 0 1.889581
4920 0 2.106039
4921 1 0.000000
4922 0 2.664067
4923 0 2.824395
4924 1 0.000000
4925 0 1.875086
4926 0 1.789172
4927 1 0.000000
4928 0 2.953489
4929 1 0.000000
4930 0 1.913486
4931 0 2.162458
4932 1 0.000000
4933 0 2.335536
4934 0 2.499067
4935 1 0.000000
4936 0 1.766422
4937 0 1.835186
4938 1 0.000000
4939 0 2.893633
4940 1 0.000000
4941 0 2.308328
4942 0 2.611775
4943 1 0.000000
4944 0 3.009044
4945 0 2.631610
4946 1 0.000000
4947 0 1.870832
4948 0 2.374016
4949 1 0.000000
4950 0 3.160103
4951 1 0.000000
4952 0 1.971194
4953 0 2.233287
4954 1 0.000000
4955 0 3.319367
4956 0 2.370473
4957 1 0.000000
4958 0 1.804651
4959 0 1.730824
4960 1 0.000000
4961 0 3.262930
4962 1 0.000000
4963 0 2.023273
4964 0 2.605586
4965 1 0.000000
4966 0 2.723776
4967 0 2.184615
4968 1 0.000000
4969 0 2.043044
4970 0 1.867747
4971 1 0.000000
4972 0 2.996254
4973 1 0.000000
4974 0 2.169854
4975 0 2.442176
4976 1 0.000000
4977 0 2.976711
4978 0 2.120523
4979 1 0.000000
4980 0 1.779051
4981 0 1.728684
4982 1 0.000000
4983 0 2.943670
4984 1 0.000000
4985 0 2.221181
4986 0 1.942833
4987 1 0.000000
4988 0 2.625069
4989 0 2.381857
4990 1 0.000000
4991 0 2.170615
4992 0 1.998419
4993 1 0.000000
4994 0 2.727012
4995 1 0.000000
4996 0 2.023817
4997 0 2.913969
4998 1 0.000000
4999 0 3.354231
5000 0 3.074350
5001 1 0.000000
5002 0 2.830580
5003 0 2.340604
5004 1 0.000000
5005 0 3.225404
5006 1 0.000000
5007 0 1.763804
5008 0 1.868324
5009 1 0.000000
5010 0 3.354705
5011 0 1.914316
5012 1 0.000000
5013 0 1.941812
5014 0 2.113906
5015 1 0.000000
5016 0 2.639815
5017 1 0.000000
5018 0 2.011343
5019 0 2.299961
5020 1 0.000000
5021 0 2.923383
5022 0 1.857950
5023 1 0.000000
5024 0 1.800390
5025 0 1.829364
5026 1 0.000000
5027 0 2.940508
5028 1 0.000000
5029 0 1.879779
5030 0 1.837126
5031 1 0.000000
5032 0 2.842477
5033 0 2.144550
5034 1 0.000000
5035 0 1.820223
5036 0 2.206063
5037 1 0.000000
5038 0 2.690179
5039 1 0.000000
5040 0 1.927455
5041 0 2.183224
5042 1 0.000000
5043 0 2.765477
5044 0 2.129866
