1 5 1 5045 3208
0 0
1 1
2 2
3 4
4 5
5 7
6 8
7 10
8 12
9 13
10 15
11 16
12 18
13 19
14 20
15 22
16 24
17 25
18 27
19 28
20 30
21 32
22 33
23 35
24 36
25 38
26 39
27 41
28 43
29 44
30 46
31 47
32 49
33 50
34 52
35 54
36 55
37 57
38 58
39 60
40 62
41 63
42 65
43 66
44 68
45 69
46 71
47 73
48 74
49 76
50 77
51 79
52 80
53 82
54 84
55 85
56 87
57 88
58 90
59 92
60 93
61 95
62 96
63 98
64 99
65 101
66 102
67 104
68 106
69 107
70 109
71 110
72 112
73 113
74 115
75 117
76 118
77 120
78 121
79 123
80 124
81 126
82 128
83 129
84 131
85 132
86 134
87 135
88 137
89 139
90 140
91 142
92 143
93 145
94 146
95 148
96 150
97 151
98 153
99 154
100 156
101 157
102 159
103 161
104 162
105 164
106 165
107 167
108 168
109 170
110 172
111 173
112 175
113 176
114 178
115 179
116 181
117 183
118 184
119 186
120 187
121 189
122 190
123 192
124 194
125 195
126 197
127 198
128 200
129 201
130 203
131 205
132 206
133 208
134 209
135 211
136 212
137 214
138 216
139 217
140 219
141 220
142 222
143 224
144 225
145 227
146 228
147 230
148 231
149 233
150 235
151 236
152 238
153 239
154 241
155 242
156 244
157 246
158 247
159 249
160 250
161 252
162 253
163 255
164 257
165 258
166 260
167 261
168 263
169 265
170 266
171 268
172 269
173 271
174 272
175 274
176 276
177 277
178 279
179 280
180 282
181 283
182 285
183 287
184 288
185 290
186 291
187 293
188 294
189 296
190 298
191 299
192 301
193 302
194 304
195 305
196 307
197 309
198 310
199 312
200 313
201 315
202 316
203 318
204 320
205 321
206 323
207 324
208 326
209 328
210 329
211 331
212 332
213 334
214 335
215 337
216 339
217 340
218 342
219 343
220 345
221 346
222 348
223 350
224 351
225 353
226 354
227 356
228 358
229 359
230 361
231 362
232 364
233 365
234 367
235 369
236 370
237 372
238 373
239 375
240 377
241 378
242 380
243 381
244 383
245 384
246 386
247 387
248 389
249 391
250 392
251 394
252 395
253 397
254 398
255 400
256 402
257 403
258 405
259 406
260 408
261 409
262 411
263 413
264 414
265 416
266 417
267 419
268 420
269 422
270 424
271 425
272 427
273 428
274 430
275 431
276 433
277 435
278 436
279 438
280 439
281 441
282 442
283 444
284 446
285 447
286 449
287 450
288 452
289 453
290 455
291 457
292 458
293 460
294 461
295 463
296 464
297 466
298 468
299 469
300 471
301 472
302 474
303 476
304 477
305 479
306 480
307 482
308 483
309 485
310 487
311 488
312 490
313 491
314 493
315 494
316 496
317 498
318 499
319 501
320 502
321 504
322 505
323 507
324 509
325 510
326 512
327 513
328 515
329 516
330 518
331 520
332 521
333 523
334 524
335 526
336 527
337 529
338 531
339 532
340 534
341 535
342 537
343 538
344 540
345 542
346 543
347 545
348 546
349 548
350 550
351 551
352 553
353 554
354 556
355 557
356 559
357 561
358 562
359 564
360 565
361 567
362 568
363 570
364 572
365 573
366 575
367 576
368 578
369 579
370 581
371 583
372 584
373 586
374 587
375 589
376 590
377 592
378 594
379 595
380 597
381 598
382 600
383 601
384 603
385 605
386 606
387 608
388 609
389 611
390 613
391 614
392 616
393 617
394 619
395 620
396 622
397 624
398 625
399 627
400 628
401 630
402 631
403 633
404 635
405 636
406 638
407 639
408 641
409 642
410 644
411 646
412 647
413 649
414 650
415 652
416 653
417 655
418 657
419 658
420 660
421 661
422 663
423 664
424 666
425 668
426 669
427 671
428 672
429 674
430 675
431 677
432 679
433 680
434 682
435 683
436 685
437 686
438 688
439 690
440 691
441 693
442 694
443 696
444 698
445 699
446 701
447 702
448 704
449 705
450 707
451 709
452 710
453 712
454 713
455 715
456 716
457 718
458 720
459 721
460 723
461 724
462 726
463 727
464 729
465 731
466 732
467 734
468 735
469 737
470 738
471 740
472 742
473 743
474 745
475 746
476 748
477 749
478 751
479 753
480 754
481 756
482 757
483 759
484 760
485 762
486 764
487 765
488 767
489 768
490 770
491 771
492 773
493 775
494 776
495 778
496 779
497 781
498 783
499 784
500 786
501 787
502 789
503 790
504 792
505 794
506 795
507 797
508 798
509 800
510 801
511 803
512 805
513 806
514 808
515 809
516 811
517 812
518 814
519 816
520 817
521 819
522 820
523 822
524 823
525 825
526 827
527 828
528 830
529 831
530 833
531 834
532 836
533 838
534 839
535 841
536 842
537 844
538 845
539 847
540 849
541 850
542 852
543 853
544 855
545 857
546 858
547 860
548 861
549 863
550 864
551 866
552 867
553 869
554 871
555 872
556 874
557 875
558 877
559 879
560 880
561 882
562 883
563 885
564 886
565 888
566 889
567 891
568 893
569 894
570 896
571 897
572 899
573 901
574 902
575 904
576 905
577 907
578 908
579 910
580 912
581 913
582 915
583 916
584 918
585 919
586 921
587 923
588 924
589 926
590 927
591 929
592 931
593 932
594 934
595 935
596 937
597 938
598 940
599 942
600 943
601 945
602 946
603 948
604 949
605 951
606 953
607 954
608 956
609 957
610 959
611 960
612 962
613 964
614 965
615 967
616 968
617 970
618 971
619 973
620 975
621 976
622 978
623 979
624 981
625 982
626 984
627 986
628 987
629 989
630 990
631 992
632 993
633 995
634 997
635 998
636 1000
637 1001
638 1003
639 1005
640 1006
641 1008
642 1009
643 1011
644 1012
645 1014
646 1016
647 1017
648 1019
649 1020
650 1022
651 1023
652 1025
653 1027
654 1028
655 1030
656 1031
657 1033
658 1034
659 1036
660 1038
661 1039
662 1041
663 1042
664 1044
665 1045
666 1047
667 1049
668 1050
669 1052
670 1053
671 1055
672 1056
673 1058
674 1060
675 1061
676 1063
677 1064
678 1066
679 1067
680 1069
681 1071
682 1072
683 1074
684 1075
685 1077
686 1078
687 1080
688 1082
689 1083
690 1085
691 1086
692 1088
693 1090
694 1091
695 1093
696 1094
697 1096
698 1097
699 1099
700 1101
701 1102
702 1104
703 1105
704 1107
705 1108
706 1110
707 1112
708 1113
709 1115
710 1116
711 1118
712 1119
713 1121
714 1123
715 1124
716 1126
717 1127
718 1129
719 1130
720 1132
721 1134
722 1135
723 1137
724 1138
725 1140
726 1141
727 1143
728 1145
729 1146
730 1148
731 1149
732 1151
733 1153
734 1154
735 1156
736 1157
737 1159
738 1160
739 1162
740 1164
741 1165
742 1167
743 1168
744 1170
745 1171
746 1173
747 1175
748 1176
749 1178
750 1179
751 1181
752 1182
753 1184
754 1186
755 1187
756 1189
757 1190
758 1192
759 1193
760 1195
761 1197
762 1198
763 1200
764 1201
765 1203
766 1204
767 1206
768 1208
769 1209
770 1211
771 1212
772 1214
773 1215
774 1217
775 1219
776 1220
777 1222
778 1223
779 1225
780 1226
781 1228
782 1230
783 1231
784 1233
785 1234
786 1236
787 1237
788 1239
789 1241
790 1242
791 1244
792 1245
793 1247
794 1248
795 1250
796 1252
797 1253
798 1255
799 1256
800 1258
801 1260
802 1261
803 1263
804 1264
805 1266
806 1267
807 1269
808 1271
809 1272
810 1274
811 1275
812 1277
813 1278
814 1280
815 1282
816 1283
817 1285
818 1286
819 1288
820 1289
821 1291
822 1293
823 1294
824 1296
825 1297
826 1299
827 1300
828 1302
829 1304
830 1305
831 1307
832 1308
833 1310
834 1311
835 1313
836 1315
837 1316
838 1318
839 1319
840 1321
841 1322
842 1324
843 1326
844 1327
845 1329
846 1330
847 1332
848 1333
849 1335
850 1337
851 1338
852 1340
853 1341
854 1343
855 1345
856 1346
857 1348
858 1349
859 1351
860 1352
861 1354
862 1356
863 1357
864 1359
865 1360
866 1362
867 1363
868 1365
869 1367
870 1368
871 1370
872 1371
873 1373
874 1375
875 1376
876 1378
877 1379
878 1381
879 1382
880 1384
881 1385
882 1387
883 1389
884 1390
885 1392
886 1393
887 1395
888 1396
889 1398
890 1400
891 1401
892 1403
893 1404
894 1406
895 1408
896 1409
897 1411
898 1412
899 1414
900 1415
901 1417
902 1419
903 1420
904 1422
905 1423
906 1425
907 1426
908 1428
909 1430
910 1431
911 1433
912 1434
913 1436
914 1437
915 1439
916 1441
917 1442
918 1444
919 1445
920 1447
921 1448
922 1450
923 1452
924 1453
925 1455
926 1456
927 1458
928 1459
929 1461
930 1463
931 1464
932 1466
933 1467
934 1469
935 1470
936 1472
937 1474
938 1475
939 1477
940 1478
941 1480
942 1481
943 1483
944 1485
945 1486
946 1488
947 1489
948 1491
949 1493
950 1494
951 1496
952 1497
953 1499
954 1500
955 1502
956 1504
957 1505
958 1507
959 1508
960 1510
961 1511
962 1513
963 1515
964 1516
965 1518
966 1519
967 1521
968 1523
969 1524
970 1526
971 1527
972 1529
973 1530
974 1532
975 1533
976 1535
977 1537
978 1538
979 1540
980 1541
981 1543
982 1544
983 1546
984 1548
985 1549
986 1551
987 1552
988 1554
989 1555
990 1557
991 1559
992 1560
993 1562
994 1563
995 1565
996 1566
997 1568
998 1570
999 1571
1000 1573
1001 1574
1002 1576
1003 1577
1004 1579
1005 1581
1006 1582
1007 1584
1008 1585
1009 1587
1010 1588
1011 1590
1012 1592
1013 1593
1014 1595
1015 1596
1016 1598
1017 1599
1018 1601
1019 1603
1020 1604
1021 1606
1022 1607
1023 1609
1024 1610
1025 1612
1026 1614
1027 1615
1028 1617
1029 1618
1030 1620
1031 1621
1032 1623
1033 1625
1034 1626
1035 1628
1036 1629
1037 1631
1038 1633
1039 1634
1040 1636
1041 1637
1042 1639
1043 1640
1044 1642
1045 1644
1046 1645
1047 1647
1048 1648
1049 1650
1050 1651
1051 1653
1052 1655
1053 1656
1054 1658
1055 1659
1056 1661
1057 1662
1058 1664
1059 1666
1060 1667
1061 1669
1062 1670
1063 1672
1064 1673
1065 1675
1066 1677
1067 1678
1068 1680
1069 1681
1070 1683
1071 1684
1072 1686
1073 1688
1074 1689
1075 1691
1076 1692
1077 1694
1078 1695
1079 1697
1080 1699
1081 1700
1082 1702
1083 1703
1084 1705
1085 1707
1086 1708
1087 1710
1088 1711
1089 1713
1090 1714
1091 1716
1092 1718
1093 1719
1094 1721
1095 1722
1096 1724
1097 1725
1098 1727
1099 1729
1100 1730
1101 1732
1102 1733
1103 1735
1104 1736
1105 1738
1106 1740
1107 1741
1108 1743
1109 1744
1110 1746
1111 1747
1112 1749
1113 1751
1114 1752
1115 1754
1116 1755
1117 1757
1118 1758
1119 1760
1120 1762
1121 1763
1122 1765
1123 1766
1124 1768
1125 1769
1126 1771
1127 1773
1128 1774
1129 1776
1130 1777
1131 1779
1132 1781
1133 1782
1134 1784
1135 1785
1136 1787
1137 1788
1138 1790
1139 1792
1140 1793
1141 1795
1142 1796
1143 1798
1144 1799
1145 1801
1146 1802
1147 1804
1148 1806
1149 1807
1150 1809
1151 1810
1152 1812
1153 1813
1154 1815
1155 1817
1156 1818
1157 1820
1158 1821
1159 1823
1160 1824
1161 1826
1162 1828
1163 1829
1164 1831
1165 1832
1166 1834
1167 1835
1168 1837
1169 1839
1170 1840
1171 1842
1172 1843
1173 1845
1174 1847
1175 1848
1176 1850
1177 1851
1178 1853
1179 1854
1180 1856
1181 1858
1182 1859
1183 1861
1184 1862
1185 1864
1186 1865
1187 1867
1188 1869
1189 1870
1190 1872
1191 1873
1192 1874
1193 1876
1194 1878
1195 1879
1196 1881
1197 1882
1198 1884
1199 1886
1200 1887
1201 1889
1202 1890
1203 1892
1204 1893
1205 1895
1206 1897
1207 1898
1208 1900
1209 1901
1210 1903
1211 1905
1212 1906
1213 1908
1214 1909
1215 1911
1216 1912
1217 1914
1218 1916
1219 1917
1220 1919
1221 1920
1222 1922
1223 1923
1224 1925
1225 1927
1226 1928
1227 1930
1228 1931
1229 1933
1230 1935
1231 1936
1232 1938
1233 1939
1234 1941
1235 1942
1236 1944
1237 1946
1238 1947
1239 1949
1240 1950
1241 1952
1242 1953
1243 1955
1244 1957
1245 1958
1246 1960
1247 1961
1248 1963
1249 1964
1250 1966
1251 1968
1252 1969
1253 1971
1254 1972
1255 1974
1256 1975
1257 1977
1258 1979
1259 1980
1260 1982
1261 1983
1262 1985
1263 1987
1264 1988
1265 1990
1266 1991
1267 1993
1268 1994
1269 1996
1270 1998
1271 1999
1272 2001
1273 2002
1274 2004
1275 2005
1276 2007
1277 2009
1278 2010
1279 2012
1280 2013
1281 2015
1282 2016
1283 2018
1284 2020
1285 2021
1286 2023
1287 2024
1288 2026
1289 2027
1290 2029
1291 2031
1292 2032
1293 2034
1294 2035
1295 2037
1296 2038
1297 2040
1298 2042
1299 2043
1300 2045
1301 2046
1302 2048
1303 2049
1304 2051
1305 2053
1306 2054
1307 2056
1308 2057
1309 2059
1310 2060
1311 2062
1312 2064
1313 2065
1314 2067
1315 2068
1316 2070
1317 2071
1318 2073
1319 2075
1320 2076
1321 2078
1322 2079
1323 2081
1324 2082
1325 2084
1326 2086
1327 2087
1328 2089
1329 2090
1330 2092
1331 2093
1332 2095
1333 2097
1334 2098
1335 2100
1336 2101
1337 2103
1338 2104
1339 2106
1340 2108
1341 2109
1342 2111
1343 2112
1344 2114
1345 2115
1346 2117
1347 2119
1348 2120
1349 2122
1350 2123
1351 2125
1352 2127
1353 2128
1354 2130
1355 2131
1356 2133
1357 2134
1358 2136
1359 2138
1360 2139
1361 2141
1362 2142
1363 2144
1364 2145
1365 2147
1366 2149
1367 2150
1368 2152
1369 2153
1370 2155
1371 2156
1372 2158
1373 2160
1374 2161
1375 2163
1376 2164
1377 2166
1378 2167
1379 2169
1380 2171
1381 2172
1382 2174
1383 2175
1384 2177
1385 2178
1386 2180
1387 2182
1388 2183
1389 2185
1390 2186
1391 2188
1392 2189
1393 2191
1394 2193
1395 2194
1396 2196
1397 2197
1398 2199
1399 2200
1400 2202
1401 2204
1402 2205
1403 2207
1404 2208
1405 2210
1406 2211
1407 2213
1408 2215
1409 2216
1410 2218
1411 2219
1412 2221
1413 2222
1414 2224
1415 2226
1416 2227
1417 2229
1418 2230
1419 2232
1420 2233
1421 2235
1422 2237
1423 2238
1424 2240
1425 2241
1426 2243
1427 2244
1428 2246
1429 2248
1430 2249
1431 2251
1432 2252
1433 2254
1434 2255
1435 2257
1436 2259
1437 2260
1438 2262
1439 2263
1440 2265
1441 2266
1442 2268
1443 2270
1444 2271
1445 2273
1446 2274
1447 2276
1448 2278
1449 2279
1450 2281
1451 2282
1452 2284
1453 2285
1454 2287
1455 2289
1456 2290
1457 2292
1458 2293
1459 2295
1460 2296
1461 2298
1462 2300
1463 2301
1464 2303
1465 2304
1466 2306
1467 2307
1468 2309
1469 2311
1470 2312
1471 2314
1472 2315
1473 2317
1474 2318
1475 2320
1476 2322
1477 2323
1478 2325
1479 2326
1480 2328
1481 2329
1482 2331
1483 2333
1484 2334
1485 2336
1486 2337
1487 2339
1488 2340
1489 2342
1490 2344
1491 2345
1492 2347
1493 2348
1494 2350
1495 2351
1496 2353
1497 2355
1498 2356
1499 2358
1500 2359
1501 2361
1502 2362
1503 2364
1504 2366
1505 2367
1506 2369
1507 2370
1508 2372
1509 2373
1510 2375
1511 2377
1512 2378
1513 2380
1514 2381
1515 2383
1516 2384
1517 2386
1518 2388
1519 2389
1520 2391
1521 2392
1522 2394
1523 2395
1524 2397
1525 2399
1526 2400
1527 2402
1528 2403
1529 2405
1530 2406
1531 2408
1532 2410
1533 2411
1534 2413
1535 2414
1536 2416
1537 2418
1538 2419
1539 2421
1540 2422
1541 2424
1542 2425
1543 2427
1544 2429
1545 2430
1546 2432
1547 2433
1548 2435
1549 2436
1550 2438
1551 2440
1552 2441
1553 2443
1554 2444
1555 2446
1556 2447
1557 2449
1558 2451
1559 2452
1560 2454
1561 2455
1562 2457
1563 2458
1564 2460
1565 2462
1566 2463
1567 2465
1568 2466
1569 2468
1570 2469
1571 2471
1572 2473
1573 2474
1574 2476
1575 2477
1576 2479
1577 2480
1578 2482
1579 2484
1580 2485
1581 2487
1582 2488
1583 2490
1584 2491
1585 2493
1586 2495
1587 2496
1588 2498
1589 2499
1590 2501
1591 2502
1592 2504
1593 2506
1594 2507
1595 2509
1596 2510
1597 2512
1598 2513
1599 2515
1600 2517
1601 2518
1602 2520
1603 2521
1604 2523
1605 2524
1606 2526
1607 2528
1608 2529
1609 2531
1610 2532
1611 2534
1612 2535
1613 2537
1614 2539
1615 2540
1616 2542
1617 2543
1618 2545
1619 2546
1620 2548
1621 2550
1622 2551
1623 2553
1624 2554
1625 2556
1626 2557
1627 2559
1628 2561
1629 2562
1630 2564
1631 2565
1632 2567
1633 2568
1634 2570
1635 2572
1636 2573
1637 2575
1638 2576
1639 2578
1640 2579
1641 2581
1642 2583
1643 2584
1644 2586
1645 2587
1646 2589
1647 2590
1648 2592
1649 2594
1650 2595
1651 2597
1652 2598
1653 2600
1654 2601
1655 2603
1656 2605
1657 2606
1658 2608
1659 2609
1660 2611
1661 2612
1662 2614
1663 2616
1664 2617
1665 2619
1666 2620
1667 2622
1668 2623
1669 2625
1670 2627
1671 2628
1672 2630
1673 2631
1674 2633
1675 2634
1676 2636
1677 2638
1678 2639
1679 2641
1680 2642
1681 2644
1682 2646
1683 2647
1684 2649
1685 2650
1686 2652
1687 2653
1688 2655
1689 2657
1690 2658
1691 2660
1692 2661
1693 2663
1694 2664
1695 2666
1696 2668
1697 2669
1698 2671
1699 2672
1700 2674
1701 2675
1702 2677
1703 2679
1704 2680
1705 2682
1706 2683
1707 2685
1708 2686
1709 2688
1710 2690
1711 2691
1712 2693
1713 2694
1714 2696
1715 2697
1716 2699
1717 2701
1718 2702
1719 2704
1720 2705
1721 2707
1722 2708
1723 2710
1724 2712
1725 2713
1726 2715
1727 2716
1728 2718
1729 2719
1730 2721
1731 2723
1732 2724
1733 2726
1734 2727
1735 2729
1736 2731
1737 2732
1738 2734
1739 2735
1740 2737
1741 2738
1742 2740
1743 2742
1744 2743
1745 2745
1746 2746
1747 2748
1748 2749
1749 2751
1750 2753
1751 2754
1752 2756
1753 2757
1754 2759
1755 2760
1756 2762
1757 2764
1758 2765
1759 2767
1760 2768
1761 2770
1762 2771
1763 2773
1764 2775
1765 2776
1766 2778
1767 2779
1768 2781
1769 2782
1770 2784
1771 2786
1772 2787
1773 2789
1774 2790
1775 2792
1776 2793
1777 2795
1778 2797
1779 2798
1780 2800
1781 2801
1782 2803
1783 2804
1784 2806
1785 2808
1786 2809
1787 2811
1788 2812
1789 2814
1790 2815
1791 2817
1792 2819
1793 2820
1794 2822
1795 2823
1796 2825
1797 2826
1798 2828
1799 2830
1800 2831
1801 2833
1802 2834
1803 2836
1804 2837
1805 2839
1806 2841
1807 2842
1808 2844
1809 2845
1810 2847
1811 2849
1812 2850
1813 2852
1814 2853
1815 2855
1816 2856
1817 2858
1818 2860
1819 2861
1820 2863
1821 2864
1822 2866
1823 2867
1824 2869
1825 2871
1826 2872
1827 2874
1828 2875
1829 2877
1830 2878
1831 2880
1832 2882
1833 2883
1834 2885
1835 2886
1836 2888
1837 2889
1838 2891
1839 2893
1840 2894
1841 2896
1842 2897
1843 2899
1844 2900
1845 2902
1846 2904
1847 2905
1848 2907
1849 2908
1850 2910
1851 2911
1852 2913
1853 2915
1854 2916
1855 2918
1856 2919
1857 2921
1858 2922
1859 2924
1860 2926
1861 2927
1862 2929
1863 2930
1864 2932
1865 2933
1866 2935
1867 2937
1868 2938
1869 2940
1870 2941
1871 2943
1872 2944
1873 2946
1874 2948
1875 2949
1876 2951
1877 2952
1878 2954
1879 2955
1880 2957
1881 2959
1882 2960
1883 2962
1884 2963
1885 2965
1886 2966
1887 2968
1888 2970
1889 2971
1890 2973
1891 2974
1892 2976
1893 2977
1894 2979
1895 2981
1896 2982
1897 2984
1898 2985
1899 2987
1900 2989
1901 2990
1902 2992
1903 2993
1904 2995
1905 2996
1906 2998
1907 3000
1908 3001
1909 3003
1910 3004
1911 3006
1912 3007
1913 3009
1914 3011
1915 3012
1916 3014
1917 3015
1918 3017
1919 3018
1920 3020
1921 3022
1922 3023
1923 3025
1924 3026
1925 3028
1926 3029
1927 3031
1928 3033
1929 3034
1930 3036
1931 3037
1932 3039
1933 3040
1934 3042
1935 3044
1936 3045
1937 3047
1938 3048
1939 3050
1940 3051
1941 3053
1942 3055
1943 3056
1944 3058
1945 3059
1946 3061
1947 3062
1948 3064
1949 3066
1950 3067
1951 3069
1952 3070
1953 3072
1954 3073
1955 3075
1956 3077
1957 3078
1958 3080
1959 3081
1960 3083
1961 3084
1962 3086
1963 3088
1964 3089
1965 3091
1966 3092
1967 3094
1968 3095
1969 3097
1970 3099
1971 3100
1972 3102
1973 3103
1974 3105
1975 3106
1976 3108
1977 3110
1978 3111
1979 3113
1980 3114
1981 3116
1982 3117
1983 3119
1984 3121
1985 3122
1986 3124
1987 3125
1988 3127
1989 3128
1990 3130
1991 3132
1992 3133
1993 3135
1994 3136
1995 3138
1996 3140
1997 3141
1998 3143
1999 3144
2000 3146
2001 3147
2002 3149
2003 3151
2004 3152
2005 3154
2006 3155
2007 3157
2008 3158
2009 3160
2010 3162
2011 3163
2012 3165
2013 3166
2014 3168
2015 3169
2016 3171
2017 3173
2018 3174
2019 3176
2020 3177
2021 3179
2022 3180
2023 3182
2024 3184
2025 3185
2026 3187
2027 3188
2028 3190
2029 3191
2030 3193
2031 3195
2032 3196
2033 3198
2034 3199
2035 3201
2036 3202
2037 3204
2038 3206
2039 3207
2040 3209
2041 3210
2042 3212
2043 3213
2044 3215
2045 3217
2046 3218
2047 3220
2048 3221
2049 3223
2050 3224
2051 3226
2052 3228
2053 3229
2054 3231
2055 3232
2056 3234
2057 3235
2058 3237
2059 3239
2060 3240
2061 3242
2062 3243
2063 3245
2064 3246
2065 3248
2066 3250
2067 3251
2068 3253
2069 3254
2070 3256
2071 3257
2072 3259
2073 3261
2074 3262
2075 3264
2076 3265
2077 3267
2078 3268
2079 3270
2080 3272
2081 3273
2082 3275
2083 3276
2084 3278
2085 3280
2086 3281
2087 3283
2088 3284
2089 3286
2090 3287
2091 3289
2092 3291
2093 3292
2094 3294
2095 3295
2096 3297
2097 3298
2098 3300
2099 3302
2100 3303
2101 3305
2102 3306
2103 3308
2104 3309
2105 3311
2106 3313
2107 3314
2108 3316
2109 3317
2110 3319
2111 3320
2112 3322
2113 3324
2114 3325
2115 3327
2116 3328
2117 3330
2118 3331
2119 3333
2120 3335
2121 3336
2122 3338
2123 3339
2124 3341
2125 3342
2126 3344
2127 3346
2128 3347
2129 3349
2130 3350
2131 3352
2132 3353
2133 3355
2134 3357
2135 3358
2136 3360
2137 3361
2138 3363
2139 3364
2140 3366
2141 3368
2142 3369
2143 3371
2144 3372
2145 3374
2146 3375
2147 3377
2148 3379
2149 3380
2150 3382
2151 3383
2152 3385
2153 3386
2154 3388
2155 3390
2156 3391
2157 3393
2158 3394
2159 3396
2160 3398
2161 3399
2162 3401
2163 3402
2164 3404
2165 3405
2166 3407
2167 3409
2168 3410
2169 3412
2170 3413
2171 3415
2172 3416
2173 3418
2174 3420
2175 3421
2176 3423
2177 3424
2178 3426
2179 3427
2180 3429
2181 3431
2182 3432
2183 3434
2184 3435
2185 3437
2186 3438
2187 3440
2188 3442
2189 3443
2190 3445
2191 3446
2192 3448
2193 3449
2194 3451
2195 3453
2196 3454
2197 3456
2198 3457
2199 3459
2200 3460
2201 3462
2202 3464
2203 3465
2204 3467
2205 3468
2206 3470
2207 3471
2208 3473
2209 3475
2210 3476
2211 3478
2212 3479
2213 3481
2214 3482
2215 3484
2216 3486
2217 3487
2218 3489
2219 3490
2220 3492
2221 3493
2222 3495
2223 3497
2224 3498
2225 3500
2226 3501
2227 3503
2228 3504
2229 3506
2230 3508
2231 3509
2232 3511
2233 3512
2234 3514
2235 3515
2236 3517
2237 3519
2238 3520
2239 3522
2240 3523
2241 3525
2242 3526
2243 3528
2244 3530
2245 3531
2246 3533
2247 3534
2248 3536
2249 3538
2250 3539
2251 3541
2252 3542
2253 3544
2254 3545
2255 3547
2256 3549
2257 3550
2258 3552
2259 3553
2260 3555
2261 3556
2262 3558
2263 3560
2264 3561
2265 3563
2266 3564
2267 3566
2268 3567
2269 3569
2270 3571
2271 3572
2272 3574
2273 3575
2274 3577
2275 3578
2276 3580
2277 3582
2278 3583
2279 3585
2280 3586
2281 3588
2282 3589
2283 3591
2284 3593
2285 3594
2286 3596
2287 3597
2288 3599
2289 3600
2290 3602
2291 3604
2292 3605
2293 3607
2294 3608
2295 3610
2296 3611
2297 3613
2298 3615
2299 3616
2300 3618
2301 3619
2302 3621
2303 3622
2304 3624
2305 3626
2306 3627
2307 3629
2308 3630
2309 3632
2310 3633
2311 3635
2312 3637
2313 3638
2314 3640
2315 3641
2316 3643
2317 3644
2318 3646
2319 3648
2320 3649
2321 3651
2322 3652
2323 3654
2324 3655
2325 3657
2326 3659
2327 3660
2328 3662
2329 3663
2330 3665
2331 3666
2332 3668
2333 3670
2334 3671
2335 3673
2336 3674
2337 3676
2338 3678
2339 3679
2340 3681
2341 3682
2342 3684
2343 3685
2344 3687
2345 3689
2346 3690
2347 3692
2348 3693
2349 3695
2350 3696
2351 3698
2352 3700
2353 3701
2354 3703
2355 3704
2356 3706
2357 3707
2358 3709
2359 3711
2360 3712
2361 3714
2362 3715
2363 3717
2364 3718
2365 3720
2366 3722
2367 3723
2368 3725
2369 3726
2370 3728
2371 3729
2372 3731
2373 3733
2374 3734
2375 3736
2376 3737
2377 3739
2378 3740
2379 3742
2380 3744
2381 3745
2382 3747
2383 3748
2384 3750
2385 3751
2386 3753
2387 3755
2388 3756
2389 3758
2390 3759
2391 3761
2392 3762
2393 3764
2394 3766
2395 3767
2396 3769
2397 3770
2398 3772
2399 3773
2400 3775
2401 3777
2402 3778
2403 3780
2404 3781
2405 3783
2406 3784
2407 3786
2408 3788
2409 3789
2410 3791
2411 3792
2412 3794
2413 3795
2414 3797
2415 3799
2416 3800
2417 3802
2418 3803
2419 3805
2420 3806
2421 3808
2422 3810
2423 3811
2424 3813
2425 3814
2426 3816
2427 3817
2428 3819
2429 3821
2430 3822
2431 3824
2432 3825
2433 3827
2434 3828
2435 3830
2436 3832
2437 3833
2438 3835
2439 3836
2440 3838
2441 3840
2442 3841
2443 3843
2444 3844
2445 3846
2446 3847
2447 3849
2448 3851
2449 3852
2450 3854
2451 3855
2452 3857
2453 3858
2454 3860
2455 3862
2456 3863
2457 3865
2458 3866
2459 3868
2460 3869
2461 3871
2462 3873
2463 3874
2464 3876
2465 3877
2466 3879
2467 3880
2468 3882
2469 3884
2470 3885
2471 3887
2472 3888
2473 3890
2474 3891
2475 3893
2476 3895
2477 3896
2478 3898
2479 3899
2480 3901
2481 3902
2482 3904
2483 3906
2484 3907
2485 3909
2486 3910
2487 3912
2488 3913
2489 3915
2490 3917
2491 3918
2492 3920
2493 3921
2494 3923
2495 3924
2496 3926
2497 3928
2498 3929
2499 3931
2500 3932
2501 3934
2502 3935
2503 3937
2504 3939
2505 3940
2506 3942
2507 3943
2508 3945
2509 3946
2510 3948
2511 3950
2512 3951
2513 3953
2514 3954
2515 3956
2516 3957
2517 3959
2518 3961
2519 3962
2520 3964
2521 3965
2522 3967
2523 3968
2524 3970
2525 3972
2526 3973
2527 3975
2528 3976
2529 3978
2530 3980
2531 3981
2532 3983
2533 3984
2534 3986
2535 3987
2536 3989
2537 3991
2538 3992
2539 3994
2540 3995
2541 3997
2542 3998
2543 4000
2544 4002
2545 4003
2546 4005
2547 4006
2548 4008
2549 4009
2550 4011
2551 4013
2552 4014
2553 4016
2554 4017
2555 4019
2556 4020
2557 4022
2558 4024
2559 4025
2560 4027
2561 4028
2562 4030
2563 4031
2564 4033
2565 4035
2566 4036
2567 4038
2568 4039
2569 4041
2570 4042
2571 4044
2572 4046
2573 4047
2574 4049
2575 4050
2576 4052
2577 4053
2578 4055
2579 4057
2580 4058
2581 4060
2582 4061
2583 4063
2584 4065
2585 4066
2586 4068
2587 4069
2588 4071
2589 4072
2590 4074
2591 4076
2592 4077
2593 4079
2594 4080
2595 4082
2596 4083
2597 4085
2598 4087
2599 4088
2600 4090
2601 4091
2602 4093
2603 4094
2604 4096
2605 4098
2606 4099
2607 4101
2608 4102
2609 4104
2610 4105
2611 4107
2612 4109
2613 4110
2614 4112
2615 4113
2616 4115
2617 4116
2618 4118
2619 4120
2620 4121
2621 4123
2622 4124
2623 4126
2624 4127
2625 4129
2626 4131
2627 4132
2628 4134
2629 4135
2630 4137
2631 4138
2632 4140
2633 4142
2634 4143
2635 4145
2636 4146
2637 4148
2638 4149
2639 4151
2640 4153
2641 4154
2642 4156
2643 4157
2644 4159
2645 4160
2646 4162
2647 4164
2648 4165
2649 4167
2650 4168
2651 4170
2652 4171
2653 4173
2654 4175
2655 4176
2656 4178
2657 4179
2658 4181
2659 4182
2660 4184
2661 4186
2662 4187
2663 4189
2664 4190
2665 4192
2666 4193
2667 4195
2668 4197
2669 4198
2670 4200
2671 4201
2672 4203
2673 4204
2674 4206
2675 4208
2676 4209
2677 4211
2678 4212
2679 4214
2680 4215
2681 4217
2682 4219
2683 4220
2684 4222
2685 4223
2686 4225
2687 4226
2688 4228
2689 4230
2690 4231
2691 4233
2692 4234
2693 4236
2694 4237
2695 4239
2696 4241
2697 4242
2698 4244
2699 4245
2700 4247
2701 4248
2702 4250
2703 4252
2704 4253
2705 4255
2706 4256
2707 4258
2708 4259
2709 4261
2710 4263
2711 4264
2712 4266
2713 4267
2714 4269
2715 4270
2716 4272
2717 4274
2718 4275
2719 4277
2720 4278
2721 4280
2722 4281
2723 4283
2724 4285
2725 4286
2726 4288
2727 4289
2728 4291
2729 4292
2730 4294
2731 4296
2732 4297
2733 4299
2734 4300
2735 4302
2736 4303
2737 4305
2738 4307
2739 4308
2740 4310
2741 4311
2742 4313
2743 4315
2744 4316
2745 4318
2746 4319
2747 4321
2748 4322
2749 4324
2750 4326
2751 4327
2752 4329
2753 4330
2754 4332
2755 4333
2756 4335
2757 4337
2758 4338
2759 4340
2760 4341
2761 4343
2762 4344
2763 4346
2764 4348
2765 4349
2766 4351
2767 4352
2768 4354
2769 4355
2770 4357
2771 4359
2772 4360
2773 4362
2774 4363
2775 4365
2776 4366
2777 4368
2778 4370
2779 4371
2780 4373
2781 4374
2782 4376
2783 4377
2784 4379
2785 4381
2786 4382
2787 4384
2788 4385
2789 4387
2790 4388
2791 4390
2792 4392
2793 4393
2794 4395
2795 4396
2796 4398
2797 4399
2798 4401
2799 4403
2800 4404
2801 4406
2802 4407
2803 4409
2804 4410
2805 4412
2806 4414
2807 4415
2808 4417
2809 4418
2810 4420
2811 4421
2812 4423
2813 4425
2814 4426
2815 4428
2816 4429
2817 4431
2818 4432
2819 4434
2820 4436
2821 4437
2822 4439
2823 4440
2824 4442
2825 4443
2826 4445
2827 4447
2828 4448
2829 4450
2830 4451
2831 4453
2832 4454
2833 4456
2834 4458
2835 4459
2836 4461
2837 4462
2838 4464
2839 4465
2840 4467
2841 4469
2842 4470
2843 4472
2844 4473
2845 4475
2846 4477
2847 4478
2848 4480
2849 4481
2850 4483
2851 4484
2852 4486
2853 4488
2854 4489
2855 4491
2856 4492
2857 4494
2858 4495
2859 4497
2860 4499
2861 4500
2862 4502
2863 4503
2864 4505
2865 4506
2866 4508
2867 4510
2868 4511
2869 4513
2870 4514
2871 4516
2872 4517
2873 4519
2874 4521
2875 4522
2876 4524
2877 4525
2878 4527
2879 4528
2880 4530
2881 4532
2882 4533
2883 4535
2884 4536
2885 4538
2886 4539
2887 4541
2888 4543
2889 4544
2890 4546
2891 4547
2892 4549
2893 4550
2894 4552
2895 4554
2896 4555
2897 4557
2898 4558
2899 4560
2900 4561
2901 4563
2902 4565
2903 4566
2904 4568
2905 4569
2906 4571
2907 4572
2908 4574
2909 4576
2910 4577
2911 4579
2912 4580
2913 4582
2914 4583
2915 4585
2916 4587
2917 4588
2918 4590
2919 4591
2920 4593
2921 4594
2922 4596
2923 4598
2924 4599
2925 4601
2926 4602
2927 4604
2928 4605
2929 4607
2930 4609
2931 4610
2932 4612
2933 4613
2934 4615
2935 4616
2936 4618
2937 4620
2938 4621
2939 4623
2940 4624
2941 4626
2942 4627
2943 4629
2944 4631
2945 4632
2946 4634
2947 4635
2948 4637
2949 4639
2950 4640
2951 4642
2952 4643
2953 4645
2954 4646
2955 4648
2956 4650
2957 4651
2958 4653
2959 4654
2960 4656
2961 4657
2962 4659
2963 4661
2964 4662
2965 4664
2966 4665
2967 4667
2968 4668
2969 4670
2970 4672
2971 4673
2972 4675
2973 4676
2974 4678
2975 4679
2976 4681
2977 4683
2978 4684
2979 4686
2980 4687
2981 4689
2982 4690
2983 4692
2984 4694
2985 4695
2986 4697
2987 4698
2988 4700
2989 4701
2990 4703
2991 4705
2992 4706
2993 4708
2994 4709
2995 4711
2996 4712
2997 4714
2998 4716
2999 4717
3000 4719
3001 4720
3002 4722
3003 4723
3004 4725
3005 4727
3006 4728
3007 4730
3008 4731
3009 4733
3010 4734
3011 4736
3012 4738
3013 4739
3014 4741
3015 4742
3016 4744
3017 4745
3018 4747
3019 4749
3020 4750
3021 4752
3022 4753
3023 4755
3024 4756
3025 4758
3026 4760
3027 4761
3028 4763
3029 4764
3030 4766
3031 4768
3032 4769
3033 4771
3034 4772
3035 4774
3036 4775
3037 4777
3038 4779
3039 4780
3040 4782
3041 4783
3042 4785
3043 4786
3044 4788
3045 4790
3046 4791
3047 4793
3048 4794
3049 4796
3050 4797
3051 4799
3052 4801
3053 4802
3054 4804
3055 4805
3056 4807
3057 4808
3058 4810
3059 4812
3060 4813
3061 4815
3062 4816
3063 4818
3064 4819
3065 4821
3066 4823
3067 4824
3068 4826
3069 4827
3070 4829
3071 4830
3072 4832
3073 4834
3074 4835
3075 4837
3076 4838
3077 4840
3078 4841
3079 4843
3080 4845
3081 4846
3082 4848
3083 4849
3084 4851
3085 4852
3086 4854
3087 4856
3088 4857
3089 4859
3090 4860
3091 4862
3092 4863
3093 4865
3094 4867
3095 4868
3096 4870
3097 4871
3098 4873
3099 4874
3100 4876
3101 4878
3102 4879
3103 4881
3104 4882
3105 4884
3106 4885
3107 4887
3108 4889
3109 4890
3110 4892
3111 4893
3112 4895
3113 4896
3114 4898
3115 4900
3116 4901
3117 4903
3118 4904
3119 4906
3120 4908
3121 4909
3122 4911
3123 4912
3124 4914
3125 4915
3126 4917
3127 4919
3128 4920
3129 4922
3130 4923
3131 4925
3132 4926
3133 4928
3134 4930
3135 4931
3136 4933
3137 4934
3138 4936
3139 4937
3140 4939
3141 4941
3142 4942
3143 4944
3144 4945
3145 4947
3146 4948
3147 4950
3148 4952
3149 4953
3150 4955
3151 4956
3152 4958
3153 4959
3154 4961
3155 4963
3156 4964
3157 4966
3158 4967
3159 4969
3160 4970
3161 4972
3162 4974
3163 4975
3164 4977
3165 4978
3166 4980
3167 4981
3168 4983
3169 4985
3170 4986
3171 4988
3172 4989
3173 4991
3174 4992
3175 4994
3176 4996
3177 4997
3178 4999
3179 5000
3180 5002
3181 5003
3182 5005
3183 5007
3184 5008
3185 5010
3186 5011
3187 5013
3188 5014
3189 5016
3190 5018
3191 5019
3192 5021
3193 5022
3194 5024
3195 5025
3196 5027
3197 5029
3198 5030
3199 5032
3200 5033
3201 5035
3202 5036
3203 5038
3204 5040
3205 5041
3206 5043
3207 5044
