#ProcessMD C:\home_movies_work\cfile.txt mode=1 cycle=5 remove=1 threshold=1.0 run length=3
#original frame count = 5678, decimated frame count = 3612
0 0 500000000.000000
1 0 1.821974
2 0 2.217144
3 1 0.000000
4 0 1.559070
5 0 1.577385
6 1 0.000000
7 0 1.827534
8 0 2.442476
9 1 0.000000
10 0 1.924947
11 1 0.000000
12 0 1.662654
13 0 2.176563
14 1 0.000000
15 0 1.753563
16 0 2.226414
17 1 0.000000
18 0 1.513696
19 0 1.873312
20 1 0.000000
21 0 1.648903
22 1 0.000000
23 0 1.815875
24 0 2.159196
25 1 0.000000
26 0 2.011472
27 0 1.663199
28 1 0.000000
29 0 2.109909
30 1 0.000000
31 0 1.720140
32 0 1.540211
33 1 0.000000
34 0 1.704766
35 0 1.749727
36 1 0.000000
37 0 1.512978
38 0 1.440155
39 1 0.000000
40 0 1.840470
41 1 0.000000
42 0 1.500227
43 0 1.512824
44 1 0.000000
45 0 1.662537
46 0 1.963186
47 1 0.000000
48 0 1.960834
49 0 1.491872
50 1 0.000000
51 0 1.849624
52 1 0.000000
53 0 1.689815
54 0 1.542721
55 1 0.000000
56 0 1.748976
57 0 1.926968
58 1 0.000000
59 0 1.716147
60 0 1.458471
61 1 0.000000
62 0 2.060827
63 1 0.000000
64 0 1.960968
65 0 1.798660
66 1 0.000000
67 0 1.983492
68 0 2.001016
69 1 0.000000
70 0 1.555281
71 0 1.527442
72 1 0.000000
73 0 1.912549
74 1 0.000000
75 0 2.066118
76 0 2.094486
77 1 0.000000
78 0 2.159061
79 0 1.707013
80 1 0.000000
81 0 1.594300
82 0 1.418607
83 1 0.000000
84 0 1.927327
85 1 0.000000
86 0 1.881701
87 0 1.622540
88 1 0.000000
89 0 1.795497
90 0 1.671114
91 1 0.000000
92 0 1.576910
93 0 1.616611
94 1 0.000000
95 0 2.009624
96 1 0.000000
97 0 1.515438
98 0 1.717361
99 1 0.000000
100 0 1.866725
101 0 1.606932
102 1 0.000000
103 0 1.481557
104 0 1.503523
105 1 0.000000
106 0 2.009437
107 1 0.000000
108 0 1.561755
109 0 1.810821
110 1 0.000000
111 0 1.930565
112 0 1.620453
113 1 0.000000
114 0 1.557596
115 0 1.422510
116 1 0.000000
117 0 1.871885
118 1 0.000000
119 0 1.511521
120 0 1.586852
121 1 0.000000
122 0 2.002167
123 0 1.576498
124 1 0.000000
125 0 1.854547
126 0 1.580638
127 1 0.000000
128 0 2.203183
129 1 0.000000
130 0 1.552386
131 0 1.504148
132 1 0.000000
133 0 1.953107
134 0 1.520133
135 1 0.000000
136 0 1.498633
137 0 1.521717
138 1 0.000000
139 0 2.378164
140 1 0.000000
141 0 1.551721
142 0 6.332402
143 1 0.000000
144 0 3.248873
145 0 1.708277
146 1 0.000000
147 0 1.727882
148 0 1.843571
149 1 0.000000
150 0 2.267002
151 1 0.000000
152 0 1.792476
153 0 1.514225
154 1 0.000000
155 0 2.396032
156 0 1.898605
157 1 0.000000
158 0 1.729781
159 0 1.700448
160 1 0.000000
161 0 1.810370
162 1 0.000000
163 0 1.568925
164 0 1.540988
165 1 0.000000
166 0 2.147590
167 0 1.483766
168 1 0.000000
169 0 1.579779
170 0 1.760574
171 1 0.000000
172 0 1.852103
173 1 0.000000
174 0 1.719427
175 0 1.875621
176 1 0.000000
177 0 2.211521
178 0 1.658028
179 1 0.000000
180 0 1.700645
181 1 0.000000
182 0 2.278386
183 0 1.535747
184 1 0.000000
185 0 1.674741
186 0 1.900805
187 1 0.000000
188 0 1.866212
189 0 1.992804
190 1 0.000000
191 0 1.608692
192 1 0.000000
193 0 2.229599
194 0 1.573722
195 1 0.000000
196 0 1.565993
197 0 1.750405
198 1 0.000000
199 0 2.026008
200 0 1.629486
201 1 0.000000
202 0 1.437330
203 1 0.000000
204 0 2.055637
205 0 1.508768
206 1 0.000000
207 0 1.439429
208 0 1.929933
209 1 0.000000
210 0 1.770244
211 0 1.471288
212 1 0.000000
213 0 1.613598
214 1 0.000000
215 0 1.973980
216 0 1.578727
217 1 0.000000
218 0 1.649338
219 0 1.973402
220 1 0.000000
221 0 1.708995
222 0 1.650825
223 1 0.000000
224 0 1.685860
225 1 0.000000
226 0 1.874777
227 0 1.623845
228 1 0.000000
229 0 1.444616
230 0 2.187862
231 1 0.000000
232 0 1.515689
233 0 1.554901
234 1 0.000000
235 0 1.706698
236 1 0.000000
237 0 1.816785
238 0 1.895327
239 1 0.000000
240 0 1.677694
241 0 2.027801
242 1 0.000000
243 0 1.644119
244 0 1.489892
245 1 0.000000
246 0 1.726703
247 1 0.000000
248 0 1.616790
249 0 1.454229
250 1 0.000000
251 0 1.506054
252 0 2.340376
253 1 0.000000
254 0 1.526053
255 0 1.569442
256 1 0.000000
257 0 1.982271
258 1 0.000000
259 0 1.796991
260 0 1.559233
261 1 0.000000
262 0 1.664207
263 0 1.866677
264 1 0.000000
265 0 1.745432
266 0 1.635030
267 1 0.000000
268 0 1.875340
269 1 0.000000
270 0 1.834224
271 0 1.493026
272 1 0.000000
273 0 1.864874
274 0 1.869904
275 1 0.000000
276 0 1.474182
277 0 1.635806
278 1 0.000000
279 0 2.109227
280 1 0.000000
281 0 1.622014
282 0 1.512645
283 1 0.000000
284 0 1.721776
285 0 1.560519
286 1 0.000000
287 0 1.473534
288 0 1.537457
289 1 0.000000
290 0 1.877400
291 1 0.000000
292 0 1.714782
293 0 1.456168
294 1 0.000000
295 0 2.046417
296 0 1.411742
297 1 0.000000
298 0 1.464108
299 0 1.385061
300 1 0.000000
301 0 2.073360
302 1 0.000000
303 0 1.462477
304 0 1.466215
305 1 0.000000
306 0 1.857771
307 0 1.443101
308 1 0.000000
309 0 1.401869
310 0 1.437203
311 1 0.000000
312 0 2.055847
313 1 0.000000
314 0 1.478727
315 0 1.430384
316 1 0.000000
317 0 2.046267
318 0 1.457201
319 1 0.000000
320 0 1.489461
321 0 1.488717
322 1 0.000000
323 0 1.849931
324 1 0.000000
325 0 1.507037
326 0 1.596406
327 1 0.000000
328 0 1.889280
329 0 1.436171
330 1 0.000000
331 0 1.623120
332 0 1.566014
333 1 0.000000
334 0 2.031948
335 1 0.000000
336 0 1.656969
337 0 2.242993
338 1 0.000000
339 0 2.044185
340 0 2.025612
341 1 0.000000
342 0 2.302001
343 1 0.000000
344 0 3.161299
345 0 2.048257
346 1 0.000000
347 0 1.651667
348 0 1.966412
349 1 0.000000
350 0 2.350351
351 0 1.650889
352 1 0.000000
353 0 1.514553
354 1 0.000000
355 0 2.409295
356 0 1.521770
357 1 0.000000
358 0 1.563114
359 0 1.845710
360 1 0.000000
361 0 1.601448
362 0 1.441739
363 1 0.000000
364 0 1.481413
365 1 0.000000
366 0 2.082518
367 0 1.541404
368 1 0.000000
369 0 1.855445
370 0 2.652197
371 1 0.000000
372 0 10.786345
373 0 2.443057
374 1 0.000000
375 0 1.931678
376 1 0.000000
377 0 1.828504
378 0 2.425762
379 1 0.000000
380 0 1.894776
381 0 2.108943
382 1 0.000000
383 0 1.608585
384 0 1.656807
385 1 0.000000
386 0 1.819012
387 1 0.000000
388 0 1.800030
389 0 1.567152
390 1 0.000000
391 0 1.470625
392 0 1.894122
393 1 0.000000
394 0 1.979792
395 0 1.960715
396 1 0.000000
397 0 1.977870
398 1 0.000000
399 0 1.936941
400 0 1.503726
401 1 0.000000
402 0 1.895741
403 0 2.205673
404 1 0.000000
405 0 1.627735
406 0 1.515342
407 1 0.000000
408 0 2.120415
409 1 0.000000
410 0 1.605389
411 0 1.610104
412 1 0.000000
413 0 1.660214
414 0 1.824292
415 1 0.000000
416 0 1.678904
417 0 1.716130
418 1 0.000000
419 0 1.821911
420 1 0.000000
421 0 1.471179
422 0 1.767319
423 1 0.000000
424 0 1.913792
425 0 2.218193
426 1 0.000000
427 0 1.751964
428 0 1.632188
429 1 0.000000
430 0 2.250373
431 1 0.000000
432 0 1.549112
433 0 1.525584
434 1 0.000000
435 0 1.660681
436 0 1.745661
437 1 0.000000
438 0 1.546442
439 0 1.584288
440 1 0.000000
441 0 1.845503
442 1 0.000000
443 0 1.802039
444 0 1.499394
445 1 0.000000
446 0 2.051012
447 0 1.494228
448 1 0.000000
449 0 1.599047
450 0 1.521732
451 1 0.000000
452 0 2.007721
453 1 0.000000
454 0 1.513984
455 0 1.631891
456 1 0.000000
457 0 1.932869
458 0 1.854603
459 1 0.000000
460 0 1.509852
461 0 1.776551
462 1 0.000000
463 0 2.362118
464 1 0.000000
465 0 1.594774
466 0 1.530877
467 1 0.000000
468 0 1.830822
469 0 1.679313
470 1 0.000000
471 0 2.075012
472 0 1.789053
473 1 0.000000
474 0 1.600267
475 1 0.000000
476 0 1.651418
477 0 1.629130
478 1 0.000000
479 0 1.772163
480 0 1.482745
481 1 0.000000
482 0 1.720268
483 0 1.737489
484 1 0.000000
485 0 1.677183
486 1 0.000000
487 0 1.608401
488 0 1.878300
489 1 0.000000
490 0 1.668521
491 0 1.730925
492 1 0.000000
493 0 1.754857
494 1 0.000000
495 0 1.750784
496 0 1.713372
497 1 0.000000
498 0 1.487965
499 0 1.654419
500 1 0.000000
501 0 1.490407
502 0 1.458885
503 1 0.000000
504 0 1.929579
505 1 0.000000
506 0 1.839750
507 0 1.466826
508 1 0.000000
509 0 1.548292
510 0 1.881184
511 1 0.000000
512 0 1.798548
513 0 1.596844
514 1 0.000000
515 0 1.701252
516 1 0.000000
517 0 1.883471
518 0 1.585388
519 1 0.000000
520 0 1.615810
521 0 1.698728
522 1 0.000000
523 0 1.679095
524 0 1.528514
525 1 0.000000
526 0 1.657481
527 1 0.000000
528 0 1.782771
529 0 1.637282
530 1 0.000000
531 0 1.759558
532 0 1.741829
533 1 0.000000
534 0 1.615792
535 0 1.724195
536 1 0.000000
537 0 1.974984
538 1 0.000000
539 0 7.473982
540 0 2.447135
541 1 0.000000
542 0 1.999283
543 0 1.670846
544 1 0.000000
545 0 1.642857
546 0 1.564497
547 1 0.000000
548 0 2.145120
549 1 0.000000
550 0 1.640561
551 0 1.754942
552 1 0.000000
553 0 1.747470
554 0 1.901579
555 1 0.000000
556 0 1.653437
557 0 1.535162
558 1 0.000000
559 0 1.811318
560 1 0.000000
561 0 1.488337
562 0 1.572768
563 1 0.000000
564 0 1.907098
565 0 1.583043
566 1 0.000000
567 0 1.535853
568 0 1.515949
569 1 0.000000
570 0 2.786717
571 1 0.000000
572 0 1.892425
573 0 2.239436
574 1 0.000000
575 0 1.740924
576 0 1.890645
577 1 0.000000
578 0 1.569813
579 0 1.564069
580 1 0.000000
581 0 2.244778
582 1 0.000000
583 0 1.620684
584 0 1.699150
585 1 0.000000
586 0 2.159861
587 0 1.620599
588 1 0.000000
589 0 1.770385
590 0 1.863294
591 1 0.000000
592 0 3.532100
593 1 0.000000
594 0 1.722693
595 0 2.012756
596 1 0.000000
597 0 2.304281
598 0 1.933950
599 1 0.000000
600 0 1.827922
601 0 1.637627
602 1 0.000000
603 0 2.232284
604 1 0.000000
605 0 1.615478
606 0 1.794974
607 1 0.000000
608 0 2.484802
609 0 1.583589
610 1 0.000000
611 0 1.887677
612 0 1.638749
613 1 0.000000
614 0 2.136568
615 1 0.000000
616 0 1.998090
617 0 2.230521
618 1 0.000000
619 0 2.220274
620 0 1.939633
621 1 0.000000
622 0 1.535748
623 1 0.000000
624 0 2.365872
625 0 1.657741
626 1 0.000000
627 0 1.555232
628 0 1.810502
629 1 0.000000
630 0 1.943344
631 0 1.582949
632 1 0.000000
633 0 1.650020
634 1 0.000000
635 0 2.433391
636 0 1.702199
637 1 0.000000
638 0 1.598348
639 0 1.867142
640 1 0.000000
641 0 1.756821
642 0 1.601675
643 1 0.000000
644 0 1.551566
645 1 0.000000
646 0 2.637463
647 0 1.545479
648 1 0.000000
649 0 1.552725
650 0 2.206371
651 1 0.000000
652 0 1.581074
653 0 1.657613
654 1 0.000000
655 0 1.775376
656 1 0.000000
657 0 1.966271
658 0 1.693155
659 1 0.000000
660 0 1.859027
661 0 2.085246
662 1 0.000000
663 0 1.829615
664 0 1.735116
665 1 0.000000
666 0 1.749607
667 1 0.000000
668 0 1.904811
669 0 1.644084
670 1 0.000000
671 0 1.547061
672 0 1.991444
673 1 0.000000
674 0 1.507095
675 0 1.653503
676 1 0.000000
677 0 1.929390
678 1 0.000000
679 0 1.665408
680 0 1.597209
681 1 0.000000
682 0 1.991896
683 0 2.058573
684 1 0.000000
685 0 1.752613
686 0 1.784604
687 1 0.000000
688 0 1.883257
689 1 0.000000
690 0 1.855922
691 0 1.894959
692 1 0.000000
693 0 1.916664
694 0 1.996520
695 1 0.000000
696 0 1.687642
697 0 1.711902
698 1 0.000000
699 0 2.396450
700 1 0.000000
701 0 1.719616
702 0 1.707510
703 1 0.000000
704 0 2.109141
705 0 1.938954
706 1 0.000000
707 0 1.529271
708 0 1.530572
709 1 0.000000
710 0 2.283017
711 1 0.000000
712 0 1.713464
713 0 1.666104
714 1 0.000000
715 0 2.731665
716 0 1.588018
717 1 0.000000
718 0 1.512968
719 0 1.621823
720 1 0.000000
721 0 3.855773
722 1 0.000000
723 0 24.487970
724 0 8.418543
725 1 0.000000
726 0 6.944453
727 0 6.346844
728 1 0.000000
729 0 9.480355
730 0 9.421903
731 1 0.000000
732 0 8.299934
733 1 0.000000
734 0 8.437421
735 0 6.704172
736 1 0.000000
737 0 6.746363
738 0 6.019204
739 1 0.000000
740 0 7.527797
741 0 6.773638
742 1 0.000000
743 0 9.524586
744 1 0.000000
745 0 6.959086
746 0 5.968346
747 1 0.000000
748 0 7.337451
749 0 4.780245
750 1 0.000000
751 0 6.234482
752 0 5.648941
753 1 0.000000
754 0 9.283322
755 1 0.000000
756 0 7.844190
757 0 8.298143
758 1 0.000000
759 0 6.947111
760 0 7.818166
761 1 0.000000
762 0 7.148137
763 0 4.307794
764 1 0.000000
765 0 5.385684
766 1 0.000000
767 0 7.398088
768 0 5.426567
769 1 0.000000
770 0 5.832676
771 0 5.464140
772 1 0.000000
773 0 6.216099
774 0 6.796487
775 1 0.000000
776 0 7.161623
777 1 0.000000
778 0 5.457198
779 0 7.987485
780 1 0.000000
781 0 7.376806
782 0 8.061796
783 1 0.000000
784 0 5.491067
785 0 6.939954
786 1 0.000000
787 0 7.834631
788 1 0.000000
789 0 5.517165
790 0 5.353015
791 1 0.000000
792 0 3.318765
793 0 3.535686
794 1 0.000000
795 0 4.303583
796 0 4.356227
797 1 0.000000
798 0 5.653562
799 1 0.000000
800 0 5.866476
801 0 7.948834
802 1 0.000000
803 0 5.551228
804 0 5.501819
805 1 0.000000
806 0 7.608136
807 0 10.170631
808 1 0.000000
809 0 7.496126
810 1 0.000000
811 0 6.555431
812 0 8.330003
813 1 0.000000
814 0 5.173026
815 0 7.330409
816 1 0.000000
817 0 5.795847
818 1 0.000000
819 0 6.968658
820 0 5.439625
821 1 0.000000
822 0 7.179290
823 0 7.408135
824 1 0.000000
825 0 5.181054
826 0 5.480730
827 1 0.000000
828 0 6.312374
829 1 0.000000
830 0 6.222308
831 0 6.116447
832 1 0.000000
833 0 7.428369
834 0 6.947798
835 1 0.000000
836 0 7.922588
837 0 7.706037
838 1 0.000000
839 0 9.724680
840 1 0.000000
841 0 10.875442
842 0 8.993350
843 1 0.000000
844 0 7.647395
845 0 9.325346
846 1 0.000000
847 0 7.576923
848 0 8.282793
849 1 0.000000
850 0 8.725361
851 1 0.000000
852 0 8.872540
853 0 6.093730
854 1 0.000000
855 0 6.959626
856 0 8.638258
857 1 0.000000
858 0 7.624168
859 0 7.988387
860 1 0.000000
861 0 6.890788
862 1 0.000000
863 0 5.847693
864 0 5.883517
865 1 0.000000
866 0 6.597912
867 0 4.617200
868 1 0.000000
869 0 4.918138
870 0 4.433742
871 1 0.000000
872 0 5.908141
873 1 0.000000
874 0 5.582715
875 0 4.679446
876 1 0.000000
877 0 4.482127
878 0 6.556377
879 1 0.000000
880 0 4.216005
881 0 3.869108
882 1 0.000000
883 0 4.193301
884 1 0.000000
885 0 3.999212
886 0 3.129330
887 1 0.000000
888 0 5.101415
889 0 3.076313
890 1 0.000000
891 0 3.820975
892 0 2.385860
893 1 0.000000
894 0 3.271919
895 1 0.000000
896 0 3.415043
897 0 3.377258
898 1 0.000000
899 0 3.595678
900 0 3.498957
901 1 0.000000
902 0 2.853593
903 0 4.081568
904 1 0.000000
905 0 4.952698
906 1 0.000000
907 0 3.933539
908 0 4.056963
909 1 0.000000
910 0 3.697440
911 0 3.955249
912 1 0.000000
913 0 3.944249
914 0 3.520267
915 1 0.000000
916 0 4.199938
917 1 0.000000
918 0 4.074826
919 0 3.776186
920 1 0.000000
921 0 3.503789
922 0 3.278470
923 1 0.000000
924 0 2.728858
925 0 2.556289
926 1 0.000000
927 0 3.274516
928 1 0.000000
929 0 3.055862
930 0 2.381076
931 1 0.000000
932 0 3.180260
933 0 2.708532
934 1 0.000000
935 0 2.485090
936 0 2.603810
937 1 0.000000
938 0 3.115405
939 1 0.000000
940 0 2.357016
941 0 3.925366
942 1 0.000000
943 0 2.793426
944 0 2.448827
945 1 0.000000
946 0 3.282399
947 0 2.599966
948 1 0.000000
949 0 3.647954
950 1 0.000000
951 0 2.936926
952 0 2.960821
953 1 0.000000
954 0 3.336761
955 0 2.369154
956 1 0.000000
957 0 2.723148
958 0 2.734004
959 1 0.000000
960 0 3.110796
961 1 0.000000
962 0 3.598918
963 0 3.996549
964 1 0.000000
965 0 2.795626
966 0 2.734818
967 1 0.000000
968 0 2.701835
969 0 3.450825
970 1 0.000000
971 0 3.944444
972 1 0.000000
973 0 3.898410
974 0 4.374356
975 1 0.000000
976 0 3.858440
977 0 2.580728
978 1 0.000000
979 0 4.004447
980 0 3.345755
981 1 0.000000
982 0 3.144490
983 1 0.000000
984 0 2.678822
985 0 3.362144
986 1 0.000000
987 0 2.696990
988 0 2.429426
989 1 0.000000
990 0 2.953789
991 1 0.000000
992 0 3.495838
993 0 3.395375
994 1 0.000000
995 0 2.760395
996 0 3.064101
997 1 0.000000
998 0 4.029606
999 0 3.760093
1000 1 0.000000
1001 0 4.090411
1002 1 0.000000
1003 0 4.298681
1004 0 5.844907
1005 1 0.000000
1006 0 4.583530
1007 0 4.592758
1008 1 0.000000
1009 0 2.984709
1010 0 2.973365
1011 1 0.000000
1012 0 3.218952
1013 1 0.000000
1014 0 4.050564
1015 0 4.414753
1016 1 0.000000
1017 0 3.339714
1018 0 3.688452
1019 1 0.000000
1020 0 2.910781
1021 0 2.920710
1022 1 0.000000
1023 0 3.600179
1024 1 0.000000
1025 0 3.989974
1026 0 3.982587
1027 1 0.000000
1028 0 3.395407
1029 0 3.655544
1030 1 0.000000
1031 0 4.275042
1032 0 3.268036
1033 1 0.000000
1034 0 3.301895
1035 1 0.000000
1036 0 3.554231
1037 0 3.692942
1038 1 0.000000
1039 0 3.486521
1040 0 2.831143
1041 1 0.000000
1042 0 2.456132
1043 0 2.330074
1044 1 0.000000
1045 0 3.360259
1046 1 0.000000
1047 0 2.006459
1048 0 2.670560
1049 1 0.000000
1050 0 2.705680
1051 0 2.324559
1052 1 0.000000
1053 0 2.206255
1054 0 2.043015
1055 1 0.000000
1056 0 3.202056
1057 1 0.000000
1058 0 2.137515
1059 0 2.570521
1060 1 0.000000
1061 0 2.586559
1062 0 2.151180
1063 1 0.000000
1064 0 2.259938
1065 0 2.244516
1066 1 0.000000
1067 0 2.562299
1068 1 0.000000
1069 0 2.004861
1070 0 2.310505
1071 1 0.000000
1072 0 2.418373
1073 0 1.951325
1074 1 0.000000
1075 0 2.122007
1076 0 2.209275
1077 1 0.000000
1078 0 3.060206
1079 1 0.000000
1080 0 2.543477
1081 0 3.212985
1082 1 0.000000
1083 0 2.854787
1084 0 2.232977
1085 1 0.000000
1086 0 2.300238
1087 0 3.495431
1088 1 0.000000
1089 0 2.732580
1090 1 0.000000
1091 0 4.404048
1092 0 2.578348
1093 1 0.000000
1094 0 3.255325
1095 0 5.180175
1096 1 0.000000
1097 0 4.315799
1098 0 4.347422
1099 1 0.000000
1100 0 4.275069
1101 1 0.000000
1102 0 3.449173
1103 0 4.390429
1104 1 0.000000
1105 0 3.297742
1106 0 2.161531
1107 1 0.000000
1108 0 3.665506
1109 0 3.019383
1110 1 0.000000
1111 0 2.536825
1112 1 0.000000
1113 0 3.095236
1114 0 2.424991
1115 1 0.000000
1116 0 2.026125
1117 0 2.039759
1118 1 0.000000
1119 0 2.006481
1120 0 2.704747
1121 1 0.000000
1122 0 3.012143
1123 1 0.000000
1124 0 3.285604
1125 0 3.278116
1126 1 0.000000
1127 0 3.451352
1128 0 2.295005
1129 1 0.000000
1130 0 3.688037
1131 0 2.646136
1132 1 0.000000
1133 0 2.869622
1134 1 0.000000
1135 0 2.410695
1136 0 3.600307
1137 1 0.000000
1138 0 2.472515
1139 0 2.025818
1140 1 0.000000
1141 0 2.756252
1142 0 3.161908
1143 1 0.000000
1144 0 2.139926
1145 1 0.000000
1146 0 1.989738
1147 0 2.799258
1148 1 0.000000
1149 0 2.363417
1150 0 15.881499
1151 1 0.000000
1152 0 5.992275
1153 1 0.000000
1154 0 5.581453
1155 0 6.671120
1156 1 0.000000
1157 0 5.350437
1158 0 4.007096
1159 1 0.000000
1160 0 2.962011
1161 0 1.877722
1162 1 0.000000
1163 0 2.980360
1164 1 0.000000
1165 0 5.191796
1166 0 3.722753
1167 1 0.000000
1168 0 3.618970
1169 0 3.012011
1170 1 0.000000
1171 0 1.760722
1172 0 4.778095
1173 1 0.000000
1174 0 5.174686
1175 1 0.000000
1176 0 3.071027
1177 0 2.089469
1178 1 0.000000
1179 0 3.313588
1180 0 4.567803
1181 1 0.000000
1182 0 3.103448
1183 0 4.864604
1184 1 0.000000
1185 0 4.900509
1186 1 0.000000
1187 0 2.972993
1188 0 1.969927
1189 1 0.000000
1190 0 3.044304
1191 0 1.961066
1192 1 0.000000
1193 0 3.734480
1194 0 2.152667
1195 1 0.000000
1196 0 2.369416
1197 1 0.000000
1198 0 4.664390
1199 0 2.971139
1200 1 0.000000
1201 0 2.310082
1202 0 3.532829
1203 1 0.000000
1204 0 3.413819
1205 0 2.086765
1206 1 0.000000
1207 0 2.623024
1208 1 0.000000
1209 0 2.107191
1210 0 3.232308
1211 1 0.000000
1212 0 2.573476
1213 0 2.913052
1214 1 0.000000
1215 0 2.291180
1216 0 1.818000
1217 1 0.000000
1218 0 2.315204
1219 1 0.000000
1220 0 2.529318
1221 0 2.347549
1222 1 0.000000
1223 0 3.640801
1224 0 2.490994
1225 1 0.000000
1226 0 2.450687
1227 0 1.858667
1228 1 0.000000
1229 0 2.919427
1230 1 0.000000
1231 0 2.773513
1232 0 3.182687
1233 1 0.000000
1234 0 2.446216
1235 0 1.896945
1236 1 0.000000
1237 0 2.927030
1238 0 2.328395
1239 1 0.000000
1240 0 2.380392
1241 1 0.000000
1242 0 1.957170
1243 0 2.614517
1244 1 0.000000
1245 0 2.782947
1246 0 1.719872
1247 1 0.000000
1248 0 2.864076
1249 0 2.259627
1250 1 0.000000
1251 0 2.167932
1252 1 0.000000
1253 0 1.831073
1254 0 2.803959
1255 1 0.000000
1256 0 3.476502
1257 0 1.746685
1258 1 0.000000
1259 0 2.559455
1260 0 2.676028
1261 1 0.000000
1262 0 2.730157
1263 1 0.000000
1264 0 2.727571
1265 0 2.348891
1266 1 0.000000
1267 0 2.528997
1268 0 2.642873
1269 1 0.000000
1270 0 2.053525
1271 0 2.915333
1272 1 0.000000
1273 0 3.881536
1274 1 0.000000
1275 0 4.468051
1276 0 3.286911
1277 1 0.000000
1278 0 2.592686
1279 0 1.968011
1280 1 0.000000
1281 0 2.047646
1282 0 3.821355
1283 1 0.000000
1284 0 3.758405
1285 1 0.000000
1286 0 3.903520
1287 0 3.509083
1288 1 0.000000
1289 0 2.178789
1290 0 2.152885
1291 1 0.000000
1292 0 1.911344
1293 0 2.653996
1294 1 0.000000
1295 0 2.884901
1296 1 0.000000
1297 0 2.032324
1298 0 2.346961
1299 1 0.000000
1300 0 2.219180
1301 0 2.568691
1302 1 0.000000
1303 0 2.302884
1304 0 3.391514
1305 1 0.000000
1306 0 1.761165
1307 1 0.000000
1308 0 1.789953
1309 0 3.200071
1310 1 0.000000
1311 0 1.967899
1312 0 2.956596
1313 1 0.000000
1314 0 2.805682
1315 1 0.000000
1316 0 3.208017
1317 0 2.487517
1318 1 0.000000
1319 0 3.340375
1320 0 3.155892
1321 1 0.000000
1322 0 2.936766
1323 0 1.755797
1324 1 0.000000
1325 0 2.992685
1326 1 0.000000
1327 0 1.848644
1328 0 1.679659
1329 1 0.000000
1330 0 2.213765
1331 0 2.313581
1332 1 0.000000
1333 0 2.382109
1334 0 2.353891
1335 1 0.000000
1336 0 3.557694
1337 1 0.000000
1338 0 2.332096
1339 0 3.767976
1340 1 0.000000
1341 0 2.166750
1342 0 1.809139
1343 1 0.000000
1344 0 2.007518
1345 0 2.005724
1346 1 0.000000
1347 0 2.098979
1348 1 0.000000
1349 0 2.856131
1350 0 2.350192
1351 1 0.000000
1352 0 3.192018
1353 0 2.044508
1354 1 0.000000
1355 0 2.007943
1356 0 2.415134
1357 1 0.000000
1358 0 3.018743
1359 1 0.000000
1360 0 1.847332
1361 0 3.149645
1362 1 0.000000
1363 0 2.988966
1364 0 3.002252
1365 1 0.000000
1366 0 2.114076
1367 0 2.618438
1368 1 0.000000
1369 0 3.041186
1370 1 0.000000
1371 0 2.295155
1372 0 2.101785
1373 1 0.000000
1374 0 3.724182
1375 0 2.529125
1376 1 0.000000
1377 0 1.959061
1378 0 2.204292
1379 1 0.000000
1380 0 2.937107
1381 1 0.000000
1382 0 2.535393
1383 0 2.503204
1384 1 0.000000
1385 0 2.541853
1386 0 3.245609
1387 1 0.000000
1388 0 3.042692
1389 0 2.396168
1390 1 0.000000
1391 0 2.355282
1392 1 0.000000
1393 0 3.832202
1394 0 2.627264
1395 1 0.000000
1396 0 2.338009
1397 0 2.647185
1398 1 0.000000
1399 0 2.796332
1400 0 2.153941
1401 1 0.000000
1402 0 2.952086
1403 1 0.000000
1404 0 2.763686
1405 0 2.440139
1406 1 0.000000
1407 0 3.134275
1408 0 1.729025
1409 1 0.000000
1410 0 2.066465
1411 0 1.782981
1412 1 0.000000
1413 0 2.458639
1414 1 0.000000
1415 0 2.879483
1416 0 2.069878
1417 1 0.000000
1418 0 2.821561
1419 0 1.661907
1420 1 0.000000
1421 0 3.440834
1422 0 2.942074
1423 1 0.000000
1424 0 2.720513
1425 1 0.000000
1426 0 4.142128
1427 0 3.428988
1428 1 0.000000
1429 0 3.304764
1430 0 7.840949
1431 1 0.000000
1432 0 13.195264
1433 0 5.272677
1434 1 0.000000
1435 0 2.422723
1436 1 0.000000
1437 0 3.312104
1438 0 3.936158
1439 1 0.000000
1440 0 3.972588
1441 0 3.977623
1442 1 0.000000
1443 0 2.921897
1444 0 2.235072
1445 1 0.000000
1446 0 3.235252
1447 1 0.000000
1448 0 2.727033
1449 0 2.415844
1450 1 0.000000
1451 0 2.696594
1452 0 2.214870
1453 1 0.000000
1454 0 2.262627
1455 0 2.032111
1456 1 0.000000
1457 0 1.958030
1458 1 0.000000
1459 0 1.927589
1460 0 2.138304
1461 1 0.000000
1462 0 2.126031
1463 0 1.934890
1464 1 0.000000
1465 0 1.808843
1466 0 2.086517
1467 1 0.000000
1468 0 2.075810
1469 1 0.000000
1470 0 1.863015
1471 0 2.422056
1472 1 0.000000
1473 0 1.678492
1474 0 1.843718
1475 1 0.000000
1476 0 2.426271
1477 0 1.963882
1478 1 0.000000
1479 0 2.688741
1480 1 0.000000
1481 0 1.565688
1482 0 2.151799
1483 1 0.000000
1484 0 1.906969
1485 0 2.068736
1486 1 0.000000
1487 0 2.628481
1488 0 2.534567
1489 1 0.000000
1490 0 3.503451
1491 1 0.000000
1492 0 3.484300
1493 0 2.856416
1494 1 0.000000
1495 0 1.869646
1496 0 2.910888
1497 1 0.000000
1498 0 2.668813
1499 0 3.091502
1500 1 0.000000
1501 0 3.166403
1502 1 0.000000
1503 0 2.253865
1504 0 3.032702
1505 1 0.000000
1506 0 3.231156
1507 0 1.835381
1508 1 0.000000
1509 0 3.304931
1510 1 0.000000
1511 0 4.230185
1512 0 2.520199
1513 1 0.000000
1514 0 2.087580
1515 0 2.474820
1516 1 0.000000
1517 0 2.321470
1518 0 2.198722
1519 1 0.000000
1520 0 2.065934
1521 1 0.000000
1522 0 2.048014
1523 0 1.631110
1524 1 0.000000
1525 0 2.855328
1526 0 2.091912
1527 1 0.000000
1528 0 2.275789
1529 0 2.237867
1530 1 0.000000
1531 0 2.033165
1532 1 0.000000
1533 0 1.588077
1534 0 1.589353
1535 1 0.000000
1536 0 2.144688
1537 0 3.232798
1538 1 0.000000
1539 0 1.881095
1540 0 2.293867
1541 1 0.000000
1542 0 3.023007
1543 1 0.000000
1544 0 2.416414
1545 0 1.786733
1546 1 0.000000
1547 0 2.081076
1548 0 1.888672
1549 1 0.000000
1550 0 2.631502
1551 0 2.619214
1552 1 0.000000
1553 0 2.232702
1554 1 0.000000
1555 0 1.904556
1556 0 2.091029
1557 1 0.000000
1558 0 2.206059
1559 0 2.656168
1560 1 0.000000
1561 0 1.925585
1562 0 2.355975
1563 1 0.000000
1564 0 2.256059
1565 1 0.000000
1566 0 2.500621
1567 0 1.959405
1568 1 0.000000
1569 0 2.015376
1570 0 1.806108
1571 1 0.000000
1572 0 1.624521
1573 0 2.197854
1574 1 0.000000
1575 0 2.190602
1576 1 0.000000
1577 0 2.377346
1578 0 3.194252
1579 1 0.000000
1580 0 3.201895
1581 0 1.676843
1582 1 0.000000
1583 0 2.604381
1584 0 3.079428
1585 1 0.000000
1586 0 2.748255
1587 1 0.000000
1588 0 2.348706
1589 0 2.270736
1590 1 0.000000
1591 0 2.046174
1592 0 1.902836
1593 1 0.000000
1594 0 2.533418
1595 0 1.766553
1596 1 0.000000
1597 0 1.769671
1598 1 0.000000
1599 0 1.614935
1600 0 2.317689
1601 1 0.000000
1602 0 1.880376
1603 0 2.118069
1604 1 0.000000
1605 0 2.233294
1606 0 1.969552
1607 1 0.000000
1608 0 2.217467
1609 1 0.000000
1610 0 2.099491
1611 0 1.677071
1612 1 0.000000
1613 0 2.474530
1614 0 1.588643
1615 1 0.000000
1616 0 2.295759
1617 0 2.976665
1618 1 0.000000
1619 0 2.716103
1620 1 0.000000
1621 0 2.187650
1622 0 2.304229
1623 1 0.000000
1624 0 1.805839
1625 0 1.750560
1626 1 0.000000
1627 0 2.078521
1628 1 0.000000
1629 0 2.654974
1630 0 1.853252
1631 1 0.000000
1632 0 2.212647
1633 0 2.689230
1634 1 0.000000
1635 0 1.876453
1636 0 1.605271
1637 1 0.000000
1638 0 2.465891
1639 1 0.000000
1640 0 2.857372
1641 0 2.862724
1642 1 0.000000
1643 0 2.878709
1644 0 3.240562
1645 1 0.000000
1646 0 3.184433
1647 0 1.999375
1648 1 0.000000
1649 0 1.928478
1650 1 0.000000
1651 0 2.466179
1652 0 2.230804
1653 1 0.000000
1654 0 1.833108
1655 0 2.188899
1656 1 0.000000
1657 0 2.072539
1658 0 1.722813
1659 1 0.000000
1660 0 2.132308
1661 1 0.000000
1662 0 2.262229
1663 0 1.927083
1664 1 0.000000
1665 0 1.622444
1666 0 2.563991
1667 1 0.000000
1668 0 2.423900
1669 0 2.133431
1670 1 0.000000
1671 0 2.315661
1672 1 0.000000
1673 0 1.938042
1674 0 2.167977
1675 1 0.000000
1676 0 2.145268
1677 0 2.938591
1678 1 0.000000
1679 0 2.761639
1680 0 2.409219
1681 1 0.000000
1682 0 2.375292
1683 1 0.000000
1684 0 2.769675
1685 0 2.961153
1686 1 0.000000
1687 0 1.715776
1688 0 2.626450
1689 1 0.000000
1690 0 2.374260
1691 0 2.133241
1692 1 0.000000
1693 0 1.902847
1694 1 0.000000
1695 0 1.893111
1696 0 2.775280
1697 1 0.000000
1698 0 2.231458
1699 0 2.611311
1700 1 0.000000
1701 0 1.804094
1702 0 2.933178
1703 1 0.000000
1704 0 2.541909
1705 1 0.000000
1706 0 1.688969
1707 0 3.082234
1708 1 0.000000
1709 0 1.698955
1710 0 2.906086
1711 1 0.000000
1712 0 2.072891
1713 0 2.660777
1714 1 0.000000
1715 0 2.007506
1716 1 0.000000
1717 0 3.036308
1718 0 1.801260
1719 1 0.000000
1720 0 2.795320
1721 0 2.040666
1722 1 0.000000
1723 0 2.002396
1724 0 1.553837
1725 1 0.000000
1726 0 2.456759
1727 1 0.000000
1728 0 2.274757
1729 0 1.796768
1730 1 0.000000
1731 0 1.963920
1732 0 1.899904
1733 1 0.000000
1734 0 1.952864
1735 0 1.785966
1736 1 0.000000
1737 0 2.470001
1738 1 0.000000
1739 0 1.970787
1740 0 1.833717
1741 1 0.000000
1742 0 2.011792
1743 0 2.419201
1744 1 0.000000
1745 0 2.621476
1746 0 2.067649
1747 1 0.000000
1748 0 2.851779
1749 1 0.000000
1750 0 2.558226
1751 0 3.549676
1752 1 0.000000
1753 0 2.929163
1754 0 2.631803
1755 1 0.000000
1756 0 2.390183
1757 0 2.851265
1758 1 0.000000
1759 0 3.416092
1760 1 0.000000
1761 0 2.059796
1762 0 2.786332
1763 1 0.000000
1764 0 3.525714
1765 0 23.212156
1766 1 0.000000
1767 0 17.338644
1768 0 5.556369
1769 1 0.000000
1770 0 4.667275
1771 1 0.000000
1772 0 4.723638
1773 0 5.462915
1774 1 0.000000
1775 0 5.269246
1776 0 1.825229
1777 1 0.000000
1778 0 1.972830
1779 0 2.284794
1780 1 0.000000
1781 0 2.591468
1782 1 0.000000
1783 0 3.587612
1784 0 2.281948
1785 1 0.000000
1786 0 2.217151
1787 0 1.991704
1788 1 0.000000
1789 0 1.905750
1790 0 1.807993
1791 1 0.000000
1792 0 2.451498
1793 1 0.000000
1794 0 2.474594
1795 0 2.290514
1796 1 0.000000
1797 0 4.875834
1798 0 2.926751
1799 1 0.000000
1800 0 2.383463
1801 0 2.633631
1802 1 0.000000
1803 0 2.641654
1804 1 0.000000
1805 0 3.928636
1806 0 3.009440
1807 1 0.000000
1808 0 3.058331
1809 0 2.560424
1810 1 0.000000
1811 0 2.706429
1812 0 3.207982
1813 1 0.000000
1814 0 3.019358
1815 1 0.000000
1816 0 3.677645
1817 0 2.187728
1818 1 0.000000
1819 0 2.363517
1820 0 4.188998
1821 1 0.000000
1822 0 2.191622
1823 0 2.676929
1824 1 0.000000
1825 0 2.636884
1826 1 0.000000
1827 0 2.869773
1828 0 2.247301
1829 1 0.000000
1830 0 2.540789
1831 0 2.623231
1832 1 0.000000
1833 0 2.401224
1834 0 2.903750
1835 1 0.000000
1836 0 2.813512
1837 1 0.000000
1838 0 2.834199
1839 0 2.221999
1840 1 0.000000
1841 0 2.403292
1842 0 2.105820
1843 1 0.000000
1844 0 2.903148
1845 0 2.900565
1846 1 0.000000
1847 0 3.246398
1848 1 0.000000
1849 0 2.682455
1850 0 2.811162
1851 1 0.000000
1852 0 3.643057
1853 0 2.274685
1854 1 0.000000
1855 0 2.139189
1856 0 2.562999
1857 1 0.000000
1858 0 2.758573
1859 1 0.000000
1860 0 2.183142
1861 0 3.197947
1862 1 0.000000
1863 0 2.063180
1864 0 3.492476
1865 1 0.000000
1866 0 2.091322
1867 0 2.443688
1868 1 0.000000
1869 0 3.383304
1870 1 0.000000
1871 0 2.689449
1872 0 2.311359
1873 1 0.000000
1874 0 2.748385
1875 0 1.931300
1876 1 0.000000
1877 0 2.379295
1878 0 2.552927
1879 1 0.000000
1880 0 2.380884
1881 1 0.000000
1882 0 2.322796
1883 0 2.665820
1884 1 0.000000
1885 0 2.223441
1886 0 3.133511
1887 1 0.000000
1888 0 3.044836
1889 0 2.349190
1890 1 0.000000
1891 0 2.862812
1892 1 0.000000
1893 0 2.235125
1894 0 3.023652
1895 1 0.000000
1896 0 1.900526
1897 0 3.505669
1898 1 0.000000
1899 0 2.759259
1900 0 3.497512
1901 1 0.000000
1902 0 2.281531
1903 1 0.000000
1904 0 1.936079
1905 0 2.241907
1906 1 0.000000
1907 0 2.604391
1908 0 1.988428
1909 1 0.000000
1910 0 2.260132
1911 0 2.259675
1912 1 0.000000
1913 0 3.208875
1914 1 0.000000
1915 0 2.611838
1916 0 3.479704
1917 1 0.000000
1918 0 1.986910
1919 0 2.428924
1920 1 0.000000
1921 0 3.522846
1922 1 0.000000
1923 0 2.505904
1924 0 3.193036
1925 1 0.000000
1926 0 2.621072
1927 0 6.072945
1928 1 0.000000
1929 0 2.859411
1930 0 3.101560
1931 1 0.000000
1932 0 3.115487
1933 1 0.000000
1934 0 2.094369
1935 0 2.625489
1936 1 0.000000
1937 0 2.491792
1938 0 4.075614
1939 1 0.000000
1940 0 2.196160
1941 0 2.206841
1942 1 0.000000
1943 0 2.456701
1944 1 0.000000
1945 0 2.624501
1946 0 4.230388
1947 1 0.000000
1948 0 2.832816
1949 0 2.420624
1950 1 0.000000
1951 0 2.617817
1952 0 4.295686
1953 1 0.000000
1954 0 2.650506
1955 1 0.000000
1956 0 1.877990
1957 0 2.131536
1958 1 0.000000
1959 0 2.703120
1960 0 2.235137
1961 1 0.000000
1962 0 2.234738
1963 0 3.368110
1964 1 0.000000
1965 0 2.413806
1966 1 0.000000
1967 0 3.056223
1968 0 2.569199
1969 1 0.000000
1970 0 3.332842
1971 0 1.879688
1972 1 0.000000
1973 0 2.244113
1974 0 3.122875
1975 1 0.000000
1976 0 2.632705
1977 1 0.000000
1978 0 1.953279
1979 0 3.077208
1980 1 0.000000
1981 0 2.656775
1982 0 2.360114
1983 1 0.000000
1984 0 1.946094
1985 0 2.262495
1986 1 0.000000
1987 0 2.314805
1988 1 0.000000
1989 0 2.654232
1990 0 2.481362
1991 1 0.000000
1992 0 2.728164
1993 0 2.421301
1994 1 0.000000
1995 0 2.398894
1996 0 2.344756
1997 1 0.000000
1998 0 2.490300
1999 1 0.000000
2000 0 2.282814
2001 0 2.009565
2002 1 0.000000
2003 0 2.334276
2004 0 1.946566
2005 1 0.000000
2006 0 1.814651
2007 0 2.838435
2008 1 0.000000
2009 0 2.533496
2010 1 0.000000
2011 0 2.888052
2012 0 1.898978
2013 1 0.000000
2014 0 2.660657
2015 0 1.917551
2016 1 0.000000
2017 0 2.199632
2018 0 3.165333
2019 1 0.000000
2020 0 2.131422
2021 1 0.000000
2022 0 2.685817
2023 0 2.009792
2024 1 0.000000
2025 0 2.186935
2026 0 2.162352
2027 1 0.000000
2028 0 2.082569
2029 0 2.119572
2030 1 0.000000
2031 0 2.653007
2032 1 0.000000
2033 0 5.692286
2034 0 7.978645
2035 1 0.000000
2036 0 13.058713
2037 0 3.095759
2038 1 0.000000
2039 0 5.458491
2040 0 3.377804
2041 1 0.000000
2042 0 5.355847
2043 1 0.000000
2044 0 5.854031
2045 0 3.628815
2046 1 0.000000
2047 0 1.898239
2048 0 4.263505
2049 1 0.000000
2050 0 3.953302
2051 0 4.061799
2052 1 0.000000
2053 0 3.959333
2054 1 0.000000
2055 0 4.844457
2056 0 5.542572
2057 1 0.000000
2058 0 4.587456
2059 0 2.280198
2060 1 0.000000
2061 0 2.870905
2062 0 4.567694
2063 1 0.000000
2064 0 3.576112
2065 1 0.000000
2066 0 2.222573
2067 0 2.956818
2068 1 0.000000
2069 0 2.964570
2070 0 2.003489
2071 1 0.000000
2072 0 1.728508
2073 0 2.809068
2074 1 0.000000
2075 0 2.859205
2076 1 0.000000
2077 0 2.079274
2078 0 2.217309
2079 1 0.000000
2080 0 2.929177
2081 0 4.731379
2082 1 0.000000
2083 0 3.297992
2084 0 5.165770
2085 1 0.000000
2086 0 4.103869
2087 1 0.000000
2088 0 5.296992
2089 0 3.905796
2090 1 0.000000
2091 0 4.863417
2092 0 2.609205
2093 1 0.000000
2094 0 2.969494
2095 0 3.313254
2096 1 0.000000
2097 0 2.423644
2098 1 0.000000
2099 0 1.878754
2100 0 2.876609
2101 1 0.000000
2102 0 2.433088
2103 0 2.837366
2104 1 0.000000
2105 0 2.150176
2106 0 3.041877
2107 1 0.000000
2108 0 2.474440
2109 1 0.000000
2110 0 2.532500
2111 0 3.533198
2112 1 0.000000
2113 0 1.957840
2114 0 1.995053
2115 1 0.000000
2116 0 2.208062
2117 0 2.400973
2118 1 0.000000
2119 0 2.207111
2120 1 0.000000
2121 0 2.126005
2122 0 2.497296
2123 1 0.000000
2124 0 2.608921
2125 0 2.155346
2126 1 0.000000
2127 0 3.312580
2128 1 0.000000
2129 0 1.899275
2130 0 3.471434
2131 1 0.000000
2132 0 2.160246
2133 0 2.873548
2134 1 0.000000
2135 0 2.103592
2136 0 2.247184
2137 1 0.000000
2138 0 3.329590
2139 1 0.000000
2140 0 2.404212
2141 0 2.185576
2142 1 0.000000
2143 0 1.930886
2144 0 2.701310
2145 1 0.000000
2146 0 3.729425
2147 0 2.833912
2148 1 0.000000
2149 0 3.756608
2150 1 0.000000
2151 0 3.237073
2152 0 2.611501
2153 1 0.000000
2154 0 2.352485
2155 0 2.302860
2156 1 0.000000
2157 0 2.686584
2158 0 2.294510
2159 1 0.000000
2160 0 3.305922
2161 1 0.000000
2162 0 1.999659
2163 0 2.614785
2164 1 0.000000
2165 0 4.541987
2166 0 3.516209
2167 1 0.000000
2168 0 2.487320
2169 0 1.836468
2170 1 0.000000
2171 0 2.801101
2172 1 0.000000
2173 0 3.147643
2174 0 2.136471
2175 1 0.000000
2176 0 3.723158
2177 0 1.951630
2178 1 0.000000
2179 0 1.944069
2180 0 1.805142
2181 1 0.000000
2182 0 2.394836
2183 1 0.000000
2184 0 2.553497
2185 0 2.470415
2186 1 0.000000
2187 0 2.279080
2188 0 2.174493
2189 1 0.000000
2190 0 2.994146
2191 0 1.943384
2192 1 0.000000
2193 0 2.673212
2194 1 0.000000
2195 0 2.347939
2196 0 2.781643
2197 1 0.000000
2198 0 2.308736
2199 0 1.896809
2200 1 0.000000
2201 0 3.034196
2202 0 2.201230
2203 1 0.000000
2204 0 2.296088
2205 1 0.000000
2206 0 2.426691
2207 0 2.692541
2208 1 0.000000
2209 0 2.884251
2210 0 2.044112
2211 1 0.000000
2212 0 2.485276
2213 0 1.983351
2214 1 0.000000
2215 0 2.589348
2216 1 0.000000
2217 0 2.404681
2218 0 2.573387
2219 1 0.000000
2220 0 2.703556
2221 0 2.153997
2222 1 0.000000
2223 0 2.391358
2224 0 2.555478
2225 1 0.000000
2226 0 2.770296
2227 1 0.000000
2228 0 4.058587
2229 0 3.940781
2230 1 0.000000
2231 0 4.040965
2232 0 3.204337
2233 1 0.000000
2234 0 2.159504
2235 0 2.334089
2236 1 0.000000
2237 0 3.591649
2238 1 0.000000
2239 0 4.910873
2240 0 4.161008
2241 1 0.000000
2242 0 4.319033
2243 0 3.402316
2244 1 0.000000
2245 0 2.887591
2246 0 4.069883
2247 1 0.000000
2248 0 4.082005
2249 1 0.000000
2250 0 3.210569
2251 0 2.787204
2252 1 0.000000
2253 0 4.613777
2254 0 4.496341
2255 1 0.000000
2256 0 3.519874
2257 0 4.992770
2258 1 0.000000
2259 0 5.314551
2260 1 0.000000
2261 0 2.358678
2262 0 3.807043
2263 1 0.000000
2264 0 3.017238
2265 0 3.738284
2266 1 0.000000
2267 0 4.147211
2268 0 3.518708
2269 1 0.000000
2270 0 3.669819
2271 1 0.000000
2272 0 3.642399
2273 0 4.253935
2274 1 0.000000
2275 0 4.482958
2276 0 3.191476
2277 1 0.000000
2278 0 4.209263
2279 0 6.136978
2280 1 0.000000
2281 0 3.131852
2282 1 0.000000
2283 0 6.716896
2284 0 4.068579
2285 1 0.000000
2286 0 2.264412
2287 0 4.414348
2288 1 0.000000
2289 0 3.212578
2290 1 0.000000
2291 0 3.419489
2292 0 3.133850
2293 1 0.000000
2294 0 4.923293
2295 0 4.993825
2296 1 0.000000
2297 0 5.377030
2298 0 4.436458
2299 1 0.000000
2300 0 4.696293
2301 1 0.000000
2302 0 5.334381
2303 0 5.930740
2304 1 0.000000
2305 0 2.660226
2306 0 4.128267
2307 1 0.000000
2308 0 3.944431
2309 0 4.522936
2310 1 0.000000
2311 0 4.115061
2312 1 0.000000
2313 0 5.236950
2314 0 3.149149
2315 1 0.000000
2316 0 5.105690
2317 0 5.119827
2318 1 0.000000
2319 0 2.474467
2320 0 2.251516
2321 1 0.000000
2322 0 3.329069
2323 1 0.000000
2324 0 4.201266
2325 0 2.833509
2326 1 0.000000
2327 0 3.636712
2328 0 3.705218
2329 1 0.000000
2330 0 3.896444
2331 0 4.606799
2332 1 0.000000
2333 0 4.022315
2334 1 0.000000
2335 0 3.541530
2336 0 4.525890
2337 1 0.000000
2338 0 4.575356
2339 0 4.287810
2340 1 0.000000
2341 0 3.787814
2342 0 3.181196
2343 1 0.000000
2344 0 3.813039
2345 1 0.000000
2346 0 3.302381
2347 0 3.606451
2348 1 0.000000
2349 0 2.156719
2350 0 2.398162
2351 1 0.000000
2352 0 2.859719
2353 0 2.513536
2354 1 0.000000
2355 0 3.507002
2356 1 0.000000
2357 0 3.269087
2358 0 4.306302
2359 1 0.000000
2360 0 2.728698
2361 0 3.009461
2362 1 0.000000
2363 0 3.523291
2364 0 2.469329
2365 1 0.000000
2366 0 3.088036
2367 1 0.000000
2368 0 3.033910
2369 0 3.426068
2370 1 0.000000
2371 0 3.731639
2372 0 4.917270
2373 1 0.000000
2374 0 3.788265
2375 0 3.622557
2376 1 0.000000
2377 0 4.634334
2378 1 0.000000
2379 0 3.217618
2380 0 3.279707
2381 1 0.000000
2382 0 3.262674
2383 0 5.286977
2384 1 0.000000
2385 0 3.923503
2386 0 4.210361
2387 1 0.000000
2388 0 5.247409
2389 1 0.000000
2390 0 4.675238
2391 0 4.921614
2392 1 0.000000
2393 0 5.029892
2394 0 5.147317
2395 1 0.000000
2396 0 6.100520
2397 0 5.762056
2398 1 0.000000
2399 0 6.829145
2400 1 0.000000
2401 0 6.692345
2402 0 5.880940
2403 1 0.000000
2404 0 6.751655
2405 0 6.409721
2406 1 0.000000
2407 0 6.301189
2408 0 5.631687
2409 1 0.000000
2410 0 6.393957
2411 1 0.000000
2412 0 6.321480
2413 0 6.612255
2414 1 0.000000
2415 0 6.278576
2416 0 6.286061
2417 1 0.000000
2418 0 6.070219
2419 0 5.797237
2420 1 0.000000
2421 0 6.780861
2422 1 0.000000
2423 0 3.771511
2424 0 7.225843
2425 1 0.000000
2426 0 5.511269
2427 0 5.776298
2428 1 0.000000
2429 0 6.214209
2430 0 6.733864
2431 1 0.000000
2432 0 6.571679
2433 1 0.000000
2434 0 6.513185
2435 0 6.406058
2436 1 0.000000
2437 0 6.972062
2438 0 5.577431
2439 1 0.000000
2440 0 5.948456
2441 0 6.047929
2442 1 0.000000
2443 0 6.197646
2444 1 0.000000
2445 0 6.101201
2446 0 5.257485
2447 1 0.000000
2448 0 6.222296
2449 0 5.973892
2450 1 0.000000
2451 0 3.269070
2452 0 5.059387
2453 1 0.000000
2454 0 5.087315
2455 1 0.000000
2456 0 3.089218
2457 0 6.640922
2458 1 0.000000
2459 0 4.535050
2460 0 6.846225
2461 1 0.000000
2462 0 6.564429
2463 0 6.553770
2464 1 0.000000
2465 0 6.605304
2466 1 0.000000
2467 0 6.967852
2468 0 5.508997
2469 1 0.000000
2470 0 6.484928
2471 0 5.368567
2472 1 0.000000
2473 0 5.666162
2474 0 6.506377
2475 1 0.000000
2476 0 4.659781
2477 1 0.000000
2478 0 6.474978
2479 0 5.774722
2480 1 0.000000
2481 0 4.335821
2482 0 3.417601
2483 1 0.000000
2484 0 4.011045
2485 0 4.222685
2486 1 0.000000
2487 0 6.652444
2488 1 0.000000
2489 0 6.664741
2490 0 6.436239
2491 1 0.000000
2492 0 5.905572
2493 0 4.824628
2494 1 0.000000
2495 0 4.464395
2496 0 3.972198
2497 1 0.000000
2498 0 3.873721
2499 1 0.000000
2500 0 3.175477
2501 0 4.308125
2502 1 0.000000
2503 0 3.998551
2504 0 4.425448
2505 1 0.000000
2506 0 3.964625
2507 0 4.842889
2508 1 0.000000
2509 0 5.123820
2510 1 0.000000
2511 0 3.546517
2512 0 4.683343
2513 1 0.000000
2514 0 3.784530
2515 0 3.613877
2516 1 0.000000
2517 0 3.973023
2518 0 5.631062
2519 1 0.000000
2520 0 6.572803
2521 1 0.000000
2522 0 4.556867
2523 0 4.244350
2524 1 0.000000
2525 0 5.529104
2526 0 6.895228
2527 1 0.000000
2528 0 6.801048
2529 0 7.059880
2530 1 0.000000
2531 0 7.548213
2532 1 0.000000
2533 0 8.074622
2534 0 8.449585
2535 1 0.000000
2536 0 6.363059
2537 0 5.132446
2538 1 0.000000
2539 0 4.655878
2540 0 4.116409
2541 1 0.000000
2542 0 4.651521
2543 1 0.000000
2544 0 6.184550
2545 0 6.132040
2546 1 0.000000
2547 0 5.613231
2548 0 3.802681
2549 1 0.000000
2550 0 6.207341
2551 1 0.000000
2552 0 6.899634
2553 0 6.991497
2554 1 0.000000
2555 0 7.289111
2556 0 7.219520
2557 1 0.000000
2558 0 6.684869
2559 0 6.413146
2560 1 0.000000
2561 0 7.172701
2562 1 0.000000
2563 0 7.765579
2564 0 7.320374
2565 1 0.000000
2566 0 7.334859
2567 0 8.402849
2568 1 0.000000
2569 0 7.522759
2570 0 6.566415
2571 1 0.000000
2572 0 6.800442
2573 1 0.000000
2574 0 7.437750
2575 0 8.449539
2576 1 0.000000
2577 0 7.224022
2578 0 7.723516
2579 1 0.000000
2580 0 7.178478
2581 0 6.465599
2582 1 0.000000
2583 0 7.879175
2584 1 0.000000
2585 0 8.505059
2586 0 7.804045
2587 1 0.000000
2588 0 7.453642
2589 0 7.437473
2590 1 0.000000
2591 0 5.301102
2592 0 5.985184
2593 1 0.000000
2594 0 6.258605
2595 1 0.000000
2596 0 4.782595
2597 0 7.156811
2598 1 0.000000
2599 0 4.844701
2600 0 6.698742
2601 1 0.000000
2602 0 5.961272
2603 0 3.851756
2604 1 0.000000
2605 0 5.413220
2606 1 0.000000
2607 0 7.698916
2608 0 6.491386
2609 1 0.000000
2610 0 6.728466
2611 0 5.765911
2612 1 0.000000
2613 0 6.031613
2614 0 3.737448
2615 1 0.000000
2616 0 5.524690
2617 1 0.000000
2618 0 6.934120
2619 0 4.691956
2620 1 0.000000
2621 0 3.767521
2622 0 4.555150
2623 1 0.000000
2624 0 4.792548
2625 0 2.339484
2626 1 0.000000
2627 0 3.518211
2628 1 0.000000
2629 0 2.345413
2630 0 3.118085
2631 1 0.000000
2632 0 3.445051
2633 0 3.057267
2634 1 0.000000
2635 0 4.387418
2636 0 2.620091
2637 1 0.000000
2638 0 2.871906
2639 1 0.000000
2640 0 4.061615
2641 0 2.098010
2642 1 0.000000
2643 0 2.606091
2644 0 2.904859
2645 1 0.000000
2646 0 2.460228
2647 0 2.954567
2648 1 0.000000
2649 0 4.971640
2650 1 0.000000
2651 0 3.785045
2652 0 3.288644
2653 1 0.000000
2654 0 4.346903
2655 0 2.442277
2656 1 0.000000
2657 0 3.610627
2658 0 2.803018
2659 1 0.000000
2660 0 2.942850
2661 1 0.000000
2662 0 3.264625
2663 0 3.028034
2664 1 0.000000
2665 0 2.946373
2666 0 2.845390
2667 1 0.000000
2668 0 2.486943
2669 0 2.621893
2670 1 0.000000
2671 0 2.528270
2672 1 0.000000
2673 0 2.397850
2674 0 3.783311
2675 1 0.000000
2676 0 3.092561
2677 0 2.569657
2678 1 0.000000
2679 0 3.627170
2680 0 3.589399
2681 1 0.000000
2682 0 3.118725
2683 1 0.000000
2684 0 2.617266
2685 0 2.305904
2686 1 0.000000
2687 0 4.583828
2688 0 2.608704
2689 1 0.000000
2690 0 2.787020
2691 0 2.549164
2692 1 0.000000
2693 0 2.608321
2694 1 0.000000
2695 0 3.745177
2696 0 3.096151
2697 1 0.000000
2698 0 3.899999
2699 0 4.565395
2700 1 0.000000
2701 0 3.682396
2702 0 3.599716
2703 1 0.000000
2704 0 4.358032
2705 1 0.000000
2706 0 7.726991
2707 0 18.063353
2708 1 0.000000
2709 0 7.356908
2710 0 5.754227
2711 1 0.000000
2712 0 5.803602
2713 0 4.776718
2714 1 0.000000
2715 0 5.168543
2716 1 0.000000
2717 0 2.764746
2718 0 3.136840
2719 1 0.000000
2720 0 5.636186
2721 0 2.234483
2722 1 0.000000
2723 0 3.621789
2724 0 4.233613
2725 1 0.000000
2726 0 3.672092
2727 1 0.000000
2728 0 2.488377
2729 0 1.954946
2730 1 0.000000
2731 0 2.705026
2732 0 3.096764
2733 1 0.000000
2734 0 3.299439
2735 0 2.939346
2736 1 0.000000
2737 0 2.873111
2738 1 0.000000
2739 0 3.785434
2740 0 3.070942
2741 1 0.000000
2742 0 2.093551
2743 0 6.343410
2744 1 0.000000
2745 0 3.935221
2746 0 3.301301
2747 1 0.000000
2748 0 2.603401
2749 1 0.000000
2750 0 2.070338
2751 0 2.194867
2752 1 0.000000
2753 0 2.109615
2754 0 2.963334
2755 1 0.000000
2756 0 3.008657
2757 0 2.282286
2758 1 0.000000
2759 0 5.030611
2760 1 0.000000
2761 0 4.368488
2762 0 2.344664
2763 1 0.000000
2764 0 3.256600
2765 0 2.656438
2766 1 0.000000
2767 0 3.308184
2768 0 6.114854
2769 1 0.000000
2770 0 6.104825
2771 1 0.000000
2772 0 2.749948
2773 0 2.473131
2774 1 0.000000
2775 0 2.725195
2776 0 3.028799
2777 1 0.000000
2778 0 3.799090
2779 0 3.477539
2780 1 0.000000
2781 0 6.422872
2782 1 0.000000
2783 0 4.515935
2784 0 3.949962
2785 1 0.000000
2786 0 4.620982
2787 0 5.179424
2788 1 0.000000
2789 0 4.121216
2790 0 5.788620
2791 1 0.000000
2792 0 5.112873
2793 1 0.000000
2794 0 4.986142
2795 0 6.314059
2796 1 0.000000
2797 0 5.763803
2798 0 2.183174
2799 1 0.000000
2800 0 2.606071
2801 0 3.311940
2802 1 0.000000
2803 0 4.987597
2804 1 0.000000
2805 0 4.557532
2806 0 4.932721
2807 1 0.000000
2808 0 6.170821
2809 0 3.885536
2810 1 0.000000
2811 0 4.961923
2812 0 2.632107
2813 1 0.000000
2814 0 3.060450
2815 1 0.000000
2816 0 5.143132
2817 0 3.334562
2818 1 0.000000
2819 0 3.514171
2820 0 4.139673
2821 1 0.000000
2822 0 3.385484
2823 0 2.687562
2824 1 0.000000
2825 0 3.514396
2826 1 0.000000
2827 0 2.671576
2828 0 3.483360
2829 1 0.000000
2830 0 3.959555
2831 0 2.365655
2832 1 0.000000
2833 0 4.648268
2834 0 6.987975
2835 1 0.000000
2836 0 2.872888
2837 1 0.000000
2838 0 3.005429
2839 0 3.213139
2840 1 0.000000
2841 0 2.667974
2842 0 3.040394
2843 1 0.000000
2844 0 2.721983
2845 0 2.686319
2846 1 0.000000
2847 0 2.991472
2848 1 0.000000
2849 0 2.752044
2850 0 2.493516
2851 1 0.000000
2852 0 3.030228
2853 0 2.459566
2854 1 0.000000
2855 0 2.793202
2856 0 3.423899
2857 1 0.000000
2858 0 3.375789
2859 1 0.000000
2860 0 2.813084
2861 0 2.783362
2862 1 0.000000
2863 0 2.926635
2864 0 4.969851
2865 1 0.000000
2866 0 3.391489
2867 0 3.357913
2868 1 0.000000
2869 0 4.497864
2870 1 0.000000
2871 0 3.864534
2872 0 3.342345
2873 1 0.000000
2874 0 3.847248
2875 0 2.449899
2876 1 0.000000
2877 0 2.428423
2878 0 3.186432
2879 1 0.000000
2880 0 3.406549
2881 1 0.000000
2882 0 2.920395
2883 0 3.526021
2884 1 0.000000
2885 0 2.791568
2886 0 2.557012
2887 1 0.000000
2888 0 2.510073
2889 1 0.000000
2890 0 2.782265
2891 0 2.284726
2892 1 0.000000
2893 0 2.484169
2894 0 2.839587
2895 1 0.000000
2896 0 3.460037
2897 0 2.181059
2898 1 0.000000
2899 0 3.396593
2900 1 0.000000
2901 0 2.643913
2902 0 2.429036
2903 1 0.000000
2904 0 3.080009
2905 0 2.922766
2906 1 0.000000
2907 0 2.196774
2908 0 2.736745
2909 1 0.000000
2910 0 3.306718
2911 1 0.000000
2912 0 2.724660
2913 0 3.268974
2914 1 0.000000
2915 0 2.550686
2916 0 3.176512
2917 1 0.000000
2918 0 2.148337
2919 0 1.985072
2920 1 0.000000
2921 0 2.782609
2922 1 0.000000
2923 0 2.570522
2924 0 2.719390
2925 1 0.000000
2926 0 4.965241
2927 0 2.981775
2928 1 0.000000
2929 0 3.702784
2930 0 3.224013
2931 1 0.000000
2932 0 2.219128
2933 1 0.000000
2934 0 3.698108
2935 0 4.039956
2936 1 0.000000
2937 0 2.675324
2938 0 2.876048
2939 1 0.000000
2940 0 2.153496
2941 0 2.437978
2942 1 0.000000
2943 0 2.114566
2944 1 0.000000
2945 0 2.745630
2946 0 3.454636
2947 1 0.000000
2948 0 4.468227
2949 0 3.349015
2950 1 0.000000
2951 0 4.811461
2952 0 8.718228
2953 1 0.000000
2954 0 19.303568
2955 1 0.000000
2956 0 4.507138
2957 0 5.809153
2958 1 0.000000
2959 0 4.624919
2960 0 3.124957
2961 1 0.000000
2962 0 2.728161
2963 0 2.596353
2964 1 0.000000
2965 0 4.947890
2966 1 0.000000
2967 0 5.628038
2968 0 4.227737
2969 1 0.000000
2970 0 5.461343
2971 0 4.710408
2972 1 0.000000
2973 0 5.150751
2974 0 2.377259
2975 1 0.000000
2976 0 2.478417
2977 1 0.000000
2978 0 4.795670
2979 0 5.826718
2980 1 0.000000
2981 0 3.942126
2982 0 5.885364
2983 1 0.000000
2984 0 2.603421
2985 0 3.502397
2986 1 0.000000
2987 0 4.406485
2988 1 0.000000
2989 0 2.543750
2990 0 2.108773
2991 1 0.000000
2992 0 3.648715
2993 0 2.817638
2994 1 0.000000
2995 0 3.846959
2996 0 5.017980
2997 1 0.000000
2998 0 3.226111
2999 1 0.000000
3000 0 3.242732
3001 0 2.099250
3002 1 0.000000
3003 0 2.582998
3004 0 4.876441
3005 1 0.000000
3006 0 2.709517
3007 0 2.309815
3008 1 0.000000
3009 0 4.183104
3010 1 0.000000
3011 0 2.985945
3012 0 2.448440
3013 1 0.000000
3014 0 3.255098
3015 0 2.499014
3016 1 0.000000
3017 0 3.119378
3018 0 5.509933
3019 1 0.000000
3020 0 2.586180
3021 1 0.000000
3022 0 1.986377
3023 0 2.691388
3024 1 0.000000
3025 0 3.314177
3026 0 4.049483
3027 1 0.000000
3028 0 3.624400
3029 0 2.953276
3030 1 0.000000
3031 0 2.905727
3032 1 0.000000
3033 0 3.839209
3034 0 3.546126
3035 1 0.000000
3036 0 2.300376
3037 0 2.675522
3038 1 0.000000
3039 0 2.868366
3040 0 2.711330
3041 1 0.000000
3042 0 3.274173
3043 1 0.000000
3044 0 3.701063
3045 0 2.695209
3046 1 0.000000
3047 0 2.439521
3048 0 2.326975
3049 1 0.000000
3050 0 2.731623
3051 0 2.464517
3052 1 0.000000
3053 0 3.442904
3054 1 0.000000
3055 0 4.046156
3056 0 5.147386
3057 1 0.000000
3058 0 4.979825
3059 0 4.546982
3060 1 0.000000
3061 0 2.447870
3062 0 2.640843
3063 1 0.000000
3064 0 3.180940
3065 1 0.000000
3066 0 2.602322
3067 0 3.502109
3068 1 0.000000
3069 0 3.998328
3070 0 4.095037
3071 1 0.000000
3072 0 2.367419
3073 0 2.545587
3074 1 0.000000
3075 0 2.834563
3076 1 0.000000
3077 0 3.485606
3078 0 3.702780
3079 1 0.000000
3080 0 2.787452
3081 0 2.705716
3082 1 0.000000
3083 0 3.954848
3084 0 2.054769
3085 1 0.000000
3086 0 2.465299
3087 1 0.000000
3088 0 1.983527
3089 0 3.039420
3090 1 0.000000
3091 0 3.072352
3092 0 4.289131
3093 1 0.000000
3094 0 4.503959
3095 0 2.860147
3096 1 0.000000
3097 0 2.545860
3098 1 0.000000
3099 0 3.918884
3100 0 3.873552
3101 1 0.000000
3102 0 2.702343
3103 0 3.830317
3104 1 0.000000
3105 0 2.159028
3106 0 3.962186
3107 1 0.000000
3108 0 3.582391
3109 1 0.000000
3110 0 3.347155
3111 0 2.491830
3112 1 0.000000
3113 0 3.831594
3114 0 2.689996
3115 1 0.000000
3116 0 3.555467
3117 0 2.906932
3118 1 0.000000
3119 0 3.596873
3120 1 0.000000
3121 0 3.165142
3122 0 2.303259
3123 1 0.000000
3124 0 2.491816
3125 0 2.507064
3126 1 0.000000
3127 0 2.610876
3128 0 2.855926
3129 1 0.000000
3130 0 3.672058
3131 1 0.000000
3132 0 3.008945
3133 0 4.667104
3134 1 0.000000
3135 0 3.099528
3136 0 3.760696
3137 1 0.000000
3138 0 2.883460
3139 0 2.552067
3140 1 0.000000
3141 0 3.215345
3142 1 0.000000
3143 0 3.101947
3144 0 2.086091
3145 1 0.000000
3146 0 4.562514
3147 0 2.470234
3148 1 0.000000
3149 0 2.900275
3150 0 4.172302
3151 1 0.000000
3152 0 4.858693
3153 1 0.000000
3154 0 4.712102
3155 0 4.759731
3156 1 0.000000
3157 0 4.900903
3158 0 4.129811
3159 1 0.000000
3160 0 2.062142
3161 0 3.034726
3162 1 0.000000
3163 0 2.810106
3164 1 0.000000
3165 0 2.445454
3166 0 4.559263
3167 1 0.000000
3168 0 3.103968
3169 0 5.112200
3170 1 0.000000
3171 0 2.187708
3172 0 2.311556
3173 1 0.000000
3174 0 2.477034
3175 1 0.000000
3176 0 2.938692
3177 0 1.996511
3178 1 0.000000
3179 0 4.639582
3180 0 4.878815
3181 1 0.000000
3182 0 3.772885
3183 0 3.062385
3184 1 0.000000
3185 0 2.864088
3186 1 0.000000
3187 0 4.497882
3188 0 5.367014
3189 1 0.000000
3190 0 4.950135
3191 0 3.595739
3192 1 0.000000
3193 0 4.117763
3194 0 3.140256
3195 1 0.000000
3196 0 3.065879
3197 1 0.000000
3198 0 4.172664
3199 0 4.349260
3200 1 0.000000
3201 0 4.094771
3202 0 3.137459
3203 1 0.000000
3204 0 3.048801
3205 0 3.232260
3206 1 0.000000
3207 0 4.494106
3208 1 0.000000
3209 0 6.341803
3210 0 6.899014
3211 1 0.000000
3212 0 5.646412
3213 0 2.981821
3214 1 0.000000
3215 0 4.563458
3216 0 3.522295
3217 1 0.000000
3218 0 4.954289
3219 1 0.000000
3220 0 4.779681
3221 0 5.333834
3222 1 0.000000
3223 0 5.120667
3224 0 5.922702
3225 1 0.000000
3226 0 11.915369
3227 0 20.823444
3228 1 0.000000
3229 0 4.893275
3230 1 0.000000
3231 0 4.119688
3232 0 3.348253
3233 1 0.000000
3234 0 3.703094
3235 0 3.807154
3236 1 0.000000
3237 0 3.272625
3238 0 4.506324
3239 1 0.000000
3240 0 3.267625
3241 1 0.000000
3242 0 2.825213
3243 0 4.302644
3244 1 0.000000
3245 0 4.330817
3246 0 5.540709
3247 1 0.000000
3248 0 4.844505
3249 0 4.817452
3250 1 0.000000
3251 0 4.594260
3252 1 0.000000
3253 0 6.870449
3254 0 5.944693
3255 1 0.000000
3256 0 4.916641
3257 0 4.427303
3258 1 0.000000
3259 0 4.830654
3260 0 4.331073
3261 1 0.000000
3262 0 3.231384
3263 1 0.000000
3264 0 6.046724
3265 0 4.154604
3266 1 0.000000
3267 0 7.331627
3268 0 5.208001
3269 1 0.000000
3270 0 4.960037
3271 0 2.991513
3272 1 0.000000
3273 0 3.762184
3274 1 0.000000
3275 0 4.518904
3276 0 6.834806
3277 1 0.000000
3278 0 6.700911
3279 0 2.913006
3280 1 0.000000
3281 0 2.686302
3282 0 4.379207
3283 1 0.000000
3284 0 4.693223
3285 1 0.000000
3286 0 3.886627
3287 0 3.281047
3288 1 0.000000
3289 0 3.931549
3290 0 4.340391
3291 1 0.000000
3292 0 3.786425
3293 0 4.339096
3294 1 0.000000
3295 0 3.245926
3296 1 0.000000
3297 0 3.024474
3298 0 3.330074
3299 1 0.000000
3300 0 2.767301
3301 0 3.798381
3302 1 0.000000
3303 0 3.323316
3304 0 3.699413
3305 1 0.000000
3306 0 3.817165
3307 1 0.000000
3308 0 4.279067
3309 0 3.464150
3310 1 0.000000
3311 0 4.583086
3312 0 4.128193
3313 1 0.000000
3314 0 2.602796
3315 0 3.730831
3316 1 0.000000
3317 0 2.795210
3318 1 0.000000
3319 0 3.766152
3320 0 4.901609
3321 1 0.000000
3322 0 4.465410
3323 0 3.043516
3324 1 0.000000
3325 0 3.888029
3326 0 2.828673
3327 1 0.000000
3328 0 3.182327
3329 1 0.000000
3330 0 4.927860
3331 0 3.107249
3332 1 0.000000
3333 0 3.291017
3334 0 2.479648
3335 1 0.000000
3336 0 3.361384
3337 0 2.981717
3338 1 0.000000
3339 0 3.822092
3340 1 0.000000
3341 0 4.143824
3342 0 3.768347
3343 1 0.000000
3344 0 4.340509
3345 0 3.615864
3346 1 0.000000
3347 0 2.607231
3348 0 4.694492
3349 1 0.000000
3350 0 3.465141
3351 1 0.000000
3352 0 3.805936
3353 0 5.842748
3354 1 0.000000
3355 0 3.705098
3356 0 4.030405
3357 1 0.000000
3358 0 2.992753
3359 0 3.045271
3360 1 0.000000
3361 0 3.557191
3362 1 0.000000
3363 0 3.886196
3364 0 4.798277
3365 1 0.000000
3366 0 4.273261
3367 0 4.245352
3368 1 0.000000
3369 0 4.202307
3370 0 4.167298
3371 1 0.000000
3372 0 3.850294
3373 1 0.000000
3374 0 5.703272
3375 0 3.531256
3376 1 0.000000
3377 0 4.783985
3378 0 3.424648
3379 1 0.000000
3380 0 3.530164
3381 0 3.277646
3382 1 0.000000
3383 0 4.002586
3384 1 0.000000
3385 0 3.128136
3386 0 3.443432
3387 1 0.000000
3388 0 3.105329
3389 0 2.796961
3390 1 0.000000
3391 0 4.109054
3392 0 4.736468
3393 1 0.000000
3394 0 5.702454
3395 1 0.000000
3396 0 7.819151
3397 0 8.754750
3398 1 0.000000
3399 0 5.057697
3400 0 6.262842
3401 1 0.000000
3402 0 4.208486
3403 1 0.000000
3404 0 3.356814
3405 0 5.367308
3406 1 0.000000
3407 0 2.936551
3408 0 5.169536
3409 1 0.000000
3410 0 5.163398
3411 0 2.599153
3412 1 0.000000
3413 0 5.075080
3414 1 0.000000
3415 0 6.995947
3416 0 5.700605
3417 1 0.000000
3418 0 8.595959
3419 0 14.483721
3420 1 0.000000
3421 0 20.132507
3422 0 7.382909
3423 1 0.000000
3424 0 7.299804
3425 1 0.000000
3426 0 7.111641
3427 0 3.451889
3428 1 0.000000
3429 0 7.402275
3430 0 3.375080
3431 1 0.000000
3432 0 4.403685
3433 0 4.496359
3434 1 0.000000
3435 0 3.639777
3436 1 0.000000
3437 0 6.511152
3438 0 4.766025
3439 1 0.000000
3440 0 4.273407
3441 0 4.631332
3442 1 0.000000
3443 0 3.331332
3444 0 2.738868
3445 1 0.000000
3446 0 4.421463
3447 1 0.000000
3448 0 2.937163
3449 0 4.178116
3450 1 0.000000
3451 0 3.390296
3452 0 3.540662
3453 1 0.000000
3454 0 4.527911
3455 0 2.543686
3456 1 0.000000
3457 0 5.165975
3458 1 0.000000
3459 0 4.074590
3460 0 6.211629
3461 1 0.000000
3462 0 6.024157
3463 0 4.629818
3464 1 0.000000
3465 0 3.567007
3466 0 3.792131
3467 1 0.000000
3468 0 3.739919
3469 1 0.000000
3470 0 4.118323
3471 0 3.089688
3472 1 0.000000
3473 0 2.327051
3474 0 4.097459
3475 1 0.000000
3476 0 2.955760
3477 0 4.081150
3478 1 0.000000
3479 0 3.319374
3480 1 0.000000
3481 0 2.306277
3482 0 4.254676
3483 1 0.000000
3484 0 2.524996
3485 0 2.528637
3486 1 0.000000
3487 0 2.675363
3488 0 2.483071
3489 1 0.000000
3490 0 3.783839
3491 1 0.000000
3492 0 2.293366
3493 0 1.895081
3494 1 0.000000
3495 0 2.909056
3496 0 2.385886
3497 1 0.000000
3498 0 3.833170
3499 0 2.357495
3500 1 0.000000
3501 0 2.477163
3502 1 0.000000
3503 0 2.400020
3504 0 3.465211
3505 1 0.000000
3506 0 2.628833
3507 0 3.313071
3508 1 0.000000
3509 0 2.609744
3510 0 3.899594
3511 1 0.000000
3512 0 4.756224
3513 1 0.000000
3514 0 3.662323
3515 0 5.174463
3516 1 0.000000
3517 0 3.035193
3518 0 2.503746
3519 1 0.000000
3520 0 2.880227
3521 0 1.918904
3522 1 0.000000
3523 0 2.832240
3524 1 0.000000
3525 0 3.879265
3526 0 2.699334
3527 1 0.000000
3528 0 2.793361
3529 0 3.252764
3530 1 0.000000
3531 0 2.873772
3532 0 3.512150
3533 1 0.000000
3534 0 3.709297
3535 1 0.000000
3536 0 3.249744
3537 0 4.078901
3538 1 0.000000
3539 0 4.151151
3540 0 2.965724
3541 1 0.000000
3542 0 3.224389
3543 0 3.061025
3544 1 0.000000
3545 0 3.911952
3546 1 0.000000
3547 0 3.318917
3548 0 3.408109
3549 1 0.000000
3550 0 4.236729
3551 0 3.027506
3552 1 0.000000
3553 0 2.135784
3554 0 2.864752
3555 1 0.000000
3556 0 3.732944
3557 1 0.000000
3558 0 5.087032
3559 0 3.777928
3560 1 0.000000
3561 0 3.469899
3562 0 3.565136
3563 1 0.000000
3564 0 4.276979
3565 0 5.073488
3566 1 0.000000
3567 0 4.454941
3568 1 0.000000
3569 0 3.256521
3570 0 3.367067
3571 1 0.000000
3572 0 2.904811
3573 0 2.278694
3574 1 0.000000
3575 0 3.352051
3576 0 3.129870
3577 1 0.000000
3578 0 4.449512
3579 1 0.000000
3580 0 4.520173
3581 0 3.506768
3582 1 0.000000
3583 0 2.947121
3584 0 2.985312
3585 1 0.000000
3586 0 3.521492
3587 0 2.972422
3588 1 0.000000
3589 0 3.329308
3590 1 0.000000
3591 0 2.760598
3592 0 3.287729
3593 1 0.000000
3594 0 2.438309
3595 0 2.088797
3596 1 0.000000
3597 0 2.181255
3598 0 2.374734
3599 1 0.000000
3600 0 2.987260
3601 1 0.000000
3602 0 3.239748
3603 0 2.747324
3604 1 0.000000
3605 0 3.746829
3606 0 2.852380
3607 1 0.000000
3608 0 2.853273
3609 0 3.095928
3610 1 0.000000
3611 0 3.711047
3612 1 0.000000
3613 0 3.007561
3614 0 2.893213
3615 1 0.000000
3616 0 3.590584
3617 0 3.021408
3618 1 0.000000
3619 0 2.768512
3620 0 4.656739
3621 1 0.000000
3622 0 5.294133
3623 1 0.000000
3624 0 6.395200
3625 0 3.415966
3626 1 0.000000
3627 0 3.916175
3628 0 3.268438
3629 1 0.000000
3630 0 2.372425
3631 0 2.407043
3632 1 0.000000
3633 0 4.265568
3634 1 0.000000
3635 0 2.826566
3636 0 3.213636
3637 1 0.000000
3638 0 3.816050
3639 0 3.561989
3640 1 0.000000
3641 0 3.638697
3642 0 3.810611
3643 1 0.000000
3644 0 4.267456
3645 1 0.000000
3646 0 3.129058
3647 0 5.042029
3648 1 0.000000
3649 0 4.511405
3650 0 4.309991
3651 1 0.000000
3652 0 4.507311
3653 0 4.807343
3654 1 0.000000
3655 0 4.663089
3656 1 0.000000
3657 0 4.527650
3658 0 5.079816
3659 1 0.000000
3660 0 3.443581
3661 0 3.419261
3662 1 0.000000
3663 0 2.466113
3664 0 3.151436
3665 1 0.000000
3666 0 2.628337
3667 1 0.000000
3668 0 3.715593
3669 0 3.127348
3670 1 0.000000
3671 0 4.156100
3672 0 2.423218
3673 1 0.000000
3674 0 3.692921
3675 0 3.067524
3676 1 0.000000
3677 0 3.499056
3678 1 0.000000
3679 0 3.401656
3680 0 5.319483
3681 1 0.000000
3682 0 4.476633
3683 0 4.901487
3684 1 0.000000
3685 0 3.986158
3686 0 5.194799
3687 1 0.000000
3688 0 5.053339
3689 1 0.000000
3690 0 5.006601
3691 0 4.859646
3692 1 0.000000
3693 0 3.722854
3694 0 3.209100
3695 1 0.000000
3696 0 2.447365
3697 0 2.779625
3698 1 0.000000
3699 0 2.780940
3700 1 0.000000
3701 0 4.701966
3702 0 2.436618
3703 1 0.000000
3704 0 2.386423
3705 0 4.098271
3706 1 0.000000
3707 0 2.614268
3708 0 3.359178
3709 1 0.000000
3710 0 2.563403
3711 1 0.000000
3712 0 2.922781
3713 0 3.315173
3714 1 0.000000
3715 0 2.896423
3716 0 2.330847
3717 1 0.000000
3718 0 3.332623
3719 0 4.033629
3720 1 0.000000
3721 0 3.058689
3722 1 0.000000
3723 0 2.935376
3724 0 3.428977
3725 1 0.000000
3726 0 2.733967
3727 0 2.338597
3728 1 0.000000
3729 0 2.498349
3730 1 0.000000
3731 0 2.841504
3732 0 3.805815
3733 1 0.000000
3734 0 3.199762
3735 0 3.823029
3736 1 0.000000
3737 0 2.986913
3738 0 3.094488
3739 1 0.000000
3740 0 4.367724
3741 1 0.000000
3742 0 3.920734
3743 0 5.952270
3744 1 0.000000
3745 0 3.764256
3746 0 3.719920
3747 1 0.000000
3748 0 4.403648
3749 0 5.862068
3750 1 0.000000
3751 0 3.755469
3752 1 0.000000
3753 0 5.083673
3754 0 3.423759
3755 1 0.000000
3756 0 5.150076
3757 0 5.766684
3758 1 0.000000
3759 0 6.229588
3760 0 4.959786
3761 1 0.000000
3762 0 4.928164
3763 1 0.000000
3764 0 4.937792
3765 0 4.469305
3766 1 0.000000
3767 0 3.549112
3768 0 3.821094
3769 1 0.000000
3770 0 3.977030
3771 0 2.962805
3772 1 0.000000
3773 0 3.423435
3774 1 0.000000
3775 0 3.475291
3776 0 2.994602
3777 1 0.000000
3778 0 3.692879
3779 0 3.692783
3780 1 0.000000
3781 0 3.212989
3782 0 3.329998
3783 1 0.000000
3784 0 3.175651
3785 1 0.000000
3786 0 3.369113
3787 0 5.380263
3788 1 0.000000
3789 0 3.619533
3790 0 5.555301
3791 1 0.000000
3792 0 3.399161
3793 0 4.147477
3794 1 0.000000
3795 0 3.965213
3796 1 0.000000
3797 0 4.578376
3798 0 7.030051
3799 1 0.000000
3800 0 11.421525
3801 0 19.131842
3802 1 0.000000
3803 0 8.629391
3804 0 5.325251
3805 1 0.000000
3806 0 4.000172
3807 1 0.000000
3808 0 3.452209
3809 0 4.059754
3810 1 0.000000
3811 0 3.740352
3812 0 4.147770
3813 1 0.000000
3814 0 4.180068
3815 0 3.762442
3816 1 0.000000
3817 0 4.884148
3818 1 0.000000
3819 0 5.532191
3820 0 4.602200
3821 1 0.000000
3822 0 3.891939
3823 0 4.085467
3824 1 0.000000
3825 0 3.186692
3826 0 4.707154
3827 1 0.000000
3828 0 4.708440
3829 1 0.000000
3830 0 4.854428
3831 0 5.062991
3832 1 0.000000
3833 0 6.741974
3834 0 7.166982
3835 1 0.000000
3836 0 7.144639
3837 0 7.734669
3838 1 0.000000
3839 0 9.464972
3840 1 0.000000
3841 0 10.677204
3842 0 12.261589
3843 1 0.000000
3844 0 12.645928
3845 0 12.136416
3846 1 0.000000
3847 0 11.502843
3848 0 8.062251
3849 1 0.000000
3850 0 7.387734
3851 1 0.000000
3852 0 4.949990
3853 0 3.534210
3854 1 0.000000
3855 0 2.820964
3856 0 3.770492
3857 1 0.000000
3858 0 3.515510
3859 0 4.124935
3860 1 0.000000
3861 0 4.657150
3862 1 0.000000
3863 0 3.411887
3864 0 3.931624
3865 1 0.000000
3866 0 3.286536
3867 0 4.320550
3868 1 0.000000
3869 0 5.867748
3870 0 8.133119
3871 1 0.000000
3872 0 8.725475
3873 1 0.000000
3874 0 8.728742
3875 0 8.428228
3876 1 0.000000
3877 0 7.469848
3878 0 7.340543
3879 1 0.000000
3880 0 6.748923
3881 0 7.188017
3882 1 0.000000
3883 0 7.549644
3884 1 0.000000
3885 0 8.070173
3886 0 8.760721
3887 1 0.000000
3888 0 8.602487
3889 0 6.483596
3890 1 0.000000
3891 0 4.624787
3892 0 3.729477
3893 1 0.000000
3894 0 4.141915
3895 1 0.000000
3896 0 3.696386
3897 0 4.796060
3898 1 0.000000
3899 0 5.149015
3900 0 5.546714
3901 1 0.000000
3902 0 4.142227
3903 0 3.388670
3904 1 0.000000
3905 0 3.280586
3906 1 0.000000
3907 0 5.227724
3908 0 5.341977
3909 1 0.000000
3910 0 5.784519
3911 0 3.529707
3912 1 0.000000
3913 0 2.780011
3914 0 2.940754
3915 1 0.000000
3916 0 4.114460
3917 1 0.000000
3918 0 5.040210
3919 0 3.827775
3920 1 0.000000
3921 0 3.887566
3922 0 3.888846
3923 1 0.000000
3924 0 3.500050
3925 0 4.811082
3926 1 0.000000
3927 0 3.671182
3928 1 0.000000
3929 0 3.714115
3930 0 3.470533
3931 1 0.000000
3932 0 5.961158
3933 0 3.970630
3934 1 0.000000
3935 0 4.001593
3936 0 3.508326
3937 1 0.000000
3938 0 4.841356
3939 1 0.000000
3940 0 4.649985
3941 0 4.865492
3942 1 0.000000
3943 0 4.478306
3944 0 3.736085
3945 1 0.000000
3946 0 3.717655
3947 0 4.624852
3948 1 0.000000
3949 0 4.149129
3950 1 0.000000
3951 0 5.510885
3952 0 4.798160
3953 1 0.000000
3954 0 4.080803
3955 0 4.283704
3956 1 0.000000
3957 0 5.532176
3958 0 4.526549
3959 1 0.000000
3960 0 3.467675
3961 1 0.000000
3962 0 4.836670
3963 0 5.944650
3964 1 0.000000
3965 0 5.795823
3966 0 4.615896
3967 1 0.000000
3968 0 6.042207
3969 0 5.772770
3970 1 0.000000
3971 0 6.502173
3972 1 0.000000
3973 0 7.798761
3974 0 30.417791
3975 1 0.000000
3976 0 29.348042
3977 0 8.202310
3978 1 0.000000
3979 0 6.986538
3980 0 5.541571
3981 1 0.000000
3982 0 4.843650
3983 1 0.000000
3984 0 4.888071
3985 0 5.363559
3986 1 0.000000
3987 0 5.464224
3988 0 2.926370
3989 1 0.000000
3990 0 4.841713
3991 0 2.983775
3992 1 0.000000
3993 0 6.590714
3994 1 0.000000
3995 0 4.722283
3996 0 2.952950
3997 1 0.000000
3998 0 6.072044
3999 0 4.042232
4000 1 0.000000
4001 0 5.492146
4002 0 5.902166
4003 1 0.000000
4004 0 3.659030
4005 1 0.000000
4006 0 5.568141
4007 0 2.942053
4008 1 0.000000
4009 0 4.508960
4010 0 3.473292
4011 1 0.000000
4012 0 2.945955
4013 0 3.790338
4014 1 0.000000
4015 0 5.456500
4016 1 0.000000
4017 0 2.575392
4018 0 4.225781
4019 1 0.000000
4020 0 3.570902
4021 0 3.063733
4022 1 0.000000
4023 0 4.912555
4024 0 3.991343
4025 1 0.000000
4026 0 5.221221
4027 1 0.000000
4028 0 6.155803
4029 0 6.867465
4030 1 0.000000
4031 0 6.589624
4032 0 4.480589
4033 1 0.000000
4034 0 4.586591
4035 0 4.312667
4036 1 0.000000
4037 0 4.582909
4038 1 0.000000
4039 0 5.160505
4040 0 3.001135
4041 1 0.000000
4042 0 5.071938
4043 0 5.882137
4044 1 0.000000
4045 0 5.930107
4046 1 0.000000
4047 0 5.117436
4048 0 5.226748
4049 1 0.000000
4050 0 3.632730
4051 0 5.876066
4052 1 0.000000
4053 0 4.884887
4054 0 4.384201
4055 1 0.000000
4056 0 6.122664
4057 1 0.000000
4058 0 6.440443
4059 0 7.382434
4060 1 0.000000
4061 0 5.699757
4062 0 5.689367
4063 1 0.000000
4064 0 6.490112
4065 0 6.655049
4066 1 0.000000
4067 0 7.523078
4068 1 0.000000
4069 0 7.611611
4070 0 7.959986
4071 1 0.000000
4072 0 8.189738
4073 0 7.119165
4074 1 0.000000
4075 0 7.391472
4076 0 7.853882
4077 1 0.000000
4078 0 7.538156
4079 1 0.000000
4080 0 8.091540
4081 0 7.929816
4082 1 0.000000
4083 0 7.600598
4084 0 7.334941
4085 1 0.000000
4086 0 6.620088
4087 0 6.031431
4088 1 0.000000
4089 0 7.317185
4090 1 0.000000
4091 0 7.822178
4092 0 8.200545
4093 1 0.000000
4094 0 7.611476
4095 0 8.120916
4096 1 0.000000
4097 0 7.834897
4098 0 8.504471
4099 1 0.000000
4100 0 8.126032
4101 1 0.000000
4102 0 8.501207
4103 0 7.678453
4104 1 0.000000
4105 0 8.734880
4106 0 8.578384
4107 1 0.000000
4108 0 7.536980
4109 0 7.011633
4110 1 0.000000
4111 0 7.532476
4112 1 0.000000
4113 0 6.850284
4114 0 8.816899
4115 1 0.000000
4116 0 8.554963
4117 0 8.488665
4118 1 0.000000
4119 0 7.364819
4120 0 5.584231
4121 1 0.000000
4122 0 6.591920
4123 1 0.000000
4124 0 7.584456
4125 0 8.145990
4126 1 0.000000
4127 0 7.673754
4128 0 7.535748
4129 1 0.000000
4130 0 7.001233
4131 0 6.866942
4132 1 0.000000
4133 0 7.842650
4134 1 0.000000
4135 0 8.850576
4136 0 9.405275
4137 1 0.000000
4138 0 8.277554
4139 0 7.444164
4140 1 0.000000
4141 0 7.137632
4142 0 7.196893
4143 1 0.000000
4144 0 7.729681
4145 1 0.000000
4146 0 8.388460
4147 0 8.382400
4148 1 0.000000
4149 0 8.363261
4150 0 8.227066
4151 1 0.000000
4152 0 8.305605
4153 0 8.861375
4154 1 0.000000
4155 0 9.226894
4156 1 0.000000
4157 0 9.199730
4158 0 7.909297
4159 1 0.000000
4160 0 6.608466
4161 0 7.912032
4162 1 0.000000
4163 0 8.021020
4164 0 8.327154
4165 1 0.000000
4166 0 9.885100
4167 1 0.000000
4168 0 9.765764
4169 0 8.623531
4170 1 0.000000
4171 0 6.990323
4172 0 6.266674
4173 1 0.000000
4174 0 7.755106
4175 0 7.246592
4176 1 0.000000
4177 0 8.150653
4178 1 0.000000
4179 0 8.893697
4180 0 7.057966
4181 1 0.000000
4182 0 6.329963
4183 0 6.006933
4184 1 0.000000
4185 0 5.391771
4186 0 6.013629
4187 1 0.000000
4188 0 5.364119
4189 1 0.000000
4190 0 6.305634
4191 0 4.913603
4192 1 0.000000
4193 0 5.057336
4194 0 6.218501
4195 1 0.000000
4196 0 5.283440
4197 0 4.418113
4198 1 0.000000
4199 0 15.205238
4200 1 0.000000
4201 0 7.948176
4202 0 7.974636
4203 1 0.000000
4204 0 4.779722
4205 0 4.332112
4206 1 0.000000
4207 0 3.926872
4208 0 2.791418
4209 1 0.000000
4210 0 3.626965
4211 1 0.000000
4212 0 3.838140
4213 0 2.269005
4214 1 0.000000
4215 0 3.451091
4216 0 4.693530
4217 1 0.000000
4218 0 2.002046
4219 0 2.820335
4220 1 0.000000
4221 0 5.236663
4222 1 0.000000
4223 0 3.873025
4224 0 3.842939
4225 1 0.000000
4226 0 3.226702
4227 0 2.335883
4228 1 0.000000
4229 0 4.179637
4230 0 2.195684
4231 1 0.000000
4232 0 2.402421
4233 1 0.000000
4234 0 2.173477
4235 0 1.910249
4236 1 0.000000
4237 0 3.315525
4238 0 2.332513
4239 1 0.000000
4240 0 1.879058
4241 0 2.105709
4242 1 0.000000
4243 0 2.832683
4244 1 0.000000
4245 0 3.763801
4246 0 2.027415
4247 1 0.000000
4248 0 4.151518
4249 0 3.280133
4250 1 0.000000
4251 0 2.267822
4252 0 2.445647
4253 1 0.000000
4254 0 2.535668
4255 1 0.000000
4256 0 2.700938
4257 0 2.860543
4258 1 0.000000
4259 0 3.074239
4260 0 2.326300
4261 1 0.000000
4262 0 3.967286
4263 0 3.400772
4264 1 0.000000
4265 0 3.106708
4266 1 0.000000
4267 0 2.597555
4268 0 3.097890
4269 1 0.000000
4270 0 6.085699
4271 0 4.866497
4272 1 0.000000
4273 0 5.769400
4274 0 4.815215
4275 1 0.000000
4276 0 2.856666
4277 1 0.000000
4278 0 5.680361
4279 0 4.472679
4280 1 0.000000
4281 0 5.605991
4282 0 6.657766
4283 1 0.000000
4284 0 4.365364
4285 0 2.491546
4286 1 0.000000
4287 0 2.714539
4288 1 0.000000
4289 0 2.722934
4290 0 3.939513
4291 1 0.000000
4292 0 3.070870
4293 0 2.921405
4294 1 0.000000
4295 0 2.869927
4296 0 2.939987
4297 1 0.000000
4298 0 4.559230
4299 1 0.000000
4300 0 2.444545
4301 0 2.619475
4302 1 0.000000
4303 0 3.056800
4304 0 2.135757
4305 1 0.000000
4306 0 2.555173
4307 0 4.155698
4308 1 0.000000
4309 0 3.972915
4310 1 0.000000
4311 0 2.624235
4312 0 2.748487
4313 1 0.000000
4314 0 2.596717
4315 0 3.131252
4316 1 0.000000
4317 0 4.950497
4318 0 3.042703
4319 1 0.000000
4320 0 4.029200
4321 1 0.000000
4322 0 4.260777
4323 0 2.458001
4324 1 0.000000
4325 0 3.140283
4326 0 3.430435
4327 1 0.000000
4328 0 3.588297
4329 0 2.820598
4330 1 0.000000
4331 0 7.262271
4332 1 0.000000
4333 0 6.755051
4334 0 5.218438
4335 1 0.000000
4336 0 4.063356
4337 0 2.996019
4338 1 0.000000
4339 0 2.877857
4340 0 3.303986
4341 1 0.000000
4342 0 4.476817
4343 1 0.000000
4344 0 7.520380
4345 0 3.606020
4346 1 0.000000
4347 0 2.548651
4348 0 2.261410
4349 1 0.000000
4350 0 3.089136
4351 0 3.664581
4352 1 0.000000
4353 0 6.135301
4354 1 0.000000
4355 0 4.026692
4356 0 2.574804
4357 1 0.000000
4358 0 3.537000
4359 0 2.947908
4360 1 0.000000
4361 0 2.388628
4362 0 2.533223
4363 1 0.000000
4364 0 2.795554
4365 1 0.000000
4366 0 2.940456
4367 0 4.522822
4368 1 0.000000
4369 0 2.113934
4370 0 3.030877
4371 1 0.000000
4372 0 2.741150
4373 0 3.959485
4374 1 0.000000
4375 0 2.323217
4376 1 0.000000
4377 0 5.184748
4378 0 2.747957
4379 1 0.000000
4380 0 2.643074
4381 0 3.875570
4382 1 0.000000
4383 0 2.850575
4384 0 5.393897
4385 1 0.000000
4386 0 5.703416
4387 1 0.000000
4388 0 3.302845
4389 0 4.620433
4390 1 0.000000
4391 0 3.458165
4392 0 5.487025
4393 1 0.000000
4394 0 4.842199
4395 1 0.000000
4396 0 6.113244
4397 0 5.375153
4398 1 0.000000
4399 0 3.280851
4400 0 6.312257
4401 1 0.000000
4402 0 4.280562
4403 0 5.391659
4404 1 0.000000
4405 0 4.893559
4406 1 0.000000
4407 0 4.487647
4408 0 5.893191
4409 1 0.000000
4410 0 5.054701
4411 0 7.554412
4412 1 0.000000
4413 0 4.852890
4414 0 5.844798
4415 1 0.000000
4416 0 4.072172
4417 1 0.000000
4418 0 3.638915
4419 0 6.914072
4420 1 0.000000
4421 0 4.835263
4422 0 4.108588
4423 1 0.000000
4424 0 5.031325
4425 0 2.190109
4426 1 0.000000
4427 0 3.985997
4428 1 0.000000
4429 0 3.798067
4430 0 2.778531
4431 1 0.000000
4432 0 2.784635
4433 0 3.623695
4434 1 0.000000
4435 0 3.507292
4436 0 3.725064
4437 1 0.000000
4438 0 2.906334
4439 1 0.000000
4440 0 2.872611
4441 0 3.198405
4442 1 0.000000
4443 0 5.028418
4444 0 6.421162
4445 1 0.000000
4446 0 2.401171
4447 0 2.200825
4448 1 0.000000
4449 0 3.359656
4450 1 0.000000
4451 0 3.647301
4452 0 4.795928
4453 1 0.000000
4454 0 5.501482
4455 0 6.588592
4456 1 0.000000
4457 0 3.897509
4458 0 3.520098
4459 1 0.000000
4460 0 4.004752
4461 1 0.000000
4462 0 4.495083
4463 0 3.153225
4464 1 0.000000
4465 0 5.412027
4466 0 4.439264
4467 1 0.000000
4468 0 5.534253
4469 0 3.485759
4470 1 0.000000
4471 0 3.677646
4472 1 0.000000
4473 0 2.526127
4474 0 4.580744
4475 1 0.000000
4476 0 5.195441
4477 0 5.206686
4478 1 0.000000
4479 0 2.683763
4480 0 3.193965
4481 1 0.000000
4482 0 3.597541
4483 1 0.000000
4484 0 5.249089
4485 0 4.967748
4486 1 0.000000
4487 0 2.679588
4488 0 3.032696
4489 1 0.000000
4490 0 2.217073
4491 0 2.344609
4492 1 0.000000
4493 0 3.131036
4494 1 0.000000
4495 0 4.007550
4496 0 2.281142
4497 1 0.000000
4498 0 5.241507
4499 0 3.288210
4500 1 0.000000
4501 0 3.411503
4502 0 5.080846
4503 1 0.000000
4504 0 6.841014
4505 1 0.000000
4506 0 6.455458
4507 0 5.048328
4508 1 0.000000
4509 0 5.385763
4510 0 3.529542
4511 1 0.000000
4512 0 6.500538
4513 0 4.947785
4514 1 0.000000
4515 0 7.527126
4516 1 0.000000
4517 0 5.514093
4518 0 6.390471
4519 1 0.000000
4520 0 8.337052
4521 0 7.697130
4522 1 0.000000
4523 0 6.933864
4524 0 5.720676
4525 1 0.000000
4526 0 7.235130
4527 1 0.000000
4528 0 7.637461
4529 0 4.723380
4530 1 0.000000
4531 0 6.978151
4532 0 3.642920
4533 1 0.000000
4534 0 3.359719
4535 0 2.591910
4536 1 0.000000
4537 0 5.222766
4538 1 0.000000
4539 0 5.442450
4540 0 2.373329
4541 1 0.000000
4542 0 3.773625
4543 0 4.698788
4544 1 0.000000
4545 0 2.616675
4546 0 2.335459
4547 1 0.000000
4548 0 2.865310
4549 1 0.000000
4550 0 4.074746
4551 0 5.936993
4552 1 0.000000
4553 0 3.104658
4554 0 2.798985
4555 1 0.000000
4556 0 2.549423
4557 0 3.651258
4558 1 0.000000
4559 0 4.324219
4560 1 0.000000
4561 0 2.397090
4562 0 4.878008
4563 1 0.000000
4564 0 4.113433
4565 0 2.062683
4566 1 0.000000
4567 0 2.718120
4568 0 3.770668
4569 1 0.000000
4570 0 4.378281
4571 1 0.000000
4572 0 2.317304
4573 0 2.298958
4574 1 0.000000
4575 0 7.177418
4576 0 3.136006
4577 1 0.000000
4578 0 3.555791
4579 0 4.756805
4580 1 0.000000
4581 0 6.181437
4582 1 0.000000
4583 0 5.978201
4584 0 5.126013
4585 1 0.000000
4586 0 7.487126
4587 0 7.470237
4588 1 0.000000
4589 0 29.343166
4590 0 22.774797
4591 1 0.000000
4592 0 3.232121
4593 1 0.000000
4594 0 2.786471
4595 0 2.585237
4596 1 0.000000
4597 0 3.477962
4598 0 2.361966
4599 1 0.000000
4600 0 2.085760
4601 0 2.406282
4602 1 0.000000
4603 0 3.338565
4604 1 0.000000
4605 0 2.268216
4606 0 2.413532
4607 1 0.000000
4608 0 3.579951
4609 0 2.725891
4610 1 0.000000
4611 0 2.417694
4612 0 2.502911
4613 1 0.000000
4614 0 3.390595
4615 1 0.000000
4616 0 2.133126
4617 0 2.069721
4618 1 0.000000
4619 0 2.872155
4620 0 1.989465
4621 1 0.000000
4622 0 1.996945
4623 0 2.199553
4624 1 0.000000
4625 0 3.087760
4626 1 0.000000
4627 0 2.628296
4628 0 2.090157
4629 1 0.000000
4630 0 2.976293
4631 0 2.111232
4632 1 0.000000
4633 0 1.972693
4634 0 1.930771
4635 1 0.000000
4636 0 3.194102
4637 1 0.000000
4638 0 1.979765
4639 0 2.056756
4640 1 0.000000
4641 0 2.930924
4642 0 2.387057
4643 1 0.000000
4644 0 2.330389
4645 0 2.732689
4646 1 0.000000
4647 0 3.133273
4648 1 0.000000
4649 0 2.914830
4650 0 3.035419
4651 1 0.000000
4652 0 3.470639
4653 0 2.894994
4654 1 0.000000
4655 0 2.570050
4656 0 2.528976
4657 1 0.000000
4658 0 2.971724
4659 1 0.000000
4660 0 2.370638
4661 0 2.576805
4662 1 0.000000
4663 0 3.174813
4664 0 2.091234
4665 1 0.000000
4666 0 2.100675
4667 0 2.456112
4668 1 0.000000
4669 0 2.665492
4670 1 0.000000
4671 0 2.236889
4672 0 2.469742
4673 1 0.000000
4674 0 2.887017
4675 0 2.073660
4676 1 0.000000
4677 0 2.168707
4678 0 2.429516
4679 1 0.000000
4680 0 2.900879
4681 1 0.000000
4682 0 2.222637
4683 0 2.474365
4684 1 0.000000
4685 0 2.711506
4686 0 2.326854
4687 1 0.000000
4688 0 2.351902
4689 0 2.788505
4690 1 0.000000
4691 0 2.873521
4692 1 0.000000
4693 0 2.700927
4694 0 2.570247
4695 1 0.000000
4696 0 2.656060
4697 0 2.182773
4698 1 0.000000
4699 0 2.084858
4700 0 2.381775
4701 1 0.000000
4702 0 2.369436
4703 1 0.000000
4704 0 1.877554
4705 0 2.278190
4706 1 0.000000
4707 0 2.660074
4708 0 2.237543
4709 1 0.000000
4710 0 1.818885
4711 0 2.454014
4712 1 0.000000
4713 0 2.172409
4714 1 0.000000
4715 0 1.907922
4716 0 2.436154
4717 1 0.000000
4718 0 2.981021
4719 0 2.146268
4720 1 0.000000
4721 0 2.380591
4722 0 3.100435
4723 1 0.000000
4724 0 2.957320
4725 1 0.000000
4726 0 2.786760
4727 0 3.288769
4728 1 0.000000
4729 0 3.046610
4730 0 2.410334
4731 1 0.000000
4732 0 2.206488
4733 0 2.932107
4734 1 0.000000
4735 0 2.147984
4736 1 0.000000
4737 0 2.055968
4738 0 2.801474
4739 1 0.000000
4740 0 2.708381
4741 0 2.536308
4742 1 0.000000
4743 0 2.587014
4744 0 3.037019
4745 1 0.000000
4746 0 2.363144
4747 1 0.000000
4748 0 2.599367
4749 0 2.864509
4750 1 0.000000
4751 0 2.515531
4752 0 1.986554
4753 1 0.000000
4754 0 2.156067
4755 0 2.637615
4756 1 0.000000
4757 0 2.072333
4758 1 0.000000
4759 0 1.985358
4760 0 3.142977
4761 1 0.000000
4762 0 2.321545
4763 0 2.139769
4764 1 0.000000
4765 0 2.134704
4766 0 2.978656
4767 1 0.000000
4768 0 2.095603
4769 1 0.000000
4770 0 2.164347
4771 0 2.532475
4772 1 0.000000
4773 0 2.345290
4774 0 2.141704
4775 1 0.000000
4776 0 2.230423
4777 0 2.961373
4778 1 0.000000
4779 0 2.679736
4780 1 0.000000
4781 0 2.151208
4782 0 2.979896
4783 1 0.000000
4784 0 2.088776
4785 0 1.990486
4786 1 0.000000
4787 0 2.142740
4788 0 2.856086
4789 1 0.000000
4790 0 2.253502
4791 1 0.000000
4792 0 2.413027
4793 0 3.119898
4794 1 0.000000
4795 0 2.348452
4796 0 2.129180
4797 1 0.000000
4798 0 2.181512
4799 0 2.788579
4800 1 0.000000
4801 0 2.222659
4802 1 0.000000
4803 0 2.105085
4804 0 3.638553
4805 1 0.000000
4806 0 2.228396
4807 0 2.127234
4808 1 0.000000
4809 0 2.154442
4810 0 2.301799
4811 1 0.000000
4812 0 1.923323
4813 1 0.000000
4814 0 1.966040
4815 0 3.094520
4816 1 0.000000
4817 0 1.832282
4818 0 1.860763
4819 1 0.000000
4820 0 2.366053
4821 0 2.531214
4822 1 0.000000
4823 0 1.755889
4824 1 0.000000
4825 0 2.117876
4826 0 3.034072
4827 1 0.000000
4828 0 1.645995
4829 0 1.782731
4830 1 0.000000
4831 0 1.654612
4832 0 1.800550
4833 1 0.000000
4834 0 1.891561
4835 1 0.000000
4836 0 1.889230
4837 0 2.270667
4838 1 0.000000
4839 0 1.731368
4840 0 1.551284
4841 1 0.000000
4842 0 1.515992
4843 0 1.798280
4844 1 0.000000
4845 0 1.520636
4846 1 0.000000
4847 0 1.567750
4848 0 1.985420
4849 1 0.000000
4850 0 1.606388
4851 0 1.498585
4852 1 0.000000
4853 0 1.964376
4854 1 0.000000
4855 0 1.524346
4856 0 1.625422
4857 1 0.000000
4858 0 1.692925
4859 0 1.473053
4860 1 0.000000
4861 0 1.826475
4862 0 1.557202
4863 1 0.000000
4864 0 2.036934
4865 1 0.000000
4866 0 2.191266
4867 0 2.149285
4868 1 0.000000
4869 0 1.856212
4870 0 1.823760
4871 1 0.000000
4872 0 1.993064
4873 0 1.951191
4874 1 0.000000
4875 0 2.799226
4876 1 0.000000
4877 0 2.124254
4878 0 2.196831
4879 1 0.000000
4880 0 2.334285
4881 0 2.429604
4882 1 0.000000
4883 0 1.792883
4884 0 1.651042
4885 1 0.000000
4886 0 2.219459
4887 1 0.000000
4888 0 1.783372
4889 0 1.773513
4890 1 0.000000
4891 0 2.167018
4892 0 2.759290
4893 1 0.000000
4894 0 2.179076
4895 0 2.247796
4896 1 0.000000
4897 0 2.088306
4898 1 0.000000
4899 0 1.646461
4900 0 1.687675
4901 1 0.000000
4902 0 2.095979
4903 0 2.151550
4904 1 0.000000
4905 0 1.766712
4906 0 1.679284
4907 1 0.000000
4908 0 2.405258
4909 1 0.000000
4910 0 1.899324
4911 0 4.575629
4912 1 0.000000
4913 0 3.069218
4914 0 1.956777
4915 1 0.000000
4916 0 1.829255
4917 0 1.992356
4918 1 0.000000
4919 0 2.746450
4920 1 0.000000
4921 0 2.331023
4922 0 2.101326
4923 1 0.000000
4924 0 2.395035
4925 0 2.178201
4926 1 0.000000
4927 0 2.181867
4928 0 2.034751
4929 1 0.000000
4930 0 2.985349
4931 1 0.000000
4932 0 1.787126
4933 0 1.892790
4934 1 0.000000
4935 0 2.033218
4936 0 1.864827
4937 1 0.000000
4938 0 1.832752
4939 0 1.859171
4940 1 0.000000
4941 0 2.435090
4942 1 0.000000
4943 0 1.973850
4944 0 1.746387
4945 1 0.000000
4946 0 2.135164
4947 0 1.776002
4948 1 0.000000
4949 0 1.719452
4950 0 1.951602
4951 1 0.000000
4952 0 2.864822
4953 1 0.000000
4954 0 1.922519
4955 0 1.931845
4956 1 0.000000
4957 0 2.130249
4958 0 2.077753
4959 1 0.000000
4960 0 1.779737
4961 0 1.759183
4962 1 0.000000
4963 0 2.524509
4964 1 0.000000
4965 0 1.970311
4966 0 2.020081
4967 1 0.000000
4968 0 2.814784
4969 0 2.315797
4970 1 0.000000
4971 0 2.562714
4972 0 2.247465
4973 1 0.000000
4974 0 2.740522
4975 1 0.000000
4976 0 2.680201
4977 0 2.381835
4978 1 0.000000
4979 0 2.431048
4980 0 1.874008
4981 1 0.000000
4982 0 1.877154
4983 0 1.800427
4984 1 0.000000
4985 0 2.594650
4986 1 0.000000
4987 0 1.824809
4988 0 1.892075
4989 1 0.000000
4990 0 2.191625
4991 0 1.918782
4992 1 0.000000
4993 0 1.821747
4994 0 1.775564
4995 1 0.000000
4996 0 3.287447
4997 1 0.000000
4998 0 1.878295
4999 0 1.852501
5000 1 0.000000
5001 0 2.411373
5002 0 1.777804
5003 1 0.000000
5004 0 1.703114
5005 0 1.708747
5006 1 0.000000
5007 0 2.600091
5008 1 0.000000
5009 0 1.836649
5010 0 1.907320
5011 1 0.000000
5012 0 2.746176
5013 0 2.201107
5014 1 0.000000
5015 0 2.046291
5016 0 2.024253
5017 1 0.000000
5018 0 3.305595
5019 1 0.000000
5020 0 2.535142
5021 0 2.125694
5022 1 0.000000
5023 0 2.859954
5024 0 1.826130
5025 1 0.000000
5026 0 1.969542
5027 0 2.031118
5028 1 0.000000
5029 0 3.057595
5030 1 0.000000
5031 0 2.401480
5032 0 2.402246
5033 1 0.000000
5034 0 2.944825
5035 0 2.476191
5036 1 0.000000
5037 0 2.491595
5038 0 2.578674
5039 1 0.000000
5040 0 2.915020
5041 1 0.000000
5042 0 2.458024
5043 0 2.431952
5044 1 0.000000
5045 0 3.140251
5046 0 2.220170
5047 1 0.000000
5048 0 2.389915
5049 0 2.365427
5050 1 0.000000
5051 0 2.741311
5052 1 0.000000
5053 0 2.207066
5054 0 2.150046
5055 1 0.000000
5056 0 3.061692
5057 0 2.058961
5058 1 0.000000
5059 0 2.131768
5060 0 2.206454
5061 1 0.000000
5062 0 2.700286
5063 1 0.000000
5064 0 2.213927
5065 0 2.252999
5066 1 0.000000
5067 0 2.876082
5068 0 2.049038
5069 1 0.000000
5070 0 2.023345
5071 0 2.455947
5072 1 0.000000
5073 0 2.365909
5074 1 0.000000
5075 0 2.187170
5076 0 2.386027
5077 1 0.000000
5078 0 3.124772
5079 0 2.182276
5080 1 0.000000
5081 0 2.122249
5082 0 2.346371
5083 1 0.000000
5084 0 2.445125
5085 1 0.000000
5086 0 2.238785
5087 0 2.455233
5088 1 0.000000
5089 0 2.536399
5090 0 1.947897
5091 1 0.000000
5092 0 2.006566
5093 0 2.667288
5094 1 0.000000
5095 0 2.441140
5096 1 0.000000
5097 0 1.980244
5098 0 2.231054
5099 1 0.000000
5100 0 2.536565
5101 0 1.918490
5102 1 0.000000
5103 0 1.852368
5104 0 2.351500
5105 1 0.000000
5106 0 2.326703
5107 1 0.000000
5108 0 2.042811
5109 0 2.398441
5110 1 0.000000
5111 0 2.616395
5112 0 2.271347
5113 1 0.000000
5114 0 2.151136
5115 0 2.490008
5116 1 0.000000
5117 0 2.616420
5118 1 0.000000
5119 0 2.373647
5120 0 2.749393
5121 1 0.000000
5122 0 2.555054
5123 0 1.931138
5124 1 0.000000
5125 0 1.907214
5126 0 2.387406
5127 1 0.000000
5128 0 2.008687
5129 1 0.000000
5130 0 1.896817
5131 0 2.479053
5132 1 0.000000
5133 0 2.132683
5134 0 2.068815
5135 1 0.000000
5136 0 1.943405
5137 0 2.559790
5138 1 0.000000
5139 0 1.974612
5140 1 0.000000
5141 0 1.934311
5142 0 2.536573
5143 1 0.000000
5144 0 2.197653
5145 0 1.865030
5146 1 0.000000
5147 0 1.906718
5148 0 2.551235
5149 1 0.000000
5150 0 2.300377
5151 1 0.000000
5152 0 1.908963
5153 0 2.600851
5154 1 0.000000
5155 0 2.169921
5156 0 2.029152
5157 1 0.000000
5158 0 2.088246
5159 0 2.831458
5160 1 0.000000
5161 0 2.174776
5162 1 0.000000
5163 0 2.100600
5164 0 2.738214
5165 1 0.000000
5166 0 2.666580
5167 0 2.386416
5168 1 0.000000
5169 0 2.458326
5170 0 3.029202
5171 1 0.000000
5172 0 2.836260
5173 1 0.000000
5174 0 2.784086
5175 0 3.348067
5176 1 0.000000
5177 0 2.343164
5178 0 1.964686
5179 1 0.000000
5180 0 1.900836
5181 0 2.642348
5182 1 0.000000
5183 0 2.243751
5184 1 0.000000
5185 0 2.188345
5186 0 2.980962
5187 1 0.000000
5188 0 2.612560
5189 0 16.036057
5190 1 0.000000
5191 0 4.600879
5192 0 4.004446
5193 1 0.000000
5194 0 5.221529
5195 1 0.000000
5196 0 3.009739
5197 0 4.552535
5198 1 0.000000
5199 0 3.174391
5200 0 2.480565
5201 1 0.000000
5202 0 2.280524
5203 0 2.512772
5204 1 0.000000
5205 0 4.033546
5206 1 0.000000
5207 0 3.188076
5208 0 3.897880
5209 1 0.000000
5210 0 3.069788
5211 0 3.714836
5212 1 0.000000
5213 0 2.582808
5214 0 3.775550
5215 1 0.000000
5216 0 4.550320
5217 1 0.000000
5218 0 5.223905
5219 0 5.967063
5220 1 0.000000
5221 0 4.265454
5222 0 5.633747
5223 1 0.000000
5224 0 4.692199
5225 0 4.905015
5226 1 0.000000
5227 0 5.336377
5228 1 0.000000
5229 0 4.995452
5230 0 4.730394
5231 1 0.000000
5232 0 3.273031
5233 0 3.645196
5234 1 0.000000
5235 0 4.344180
5236 0 3.581161
5237 1 0.000000
5238 0 6.160303
5239 1 0.000000
5240 0 5.048616
5241 0 4.662038
5242 1 0.000000
5243 0 2.990421
5244 0 3.411154
5245 1 0.000000
5246 0 3.444506
5247 0 2.486726
5248 1 0.000000
5249 0 2.949451
5250 1 0.000000
5251 0 2.757111
5252 0 3.100346
5253 1 0.000000
5254 0 2.486764
5255 0 3.853414
5256 1 0.000000
5257 0 2.896139
5258 0 3.406738
5259 1 0.000000
5260 0 2.049828
5261 1 0.000000
5262 0 3.667274
5263 0 2.781047
5264 1 0.000000
5265 0 3.736669
5266 0 3.189272
5267 1 0.000000
5268 0 2.508931
5269 0 2.282054
5270 1 0.000000
5271 0 1.947062
5272 1 0.000000
5273 0 2.324008
5274 0 3.423658
5275 1 0.000000
5276 0 3.037202
5277 0 1.888643
5278 1 0.000000
5279 0 2.035789
5280 0 2.320980
5281 1 0.000000
5282 0 2.478938
5283 1 0.000000
5284 0 2.587751
5285 0 2.518222
5286 1 0.000000
5287 0 1.791217
5288 0 4.304541
5289 1 0.000000
5290 0 3.236432
5291 0 2.217000
5292 1 0.000000
5293 0 2.229747
5294 1 0.000000
5295 0 2.408901
5296 0 2.922790
5297 1 0.000000
5298 0 2.697821
5299 0 2.332311
5300 1 0.000000
5301 0 2.519803
5302 0 2.615124
5303 1 0.000000
5304 0 3.253354
5305 1 0.000000
5306 0 1.786548
5307 0 2.083076
5308 1 0.000000
5309 0 1.765888
5310 0 2.082767
5311 1 0.000000
5312 0 2.656666
5313 0 2.781661
5314 1 0.000000
5315 0 1.973655
5316 1 0.000000
5317 0 2.074743
5318 0 1.981900
5319 1 0.000000
5320 0 3.020598
5321 0 3.581949
5322 1 0.000000
5323 0 3.434161
5324 1 0.000000
5325 0 2.481027
5326 0 2.048101
5327 1 0.000000
5328 0 2.409934
5329 0 3.885459
5330 1 0.000000
5331 0 3.095727
5332 0 2.204892
5333 1 0.000000
5334 0 2.517556
5335 1 0.000000
5336 0 2.677663
5337 0 3.767196
5338 1 0.000000
5339 0 2.591418
5340 0 2.796410
5341 1 0.000000
5342 0 2.275426
5343 0 1.879130
5344 1 0.000000
5345 0 2.377609
5346 1 0.000000
5347 0 1.895427
5348 0 3.006820
5349 1 0.000000
5350 0 4.016063
5351 0 2.515141
5352 1 0.000000
5353 0 2.167546
5354 0 3.713061
5355 1 0.000000
5356 0 3.190640
5357 1 0.000000
5358 0 3.386868
5359 0 2.129045
5360 1 0.000000
5361 0 2.115137
5362 0 2.176244
5363 1 0.000000
5364 0 2.228563
5365 0 2.411269
5366 1 0.000000
5367 0 3.126734
5368 1 0.000000
5369 0 2.011934
5370 0 3.990486
5371 1 0.000000
5372 0 2.608459
5373 0 3.639412
5374 1 0.000000
5375 0 2.482969
5376 0 3.217593
5377 1 0.000000
5378 0 4.566026
5379 1 0.000000
5380 0 2.848509
5381 0 3.103059
5382 1 0.000000
5383 0 2.976398
5384 0 4.371653
5385 1 0.000000
5386 0 3.543761
5387 0 2.997963
5388 1 0.000000
5389 0 4.145789
5390 1 0.000000
5391 0 4.529014
5392 0 4.603911
5393 1 0.000000
5394 0 4.610358
5395 0 4.850100
5396 1 0.000000
5397 0 4.037682
5398 0 4.138741
5399 1 0.000000
5400 0 3.830377
5401 1 0.000000
5402 0 4.898566
5403 0 3.447816
5404 1 0.000000
5405 0 3.563167
5406 0 3.466710
5407 1 0.000000
5408 0 3.281544
5409 0 3.133720
5410 1 0.000000
5411 0 3.418488
5412 1 0.000000
5413 0 3.946416
5414 0 3.221703
5415 1 0.000000
5416 0 3.234247
5417 0 2.616222
5418 1 0.000000
5419 0 2.974567
5420 0 1.864585
5421 1 0.000000
5422 0 2.333656
5423 1 0.000000
5424 0 2.408255
5425 0 4.074746
5426 1 0.000000
5427 0 2.446636
5428 0 3.009115
5429 1 0.000000
5430 0 2.109240
5431 0 2.299722
5432 1 0.000000
5433 0 2.421821
5434 1 0.000000
5435 0 2.010925
5436 0 2.349453
5437 1 0.000000
5438 0 3.352652
5439 0 2.449113
5440 1 0.000000
5441 0 1.894197
5442 0 2.419138
5443 1 0.000000
5444 0 3.421669
5445 1 0.000000
5446 0 3.028060
5447 0 2.085268
5448 1 0.000000
5449 0 3.096434
5450 0 2.150481
5451 1 0.000000
5452 0 3.771559
5453 0 3.968796
5454 1 0.000000
5455 0 5.041949
5456 1 0.000000
5457 0 2.767039
5458 0 3.020939
5459 1 0.000000
5460 0 3.067642
5461 0 2.271701
5462 1 0.000000
5463 0 3.158272
5464 0 2.842489
5465 1 0.000000
5466 0 3.272482
5467 1 0.000000
5468 0 1.803821
5469 0 2.318679
5470 1 0.000000
5471 0 2.605159
5472 0 1.683479
5473 1 0.000000
5474 0 2.241429
5475 0 2.242968
5476 1 0.000000
5477 0 2.409787
5478 1 0.000000
5479 0 3.762864
5480 0 2.271376
5481 1 0.000000
5482 0 1.826776
5483 0 1.852375
5484 1 0.000000
5485 0 2.289750
5486 0 2.983307
5487 1 0.000000
5488 0 2.154925
5489 1 0.000000
5490 0 4.487076
5491 0 4.403248
5492 1 0.000000
5493 0 2.278797
5494 0 2.714711
5495 1 0.000000
5496 0 4.067380
5497 0 2.360640
5498 1 0.000000
5499 0 2.208188
5500 1 0.000000
5501 0 1.822746
5502 0 4.518361
5503 1 0.000000
5504 0 3.687788
5505 0 2.298024
5506 1 0.000000
5507 0 1.858711
5508 0 2.225602
5509 1 0.000000
5510 0 2.349954
5511 1 0.000000
5512 0 1.954290
5513 0 2.533027
5514 1 0.000000
5515 0 2.483704
5516 0 2.963055
5517 1 0.000000
5518 0 3.445473
5519 0 3.055328
5520 1 0.000000
5521 0 3.186579
5522 1 0.000000
5523 0 3.010164
5524 0 2.324372
5525 1 0.000000
5526 0 2.745228
5527 0 2.350899
5528 1 0.000000
5529 0 2.356410
5530 0 2.384210
5531 1 0.000000
5532 0 2.384901
5533 1 0.000000
5534 0 2.036089
5535 0 2.064734
5536 1 0.000000
5537 0 1.922353
5538 0 2.445361
5539 1 0.000000
5540 0 3.370737
5541 0 2.278308
5542 1 0.000000
5543 0 2.288022
5544 1 0.000000
5545 0 2.357372
5546 0 3.033895
5547 1 0.000000
5548 0 3.606515
5549 0 2.752864
5550 1 0.000000
5551 0 2.283578
5552 0 2.839924
5553 1 0.000000
5554 0 2.498220
5555 1 0.000000
5556 0 2.360711
5557 0 3.486154
5558 1 0.000000
5559 0 2.564770
5560 0 2.173909
5561 1 0.000000
5562 0 3.431150
5563 0 3.198834
5564 1 0.000000
5565 0 2.296780
5566 1 0.000000
5567 0 2.891827
5568 0 4.794789
5569 1 0.000000
5570 0 3.038816
5571 0 2.325447
5572 1 0.000000
5573 0 2.796690
5574 0 3.268594
5575 1 0.000000
5576 0 4.301957
5577 1 0.000000
5578 0 2.942909
5579 0 3.713505
5580 1 0.000000
5581 0 4.979003
5582 0 3.554279
5583 1 0.000000
5584 0 4.174250
5585 0 3.332458
5586 1 0.000000
5587 0 3.858198
5588 1 0.000000
5589 0 4.303923
5590 0 4.287736
5591 1 0.000000
5592 0 4.055680
5593 0 2.235949
5594 1 0.000000
5595 0 3.169153
5596 0 3.754716
5597 1 0.000000
5598 0 4.747962
5599 1 0.000000
5600 0 4.267146
5601 0 5.261307
5602 1 0.000000
5603 0 5.916194
5604 0 4.222099
5605 1 0.000000
5606 0 4.087997
5607 0 4.782089
5608 1 0.000000
5609 0 4.005895
5610 1 0.000000
5611 0 4.940179
5612 0 3.407108
5613 1 0.000000
5614 0 3.810411
5615 0 5.171078
5616 1 0.000000
5617 0 3.283773
5618 0 3.994004
5619 1 0.000000
5620 0 4.014135
5621 1 0.000000
5622 0 4.620901
5623 0 5.366035
5624 1 0.000000
5625 0 4.747723
5626 0 4.601491
5627 1 0.000000
5628 0 4.245709
5629 0 4.411929
5630 1 0.000000
5631 0 3.812510
5632 1 0.000000
5633 0 2.922200
5634 0 4.249461
5635 1 0.000000
5636 0 4.511999
5637 0 4.130645
5638 1 0.000000
5639 0 3.941712
5640 0 4.397752
5641 1 0.000000
5642 0 5.279950
5643 1 0.000000
5644 0 4.240426
5645 0 3.910340
5646 1 0.000000
5647 0 3.387165
5648 0 3.409619
5649 1 0.000000
5650 0 4.003748
5651 0 3.815273
5652 1 0.000000
5653 0 4.091641
5654 1 0.000000
5655 0 4.447172
5656 0 5.737367
5657 1 0.000000
5658 0 4.143064
5659 0 4.483617
5660 1 0.000000
5661 0 2.615279
5662 0 3.752539
5663 1 0.000000
5664 0 4.891060
5665 1 0.000000
5666 0 4.767936
5667 0 3.996790
5668 1 0.000000
5669 0 3.162021
5670 0 3.160678
5671 1 0.000000
5672 0 3.669320
5673 0 4.663622
5674 1 0.000000
5675 0 3.905008
5676 1 0.000000
5677 0 3.244364
