0 0.000000
1 1.821974
2 2.217144
3 0.000000
4 1.559070
5 1.577385
6 0.000000
7 1.827534
8 2.442476
9 0.000000
10 1.924947
11 0.000000
12 1.662654
13 2.176563
14 0.000000
15 1.753563
16 2.226414
17 0.000000
18 1.513696
19 1.873312
20 0.000000
21 1.648903
22 0.000000
23 1.815875
24 2.159196
25 0.000000
26 2.011472
27 1.663199
28 0.000000
29 2.109909
30 0.000000
31 1.720140
32 1.540211
33 0.000000
34 1.704766
35 1.749727
36 0.000000
37 1.512978
38 1.440155
39 0.000000
40 1.840470
41 0.000000
42 1.500227
43 1.512824
44 0.000000
45 1.662537
46 1.963186
47 0.000000
48 1.960834
49 1.491872
50 0.000000
51 1.849624
52 0.000000
53 1.689815
54 1.542721
55 0.000000
56 1.748976
57 1.926968
58 0.000000
59 1.716147
60 1.458471
61 0.000000
62 2.060827
63 0.000000
64 1.960968
65 1.798660
66 0.000000
67 1.983492
68 2.001016
69 0.000000
70 1.555281
71 1.527442
72 0.000000
73 1.912549
74 0.000000
75 2.066118
76 2.094486
77 0.000000
78 2.159061
79 1.707013
80 0.000000
81 1.594300
82 1.418607
83 0.000000
84 1.927327
85 0.000000
86 1.881701
87 1.622540
88 0.000000
89 1.795497
90 1.671114
91 0.000000
92 1.576910
93 1.616611
94 0.000000
95 2.009624
96 0.000000
97 1.515438
98 1.717361
99 0.000000
100 1.866725
101 1.606932
102 0.000000
103 1.481557
104 1.503523
105 0.000000
106 2.009437
107 0.000000
108 1.561755
109 1.810821
110 0.000000
111 1.930565
112 1.620453
113 0.000000
114 1.557596
115 1.422510
116 0.000000
117 1.871885
118 0.000000
119 1.511521
120 1.586852
121 0.000000
122 2.002167
123 1.576498
124 0.000000
125 1.854547
126 1.580638
127 0.000000
128 2.203183
129 0.000000
130 1.552386
131 1.504148
132 0.000000
133 1.953107
134 1.520133
135 0.000000
136 1.498633
137 1.521717
138 0.000000
139 2.378164
140 0.000000
141 1.551721
142 6.332402
143 0.000000
144 3.248873
145 1.708277
146 0.000000
147 1.727882
148 1.843571
149 0.000000
150 2.267002
151 0.000000
152 1.792476
153 1.514225
154 0.000000
155 2.396032
156 1.898605
157 0.000000
158 1.729781
159 1.700448
160 0.000000
161 1.810370
162 0.000000
163 1.568925
164 1.540988
165 0.000000
166 2.147590
167 1.483766
168 0.000000
169 1.579779
170 1.760574
171 0.000000
172 1.852103
173 0.000000
174 1.719427
175 1.875621
176 0.000000
177 2.211521
178 1.658028
179 0.000000
180 1.700645
181 0.000000
182 2.278386
183 1.535747
184 0.000000
185 1.674741
186 1.900805
187 0.000000
188 1.866212
189 1.992804
190 0.000000
191 1.608692
192 0.000000
193 2.229599
194 1.573722
195 0.000000
196 1.565993
197 1.750405
198 0.000000
199 2.026008
200 1.629486
201 0.000000
202 1.437330
203 0.000000
204 2.055637
205 1.508768
206 0.000000
207 1.439429
208 1.929933
209 0.000000
210 1.770244
211 1.471288
212 0.000000
213 1.613598
214 0.000000
215 1.973980
216 1.578727
217 0.000000
218 1.649338
219 1.973402
220 0.000000
221 1.708995
222 1.650825
223 0.000000
224 1.685860
225 0.000000
226 1.874777
227 1.623845
228 0.000000
229 1.444616
230 2.187862
231 0.000000
232 1.515689
233 1.554901
234 0.000000
235 1.706698
236 0.000000
237 1.816785
238 1.895327
239 0.000000
240 1.677694
241 2.027801
242 0.000000
243 1.644119
244 1.489892
245 0.000000
246 1.726703
247 0.000000
248 1.616790
249 1.454229
250 0.000000
251 1.506054
252 2.340376
253 0.000000
254 1.526053
255 1.569442
256 0.000000
257 1.982271
258 0.000000
259 1.796991
260 1.559233
261 0.000000
262 1.664207
263 1.866677
264 0.000000
265 1.745432
266 1.635030
267 0.000000
268 1.875340
269 0.000000
270 1.834224
271 1.493026
272 0.000000
273 1.864874
274 1.869904
275 0.000000
276 1.474182
277 1.635806
278 0.000000
279 2.109227
280 0.000000
281 1.622014
282 1.512645
283 0.000000
284 1.721776
285 1.560519
286 0.000000
287 1.473534
288 1.537457
289 0.000000
290 1.877400
291 0.000000
292 1.714782
293 1.456168
294 0.000000
295 2.046417
296 1.411742
297 0.000000
298 1.464108
299 1.385061
300 0.000000
301 2.073360
302 0.000000
303 1.462477
304 1.466215
305 0.000000
306 1.857771
307 1.443101
308 0.000000
309 1.401869
310 1.437203
311 0.000000
312 2.055847
313 0.000000
314 1.478727
315 1.430384
316 0.000000
317 2.046267
318 1.457201
319 0.000000
320 1.489461
321 1.488717
322 0.000000
323 1.849931
324 0.000000
325 1.507037
326 1.596406
327 0.000000
328 1.889280
329 1.436171
330 0.000000
331 1.623120
332 1.566014
333 0.000000
334 2.031948
335 0.000000
336 1.656969
337 2.242993
338 0.000000
339 2.044185
340 2.025612
341 0.000000
342 2.302001
343 0.000000
344 3.161299
345 2.048257
346 0.000000
347 1.651667
348 1.966412
349 0.000000
350 2.350351
351 1.650889
352 0.000000
353 1.514553
354 0.000000
355 2.409295
356 1.521770
357 0.000000
358 1.563114
359 1.845710
360 0.000000
361 1.601448
362 1.441739
363 0.000000
364 1.481413
365 0.000000
366 2.082518
367 1.541404
368 0.000000
369 1.855445
370 2.652197
371 0.000000
372 10.786345
373 2.443057
374 0.000000
375 1.931678
376 0.000000
377 1.828504
378 2.425762
379 0.000000
380 1.894776
381 2.108943
382 0.000000
383 1.608585
384 1.656807
385 0.000000
386 1.819012
387 0.000000
388 1.800030
389 1.567152
390 0.000000
391 1.470625
392 1.894122
393 0.000000
394 1.979792
395 1.960715
396 0.000000
397 1.977870
398 0.000000
399 1.936941
400 1.503726
401 0.000000
402 1.895741
403 2.205673
404 0.000000
405 1.627735
406 1.515342
407 0.000000
408 2.120415
409 0.000000
410 1.605389
411 1.610104
412 0.000000
413 1.660214
414 1.824292
415 0.000000
416 1.678904
417 1.716130
418 0.000000
419 1.821911
420 0.000000
421 1.471179
422 1.767319
423 0.000000
424 1.913792
425 2.218193
426 0.000000
427 1.751964
428 1.632188
429 0.000000
430 2.250373
431 0.000000
432 1.549112
433 1.525584
434 0.000000
435 1.660681
436 1.745661
437 0.000000
438 1.546442
439 1.584288
440 0.000000
441 1.845503
442 0.000000
443 1.802039
444 1.499394
445 0.000000
446 2.051012
447 1.494228
448 0.000000
449 1.599047
450 1.521732
451 0.000000
452 2.007721
453 0.000000
454 1.513984
455 1.631891
456 0.000000
457 1.932869
458 1.854603
459 0.000000
460 1.509852
461 1.776551
462 0.000000
463 2.362118
464 0.000000
465 1.594774
466 1.530877
467 0.000000
468 1.830822
469 1.679313
470 0.000000
471 2.075012
472 1.789053
473 0.000000
474 1.600267
475 0.000000
476 1.651418
477 1.629130
478 0.000000
479 1.772163
480 1.482745
481 0.000000
482 1.720268
483 1.737489
484 0.000000
485 1.677183
486 0.000000
487 1.608401
488 1.878300
489 0.000000
490 1.668521
491 1.730925
492 0.000000
493 1.754857
494 0.000000
495 1.750784
496 1.713372
497 0.000000
498 1.487965
499 1.654419
500 0.000000
501 1.490407
502 1.458885
503 0.000000
504 1.929579
505 0.000000
506 1.839750
507 1.466826
508 0.000000
509 1.548292
510 1.881184
511 0.000000
512 1.798548
513 1.596844
514 0.000000
515 1.701252
516 0.000000
517 1.883471
518 1.585388
519 0.000000
520 1.615810
521 1.698728
522 0.000000
523 1.679095
524 1.528514
525 0.000000
526 1.657481
527 0.000000
528 1.782771
529 1.637282
530 0.000000
531 1.759558
532 1.741829
533 0.000000
534 1.615792
535 1.724195
536 0.000000
537 1.974984
538 0.000000
539 7.473982
540 2.447135
541 0.000000
542 1.999283
543 1.670846
544 0.000000
545 1.642857
546 1.564497
547 0.000000
548 2.145120
549 0.000000
550 1.640561
551 1.754942
552 0.000000
553 1.747470
554 1.901579
555 0.000000
556 1.653437
557 1.535162
558 0.000000
559 1.811318
560 0.000000
561 1.488337
562 1.572768
563 0.000000
564 1.907098
565 1.583043
566 0.000000
567 1.535853
568 1.515949
569 0.000000
570 2.786717
571 0.000000
572 1.892425
573 2.239436
574 0.000000
575 1.740924
576 1.890645
577 0.000000
578 1.569813
579 1.564069
580 0.000000
581 2.244778
582 0.000000
583 1.620684
584 1.699150
585 0.000000
586 2.159861
587 1.620599
588 0.000000
589 1.770385
590 1.863294
591 0.000000
592 3.532100
593 0.000000
594 1.722693
595 2.012756
596 0.000000
597 2.304281
598 1.933950
599 0.000000
600 1.827922
601 1.637627
602 0.000000
603 2.232284
604 0.000000
605 1.615478
606 1.794974
607 0.000000
608 2.484802
609 1.583589
610 0.000000
611 1.887677
612 1.638749
613 0.000000
614 2.136568
615 0.000000
616 1.998090
617 2.230521
618 0.000000
619 2.220274
620 1.939633
621 0.000000
622 1.535748
623 0.000000
624 2.365872
625 1.657741
626 0.000000
627 1.555232
628 1.810502
629 0.000000
630 1.943344
631 1.582949
632 0.000000
633 1.650020
634 0.000000
635 2.433391
636 1.702199
637 0.000000
638 1.598348
639 1.867142
640 0.000000
641 1.756821
642 1.601675
643 0.000000
644 1.551566
645 0.000000
646 2.637463
647 1.545479
648 0.000000
649 1.552725
650 2.206371
651 0.000000
652 1.581074
653 1.657613
654 0.000000
655 1.775376
656 0.000000
657 1.966271
658 1.693155
659 0.000000
660 1.859027
661 2.085246
662 0.000000
663 1.829615
664 1.735116
665 0.000000
666 1.749607
667 0.000000
668 1.904811
669 1.644084
670 0.000000
671 1.547061
672 1.991444
673 0.000000
674 1.507095
675 1.653503
676 0.000000
677 1.929390
678 0.000000
679 1.665408
680 1.597209
681 0.000000
682 1.991896
683 2.058573
684 0.000000
685 1.752613
686 1.784604
687 0.000000
688 1.883257
689 0.000000
690 1.855922
691 1.894959
692 0.000000
693 1.916664
694 1.996520
695 0.000000
696 1.687642
697 1.711902
698 0.000000
699 2.396450
700 0.000000
701 1.719616
702 1.707510
703 0.000000
704 2.109141
705 1.938954
706 0.000000
707 1.529271
708 1.530572
709 0.000000
710 2.283017
711 0.000000
712 1.713464
713 1.666104
714 0.000000
715 2.731665
716 1.588018
717 0.000000
718 1.512968
719 1.621823
720 0.000000
721 3.855773
722 0.000000
723 24.487970
724 8.418543
725 0.000000
726 6.944453
727 6.346844
728 0.000000
729 9.480355
730 9.421903
731 0.000000
732 8.299934
733 0.000000
734 8.437421
735 6.704172
736 0.000000
737 6.746363
738 6.019204
739 0.000000
740 7.527797
741 6.773638
742 0.000000
743 9.524586
744 0.000000
745 6.959086
746 5.968346
747 0.000000
748 7.337451
749 4.780245
750 0.000000
751 6.234482
752 5.648941
753 0.000000
754 9.283322
755 0.000000
756 7.844190
757 8.298143
758 0.000000
759 6.947111
760 7.818166
761 0.000000
762 7.148137
763 4.307794
764 0.000000
765 5.385684
766 0.000000
767 7.398088
768 5.426567
769 0.000000
770 5.832676
771 5.464140
772 0.000000
773 6.216099
774 6.796487
775 0.000000
776 7.161623
777 0.000000
778 5.457198
779 7.987485
780 0.000000
781 7.376806
782 8.061796
783 0.000000
784 5.491067
785 6.939954
786 0.000000
787 7.834631
788 0.000000
789 5.517165
790 5.353015
791 0.000000
792 3.318765
793 3.535686
794 0.000000
795 4.303583
796 4.356227
797 0.000000
798 5.653562
799 0.000000
800 5.866476
801 7.948834
802 0.000000
803 5.551228
804 5.501819
805 0.000000
806 7.608136
807 10.170631
808 0.000000
809 7.496126
810 0.000000
811 6.555431
812 8.330003
813 0.000000
814 5.173026
815 7.330409
816 0.000000
817 5.795847
818 0.000000
819 6.968658
820 5.439625
821 0.000000
822 7.179290
823 7.408135
824 0.000000
825 5.181054
826 5.480730
827 0.000000
828 6.312374
829 0.000000
830 6.222308
831 6.116447
832 0.000000
833 7.428369
834 6.947798
835 0.000000
836 7.922588
837 7.706037
838 0.000000
839 9.724680
840 0.000000
841 10.875442
842 8.993350
843 0.000000
844 7.647395
845 9.325346
846 0.000000
847 7.576923
848 8.282793
849 0.000000
850 8.725361
851 0.000000
852 8.872540
853 6.093730
854 0.000000
855 6.959626
856 8.638258
857 0.000000
858 7.624168
859 7.988387
860 0.000000
861 6.890788
862 0.000000
863 5.847693
864 5.883517
865 0.000000
866 6.597912
867 4.617200
868 0.000000
869 4.918138
870 4.433742
871 0.000000
872 5.908141
873 0.000000
874 5.582715
875 4.679446
876 0.000000
877 4.482127
878 6.556377
879 0.000000
880 4.216005
881 3.869108
882 0.000000
883 4.193301
884 0.000000
885 3.999212
886 3.129330
887 0.000000
888 5.101415
889 3.076313
890 0.000000
891 3.820975
892 2.385860
893 0.000000
894 3.271919
895 0.000000
896 3.415043
897 3.377258
898 0.000000
899 3.595678
900 3.498957
901 0.000000
902 2.853593
903 4.081568
904 0.000000
905 4.952698
906 0.000000
907 3.933539
908 4.056963
909 0.000000
910 3.697440
911 3.955249
912 0.000000
913 3.944249
914 3.520267
915 0.000000
916 4.199938
917 0.000000
918 4.074826
919 3.776186
920 0.000000
921 3.503789
922 3.278470
923 0.000000
924 2.728858
925 2.556289
926 0.000000
927 3.274516
928 0.000000
929 3.055862
930 2.381076
931 0.000000
932 3.180260
933 2.708532
934 0.000000
935 2.485090
936 2.603810
937 0.000000
938 3.115405
939 0.000000
940 2.357016
941 3.925366
942 0.000000
943 2.793426
944 2.448827
945 0.000000
946 3.282399
947 2.599966
948 0.000000
949 3.647954
950 0.000000
951 2.936926
952 2.960821
953 0.000000
954 3.336761
955 2.369154
956 0.000000
957 2.723148
958 2.734004
959 0.000000
960 3.110796
961 0.000000
962 3.598918
963 3.996549
964 0.000000
965 2.795626
966 2.734818
967 0.000000
968 2.701835
969 3.450825
970 0.000000
971 3.944444
972 0.000000
973 3.898410
974 4.374356
975 0.000000
976 3.858440
977 2.580728
978 0.000000
979 4.004447
980 3.345755
981 0.000000
982 3.144490
983 0.000000
984 2.678822
985 3.362144
986 0.000000
987 2.696990
988 2.429426
989 0.000000
990 2.953789
991 0.000000
992 3.495838
993 3.395375
994 0.000000
995 2.760395
996 3.064101
997 0.000000
998 4.029606
999 3.760093
1000 0.000000
1001 4.090411
1002 0.000000
1003 4.298681
1004 5.844907
1005 0.000000
1006 4.583530
1007 4.592758
1008 0.000000
1009 2.984709
1010 2.973365
1011 0.000000
1012 3.218952
1013 0.000000
1014 4.050564
1015 4.414753
1016 0.000000
1017 3.339714
1018 3.688452
1019 0.000000
1020 2.910781
1021 2.920710
1022 0.000000
1023 3.600179
1024 0.000000
1025 3.989974
1026 3.982587
1027 0.000000
1028 3.395407
1029 3.655544
1030 0.000000
1031 4.275042
1032 3.268036
1033 0.000000
1034 3.301895
1035 0.000000
1036 3.554231
1037 3.692942
1038 0.000000
1039 3.486521
1040 2.831143
1041 0.000000
1042 2.456132
1043 2.330074
1044 0.000000
1045 3.360259
1046 0.000000
1047 2.006459
1048 2.670560
1049 0.000000
1050 2.705680
1051 2.324559
1052 0.000000
1053 2.206255
1054 2.043015
1055 0.000000
1056 3.202056
1057 0.000000
1058 2.137515
1059 2.570521
1060 0.000000
1061 2.586559
1062 2.151180
1063 0.000000
1064 2.259938
1065 2.244516
1066 0.000000
1067 2.562299
1068 0.000000
1069 2.004861
1070 2.310505
1071 0.000000
1072 2.418373
1073 1.951325
1074 0.000000
1075 2.122007
1076 2.209275
1077 0.000000
1078 3.060206
1079 0.000000
1080 2.543477
1081 3.212985
1082 0.000000
1083 2.854787
1084 2.232977
1085 0.000000
1086 2.300238
1087 3.495431
1088 0.000000
1089 2.732580
1090 0.000000
1091 4.404048
1092 2.578348
1093 0.000000
1094 3.255325
1095 5.180175
1096 0.000000
1097 4.315799
1098 4.347422
1099 0.000000
1100 4.275069
1101 0.000000
1102 3.449173
1103 4.390429
1104 0.000000
1105 3.297742
1106 2.161531
1107 0.000000
1108 3.665506
1109 3.019383
1110 0.000000
1111 2.536825
1112 0.000000
1113 3.095236
1114 2.424991
1115 0.000000
1116 2.026125
1117 2.039759
1118 0.000000
1119 2.006481
1120 2.704747
1121 0.000000
1122 3.012143
1123 0.000000
1124 3.285604
1125 3.278116
1126 0.000000
1127 3.451352
1128 2.295005
1129 0.000000
1130 3.688037
1131 2.646136
1132 0.000000
1133 2.869622
1134 0.000000
1135 2.410695
1136 3.600307
1137 0.000000
1138 2.472515
1139 2.025818
1140 0.000000
1141 2.756252
1142 3.161908
1143 0.000000
1144 2.139926
1145 0.000000
1146 1.989738
1147 2.799258
1148 0.000000
1149 2.363417
1150 15.881499
1151 0.000000
1152 5.992275
1153 0.000000
1154 5.581453
1155 6.671120
1156 0.000000
1157 5.350437
1158 4.007096
1159 0.000000
1160 2.962011
1161 1.877722
1162 0.000000
1163 2.980360
1164 0.000000
1165 5.191796
1166 3.722753
1167 0.000000
1168 3.618970
1169 3.012011
1170 0.000000
1171 1.760722
1172 4.778095
1173 0.000000
1174 5.174686
1175 0.000000
1176 3.071027
1177 2.089469
1178 0.000000
1179 3.313588
1180 4.567803
1181 0.000000
1182 3.103448
1183 4.864604
1184 0.000000
1185 4.900509
1186 0.000000
1187 2.972993
1188 1.969927
1189 0.000000
1190 3.044304
1191 1.961066
1192 0.000000
1193 3.734480
1194 2.152667
1195 0.000000
1196 2.369416
1197 0.000000
1198 4.664390
1199 2.971139
1200 0.000000
1201 2.310082
1202 3.532829
1203 0.000000
1204 3.413819
1205 2.086765
1206 0.000000
1207 2.623024
1208 0.000000
1209 2.107191
1210 3.232308
1211 0.000000
1212 2.573476
1213 2.913052
1214 0.000000
1215 2.291180
1216 1.818000
1217 0.000000
1218 2.315204
1219 0.000000
1220 2.529318
1221 2.347549
1222 0.000000
1223 3.640801
1224 2.490994
1225 0.000000
1226 2.450687
1227 1.858667
1228 0.000000
1229 2.919427
1230 0.000000
1231 2.773513
1232 3.182687
1233 0.000000
1234 2.446216
1235 1.896945
1236 0.000000
1237 2.927030
1238 2.328395
1239 0.000000
1240 2.380392
1241 0.000000
1242 1.957170
1243 2.614517
1244 0.000000
1245 2.782947
1246 1.719872
1247 0.000000
1248 2.864076
1249 2.259627
1250 0.000000
1251 2.167932
1252 0.000000
1253 1.831073
1254 2.803959
1255 0.000000
1256 3.476502
1257 1.746685
1258 0.000000
1259 2.559455
1260 2.676028
1261 0.000000
1262 2.730157
1263 0.000000
1264 2.727571
1265 2.348891
1266 0.000000
1267 2.528997
1268 2.642873
1269 0.000000
1270 2.053525
1271 2.915333
1272 0.000000
1273 3.881536
1274 0.000000
1275 4.468051
1276 3.286911
1277 0.000000
1278 2.592686
1279 1.968011
1280 0.000000
1281 2.047646
1282 3.821355
1283 0.000000
1284 3.758405
1285 0.000000
1286 3.903520
1287 3.509083
1288 0.000000
1289 2.178789
1290 2.152885
1291 0.000000
1292 1.911344
1293 2.653996
1294 0.000000
1295 2.884901
1296 0.000000
1297 2.032324
1298 2.346961
1299 0.000000
1300 2.219180
1301 2.568691
1302 0.000000
1303 2.302884
1304 3.391514
1305 0.000000
1306 1.761165
1307 0.000000
1308 1.789953
1309 3.200071
1310 0.000000
1311 1.967899
1312 2.956596
1313 0.000000
1314 2.805682
1315 0.000000
1316 3.208017
1317 2.487517
1318 0.000000
1319 3.340375
1320 3.155892
1321 0.000000
1322 2.936766
1323 1.755797
1324 0.000000
1325 2.992685
1326 0.000000
1327 1.848644
1328 1.679659
1329 0.000000
1330 2.213765
1331 2.313581
1332 0.000000
1333 2.382109
1334 2.353891
1335 0.000000
1336 3.557694
1337 0.000000
1338 2.332096
1339 3.767976
1340 0.000000
1341 2.166750
1342 1.809139
1343 0.000000
1344 2.007518
1345 2.005724
1346 0.000000
1347 2.098979
1348 0.000000
1349 2.856131
1350 2.350192
1351 0.000000
1352 3.192018
1353 2.044508
1354 0.000000
1355 2.007943
1356 2.415134
1357 0.000000
1358 3.018743
1359 0.000000
1360 1.847332
1361 3.149645
1362 0.000000
1363 2.988966
1364 3.002252
1365 0.000000
1366 2.114076
1367 2.618438
1368 0.000000
1369 3.041186
1370 0.000000
1371 2.295155
1372 2.101785
1373 0.000000
1374 3.724182
1375 2.529125
1376 0.000000
1377 1.959061
1378 2.204292
1379 0.000000
1380 2.937107
1381 0.000000
1382 2.535393
1383 2.503204
1384 0.000000
1385 2.541853
1386 3.245609
1387 0.000000
1388 3.042692
1389 2.396168
1390 0.000000
1391 2.355282
1392 0.000000
1393 3.832202
1394 2.627264
1395 0.000000
1396 2.338009
1397 2.647185
1398 0.000000
1399 2.796332
1400 2.153941
1401 0.000000
1402 2.952086
1403 0.000000
1404 2.763686
1405 2.440139
1406 0.000000
1407 3.134275
1408 1.729025
1409 0.000000
1410 2.066465
1411 1.782981
1412 0.000000
1413 2.458639
1414 0.000000
1415 2.879483
1416 2.069878
1417 0.000000
1418 2.821561
1419 1.661907
1420 0.000000
1421 3.440834
1422 2.942074
1423 0.000000
1424 2.720513
1425 0.000000
1426 4.142128
1427 3.428988
1428 0.000000
1429 3.304764
1430 7.840949
1431 0.000000
1432 13.195264
1433 5.272677
1434 0.000000
1435 2.422723
1436 0.000000
1437 3.312104
1438 3.936158
1439 0.000000
1440 3.972588
1441 3.977623
1442 0.000000
1443 2.921897
1444 2.235072
1445 0.000000
1446 3.235252
1447 0.000000
1448 2.727033
1449 2.415844
1450 0.000000
1451 2.696594
1452 2.214870
1453 0.000000
1454 2.262627
1455 2.032111
1456 0.000000
1457 1.958030
1458 0.000000
1459 1.927589
1460 2.138304
1461 0.000000
1462 2.126031
1463 1.934890
1464 0.000000
1465 1.808843
1466 2.086517
1467 0.000000
1468 2.075810
1469 0.000000
1470 1.863015
1471 2.422056
1472 0.000000
1473 1.678492
1474 1.843718
1475 0.000000
1476 2.426271
1477 1.963882
1478 0.000000
1479 2.688741
1480 0.000000
1481 1.565688
1482 2.151799
1483 0.000000
1484 1.906969
1485 2.068736
1486 0.000000
1487 2.628481
1488 2.534567
1489 0.000000
1490 3.503451
1491 0.000000
1492 3.484300
1493 2.856416
1494 0.000000
1495 1.869646
1496 2.910888
1497 0.000000
1498 2.668813
1499 3.091502
1500 0.000000
1501 3.166403
1502 0.000000
1503 2.253865
1504 3.032702
1505 0.000000
1506 3.231156
1507 1.835381
1508 0.000000
1509 3.304931
1510 0.000000
1511 4.230185
1512 2.520199
1513 0.000000
1514 2.087580
1515 2.474820
1516 0.000000
1517 2.321470
1518 2.198722
1519 0.000000
1520 2.065934
1521 0.000000
1522 2.048014
1523 1.631110
1524 0.000000
1525 2.855328
1526 2.091912
1527 0.000000
1528 2.275789
1529 2.237867
1530 0.000000
1531 2.033165
1532 0.000000
1533 1.588077
1534 1.589353
1535 0.000000
1536 2.144688
1537 3.232798
1538 0.000000
1539 1.881095
1540 2.293867
1541 0.000000
1542 3.023007
1543 0.000000
1544 2.416414
1545 1.786733
1546 0.000000
1547 2.081076
1548 1.888672
1549 0.000000
1550 2.631502
1551 2.619214
1552 0.000000
1553 2.232702
1554 0.000000
1555 1.904556
1556 2.091029
1557 0.000000
1558 2.206059
1559 2.656168
1560 0.000000
1561 1.925585
1562 2.355975
1563 0.000000
1564 2.256059
1565 0.000000
1566 2.500621
1567 1.959405
1568 0.000000
1569 2.015376
1570 1.806108
1571 0.000000
1572 1.624521
1573 2.197854
1574 0.000000
1575 2.190602
1576 0.000000
1577 2.377346
1578 3.194252
1579 0.000000
1580 3.201895
1581 1.676843
1582 0.000000
1583 2.604381
1584 3.079428
1585 0.000000
1586 2.748255
1587 0.000000
1588 2.348706
1589 2.270736
1590 0.000000
1591 2.046174
1592 1.902836
1593 0.000000
1594 2.533418
1595 1.766553
1596 0.000000
1597 1.769671
1598 0.000000
1599 1.614935
1600 2.317689
1601 0.000000
1602 1.880376
1603 2.118069
1604 0.000000
1605 2.233294
1606 1.969552
1607 0.000000
1608 2.217467
1609 0.000000
1610 2.099491
1611 1.677071
1612 0.000000
1613 2.474530
1614 1.588643
1615 0.000000
1616 2.295759
1617 2.976665
1618 0.000000
1619 2.716103
1620 0.000000
1621 2.187650
1622 2.304229
1623 0.000000
1624 1.805839
1625 1.750560
1626 0.000000
1627 2.078521
1628 0.000000
1629 2.654974
1630 1.853252
1631 0.000000
1632 2.212647
1633 2.689230
1634 0.000000
1635 1.876453
1636 1.605271
1637 0.000000
1638 2.465891
1639 0.000000
1640 2.857372
1641 2.862724
1642 0.000000
1643 2.878709
1644 3.240562
1645 0.000000
1646 3.184433
1647 1.999375
1648 0.000000
1649 1.928478
1650 0.000000
1651 2.466179
1652 2.230804
1653 0.000000
1654 1.833108
1655 2.188899
1656 0.000000
1657 2.072539
1658 1.722813
1659 0.000000
1660 2.132308
1661 0.000000
1662 2.262229
1663 1.927083
1664 0.000000
1665 1.622444
1666 2.563991
1667 0.000000
1668 2.423900
1669 2.133431
1670 0.000000
1671 2.315661
1672 0.000000
1673 1.938042
1674 2.167977
1675 0.000000
1676 2.145268
1677 2.938591
1678 0.000000
1679 2.761639
1680 2.409219
1681 0.000000
1682 2.375292
1683 0.000000
1684 2.769675
1685 2.961153
1686 0.000000
1687 1.715776
1688 2.626450
1689 0.000000
1690 2.374260
1691 2.133241
1692 0.000000
1693 1.902847
1694 0.000000
1695 1.893111
1696 2.775280
1697 0.000000
1698 2.231458
1699 2.611311
1700 0.000000
1701 1.804094
1702 2.933178
1703 0.000000
1704 2.541909
1705 0.000000
1706 1.688969
1707 3.082234
1708 0.000000
1709 1.698955
1710 2.906086
1711 0.000000
1712 2.072891
1713 2.660777
1714 0.000000
1715 2.007506
1716 0.000000
1717 3.036308
1718 1.801260
1719 0.000000
1720 2.795320
1721 2.040666
1722 0.000000
1723 2.002396
1724 1.553837
1725 0.000000
1726 2.456759
1727 0.000000
1728 2.274757
1729 1.796768
1730 0.000000
1731 1.963920
1732 1.899904
1733 0.000000
1734 1.952864
1735 1.785966
1736 0.000000
1737 2.470001
1738 0.000000
1739 1.970787
1740 1.833717
1741 0.000000
1742 2.011792
1743 2.419201
1744 0.000000
1745 2.621476
1746 2.067649
1747 0.000000
1748 2.851779
1749 0.000000
1750 2.558226
1751 3.549676
1752 0.000000
1753 2.929163
1754 2.631803
1755 0.000000
1756 2.390183
1757 2.851265
1758 0.000000
1759 3.416092
1760 0.000000
1761 2.059796
1762 2.786332
1763 0.000000
1764 3.525714
1765 23.212156
1766 0.000000
1767 17.338644
1768 5.556369
1769 0.000000
1770 4.667275
1771 0.000000
1772 4.723638
1773 5.462915
1774 0.000000
1775 5.269246
1776 1.825229
1777 0.000000
1778 1.972830
1779 2.284794
1780 0.000000
1781 2.591468
1782 0.000000
1783 3.587612
1784 2.281948
1785 0.000000
1786 2.217151
1787 1.991704
1788 0.000000
1789 1.905750
1790 1.807993
1791 0.000000
1792 2.451498
1793 0.000000
1794 2.474594
1795 2.290514
1796 0.000000
1797 4.875834
1798 2.926751
1799 0.000000
1800 2.383463
1801 2.633631
1802 0.000000
1803 2.641654
1804 0.000000
1805 3.928636
1806 3.009440
1807 0.000000
1808 3.058331
1809 2.560424
1810 0.000000
1811 2.706429
1812 3.207982
1813 0.000000
1814 3.019358
1815 0.000000
1816 3.677645
1817 2.187728
1818 0.000000
1819 2.363517
1820 4.188998
1821 0.000000
1822 2.191622
1823 2.676929
1824 0.000000
1825 2.636884
1826 0.000000
1827 2.869773
1828 2.247301
1829 0.000000
1830 2.540789
1831 2.623231
1832 0.000000
1833 2.401224
1834 2.903750
1835 0.000000
1836 2.813512
1837 0.000000
1838 2.834199
1839 2.221999
1840 0.000000
1841 2.403292
1842 2.105820
1843 0.000000
1844 2.903148
1845 2.900565
1846 0.000000
1847 3.246398
1848 0.000000
1849 2.682455
1850 2.811162
1851 0.000000
1852 3.643057
1853 2.274685
1854 0.000000
1855 2.139189
1856 2.562999
1857 0.000000
1858 2.758573
1859 0.000000
1860 2.183142
1861 3.197947
1862 0.000000
1863 2.063180
1864 3.492476
1865 0.000000
1866 2.091322
1867 2.443688
1868 0.000000
1869 3.383304
1870 0.000000
1871 2.689449
1872 2.311359
1873 0.000000
1874 2.748385
1875 1.931300
1876 0.000000
1877 2.379295
1878 2.552927
1879 0.000000
1880 2.380884
1881 0.000000
1882 2.322796
1883 2.665820
1884 0.000000
1885 2.223441
1886 3.133511
1887 0.000000
1888 3.044836
1889 2.349190
1890 0.000000
1891 2.862812
1892 0.000000
1893 2.235125
1894 3.023652
1895 0.000000
1896 1.900526
1897 3.505669
1898 0.000000
1899 2.759259
1900 3.497512
1901 0.000000
1902 2.281531
1903 0.000000
1904 1.936079
1905 2.241907
1906 0.000000
1907 2.604391
1908 1.988428
1909 0.000000
1910 2.260132
1911 2.259675
1912 0.000000
1913 3.208875
1914 0.000000
1915 2.611838
1916 3.479704
1917 0.000000
1918 1.986910
1919 2.428924
1920 0.000000
1921 3.522846
1922 0.000000
1923 2.505904
1924 3.193036
1925 0.000000
1926 2.621072
1927 6.072945
1928 0.000000
1929 2.859411
1930 3.101560
1931 0.000000
1932 3.115487
1933 0.000000
1934 2.094369
1935 2.625489
1936 0.000000
1937 2.491792
1938 4.075614
1939 0.000000
1940 2.196160
1941 2.206841
1942 0.000000
1943 2.456701
1944 0.000000
1945 2.624501
1946 4.230388
1947 0.000000
1948 2.832816
1949 2.420624
1950 0.000000
1951 2.617817
1952 4.295686
1953 0.000000
1954 2.650506
1955 0.000000
1956 1.877990
1957 2.131536
1958 0.000000
1959 2.703120
1960 2.235137
1961 0.000000
1962 2.234738
1963 3.368110
1964 0.000000
1965 2.413806
1966 0.000000
1967 3.056223
1968 2.569199
1969 0.000000
1970 3.332842
1971 1.879688
1972 0.000000
1973 2.244113
1974 3.122875
1975 0.000000
1976 2.632705
1977 0.000000
1978 1.953279
1979 3.077208
1980 0.000000
1981 2.656775
1982 2.360114
1983 0.000000
1984 1.946094
1985 2.262495
1986 0.000000
1987 2.314805
1988 0.000000
1989 2.654232
1990 2.481362
1991 0.000000
1992 2.728164
1993 2.421301
1994 0.000000
1995 2.398894
1996 2.344756
1997 0.000000
1998 2.490300
1999 0.000000
2000 2.282814
2001 2.009565
2002 0.000000
2003 2.334276
2004 1.946566
2005 0.000000
2006 1.814651
2007 2.838435
2008 0.000000
2009 2.533496
2010 0.000000
2011 2.888052
2012 1.898978
2013 0.000000
2014 2.660657
2015 1.917551
2016 0.000000
2017 2.199632
2018 3.165333
2019 0.000000
2020 2.131422
2021 0.000000
2022 2.685817
2023 2.009792
2024 0.000000
2025 2.186935
2026 2.162352
2027 0.000000
2028 2.082569
2029 2.119572
2030 0.000000
2031 2.653007
2032 0.000000
2033 5.692286
2034 7.978645
2035 0.000000
2036 13.058713
2037 3.095759
2038 0.000000
2039 5.458491
2040 3.377804
2041 0.000000
2042 5.355847
2043 0.000000
2044 5.854031
2045 3.628815
2046 0.000000
2047 1.898239
2048 4.263505
2049 0.000000
2050 3.953302
2051 4.061799
2052 0.000000
2053 3.959333
2054 0.000000
2055 4.844457
2056 5.542572
2057 0.000000
2058 4.587456
2059 2.280198
2060 0.000000
2061 2.870905
2062 4.567694
2063 0.000000
2064 3.576112
2065 0.000000
2066 2.222573
2067 2.956818
2068 0.000000
2069 2.964570
2070 2.003489
2071 0.000000
2072 1.728508
2073 2.809068
2074 0.000000
2075 2.859205
2076 0.000000
2077 2.079274
2078 2.217309
2079 0.000000
2080 2.929177
2081 4.731379
2082 0.000000
2083 3.297992
2084 5.165770
2085 0.000000
2086 4.103869
2087 0.000000
2088 5.296992
2089 3.905796
2090 0.000000
2091 4.863417
2092 2.609205
2093 0.000000
2094 2.969494
2095 3.313254
2096 0.000000
2097 2.423644
2098 0.000000
2099 1.878754
2100 2.876609
2101 0.000000
2102 2.433088
2103 2.837366
2104 0.000000
2105 2.150176
2106 3.041877
2107 0.000000
2108 2.474440
2109 0.000000
2110 2.532500
2111 3.533198
2112 0.000000
2113 1.957840
2114 1.995053
2115 0.000000
2116 2.208062
2117 2.400973
2118 0.000000
2119 2.207111
2120 0.000000
2121 2.126005
2122 2.497296
2123 0.000000
2124 2.608921
2125 2.155346
2126 0.000000
2127 3.312580
2128 0.000000
2129 1.899275
2130 3.471434
2131 0.000000
2132 2.160246
2133 2.873548
2134 0.000000
2135 2.103592
2136 2.247184
2137 0.000000
2138 3.329590
2139 0.000000
2140 2.404212
2141 2.185576
2142 0.000000
2143 1.930886
2144 2.701310
2145 0.000000
2146 3.729425
2147 2.833912
2148 0.000000
2149 3.756608
2150 0.000000
2151 3.237073
2152 2.611501
2153 0.000000
2154 2.352485
2155 2.302860
2156 0.000000
2157 2.686584
2158 2.294510
2159 0.000000
2160 3.305922
2161 0.000000
2162 1.999659
2163 2.614785
2164 0.000000
2165 4.541987
2166 3.516209
2167 0.000000
2168 2.487320
2169 1.836468
2170 0.000000
2171 2.801101
2172 0.000000
2173 3.147643
2174 2.136471
2175 0.000000
2176 3.723158
2177 1.951630
2178 0.000000
2179 1.944069
2180 1.805142
2181 0.000000
2182 2.394836
2183 0.000000
2184 2.553497
2185 2.470415
2186 0.000000
2187 2.279080
2188 2.174493
2189 0.000000
2190 2.994146
2191 1.943384
2192 0.000000
2193 2.673212
2194 0.000000
2195 2.347939
2196 2.781643
2197 0.000000
2198 2.308736
2199 1.896809
2200 0.000000
2201 3.034196
2202 2.201230
2203 0.000000
2204 2.296088
2205 0.000000
2206 2.426691
2207 2.692541
2208 0.000000
2209 2.884251
2210 2.044112
2211 0.000000
2212 2.485276
2213 1.983351
2214 0.000000
2215 2.589348
2216 0.000000
2217 2.404681
2218 2.573387
2219 0.000000
2220 2.703556
2221 2.153997
2222 0.000000
2223 2.391358
2224 2.555478
2225 0.000000
2226 2.770296
2227 0.000000
2228 4.058587
2229 3.940781
2230 0.000000
2231 4.040965
2232 3.204337
2233 0.000000
2234 2.159504
2235 2.334089
2236 0.000000
2237 3.591649
2238 0.000000
2239 4.910873
2240 4.161008
2241 0.000000
2242 4.319033
2243 3.402316
2244 0.000000
2245 2.887591
2246 4.069883
2247 0.000000
2248 4.082005
2249 0.000000
2250 3.210569
2251 2.787204
2252 0.000000
2253 4.613777
2254 4.496341
2255 0.000000
2256 3.519874
2257 4.992770
2258 0.000000
2259 5.314551
2260 0.000000
2261 2.358678
2262 3.807043
2263 0.000000
2264 3.017238
2265 3.738284
2266 0.000000
2267 4.147211
2268 3.518708
2269 0.000000
2270 3.669819
2271 0.000000
2272 3.642399
2273 4.253935
2274 0.000000
2275 4.482958
2276 3.191476
2277 0.000000
2278 4.209263
2279 6.136978
2280 0.000000
2281 3.131852
2282 0.000000
2283 6.716896
2284 4.068579
2285 0.000000
2286 2.264412
2287 4.414348
2288 0.000000
2289 3.212578
2290 0.000000
2291 3.419489
2292 3.133850
2293 0.000000
2294 4.923293
2295 4.993825
2296 0.000000
2297 5.377030
2298 4.436458
2299 0.000000
2300 4.696293
2301 0.000000
2302 5.334381
2303 5.930740
2304 0.000000
2305 2.660226
2306 4.128267
2307 0.000000
2308 3.944431
2309 4.522936
2310 0.000000
2311 4.115061
2312 0.000000
2313 5.236950
2314 3.149149
2315 0.000000
2316 5.105690
2317 5.119827
2318 0.000000
2319 2.474467
2320 2.251516
2321 0.000000
2322 3.329069
2323 0.000000
2324 4.201266
2325 2.833509
2326 0.000000
2327 3.636712
2328 3.705218
2329 0.000000
2330 3.896444
2331 4.606799
2332 0.000000
2333 4.022315
2334 0.000000
2335 3.541530
2336 4.525890
2337 0.000000
2338 4.575356
2339 4.287810
2340 0.000000
2341 3.787814
2342 3.181196
2343 0.000000
2344 3.813039
2345 0.000000
2346 3.302381
2347 3.606451
2348 0.000000
2349 2.156719
2350 2.398162
2351 0.000000
2352 2.859719
2353 2.513536
2354 0.000000
2355 3.507002
2356 0.000000
2357 3.269087
2358 4.306302
2359 0.000000
2360 2.728698
2361 3.009461
2362 0.000000
2363 3.523291
2364 2.469329
2365 0.000000
2366 3.088036
2367 0.000000
2368 3.033910
2369 3.426068
2370 0.000000
2371 3.731639
2372 4.917270
2373 0.000000
2374 3.788265
2375 3.622557
2376 0.000000
2377 4.634334
2378 0.000000
2379 3.217618
2380 3.279707
2381 0.000000
2382 3.262674
2383 5.286977
2384 0.000000
2385 3.923503
2386 4.210361
2387 0.000000
2388 5.247409
2389 0.000000
2390 4.675238
2391 4.921614
2392 0.000000
2393 5.029892
2394 5.147317
2395 0.000000
2396 6.100520
2397 5.762056
2398 0.000000
2399 6.829145
2400 0.000000
2401 6.692345
2402 5.880940
2403 0.000000
2404 6.751655
2405 6.409721
2406 0.000000
2407 6.301189
2408 5.631687
2409 0.000000
2410 6.393957
2411 0.000000
2412 6.321480
2413 6.612255
2414 0.000000
2415 6.278576
2416 6.286061
2417 0.000000
2418 6.070219
2419 5.797237
2420 0.000000
2421 6.780861
2422 0.000000
2423 3.771511
2424 7.225843
2425 0.000000
2426 5.511269
2427 5.776298
2428 0.000000
2429 6.214209
2430 6.733864
2431 0.000000
2432 6.571679
2433 0.000000
2434 6.513185
2435 6.406058
2436 0.000000
2437 6.972062
2438 5.577431
2439 0.000000
2440 5.948456
2441 6.047929
2442 0.000000
2443 6.197646
2444 0.000000
2445 6.101201
2446 5.257485
2447 0.000000
2448 6.222296
2449 5.973892
2450 0.000000
2451 3.269070
2452 5.059387
2453 0.000000
2454 5.087315
2455 0.000000
2456 3.089218
2457 6.640922
2458 0.000000
2459 4.535050
2460 6.846225
2461 0.000000
2462 6.564429
2463 6.553770
2464 0.000000
2465 6.605304
2466 0.000000
2467 6.967852
2468 5.508997
2469 0.000000
2470 6.484928
2471 5.368567
2472 0.000000
2473 5.666162
2474 6.506377
2475 0.000000
2476 4.659781
2477 0.000000
2478 6.474978
2479 5.774722
2480 0.000000
2481 4.335821
2482 3.417601
2483 0.000000
2484 4.011045
2485 4.222685
2486 0.000000
2487 6.652444
2488 0.000000
2489 6.664741
2490 6.436239
2491 0.000000
2492 5.905572
2493 4.824628
2494 0.000000
2495 4.464395
2496 3.972198
2497 0.000000
2498 3.873721
2499 0.000000
2500 3.175477
2501 4.308125
2502 0.000000
2503 3.998551
2504 4.425448
2505 0.000000
2506 3.964625
2507 4.842889
2508 0.000000
2509 5.123820
2510 0.000000
2511 3.546517
2512 4.683343
2513 0.000000
2514 3.784530
2515 3.613877
2516 0.000000
2517 3.973023
2518 5.631062
2519 0.000000
2520 6.572803
2521 0.000000
2522 4.556867
2523 4.244350
2524 0.000000
2525 5.529104
2526 6.895228
2527 0.000000
2528 6.801048
2529 7.059880
2530 0.000000
2531 7.548213
2532 0.000000
2533 8.074622
2534 8.449585
2535 0.000000
2536 6.363059
2537 5.132446
2538 0.000000
2539 4.655878
2540 4.116409
2541 0.000000
2542 4.651521
2543 0.000000
2544 6.184550
2545 6.132040
2546 0.000000
2547 5.613231
2548 3.802681
2549 0.000000
2550 6.207341
2551 0.000000
2552 6.899634
2553 6.991497
2554 0.000000
2555 7.289111
2556 7.219520
2557 0.000000
2558 6.684869
2559 6.413146
2560 0.000000
2561 7.172701
2562 0.000000
2563 7.765579
2564 7.320374
2565 0.000000
2566 7.334859
2567 8.402849
2568 0.000000
2569 7.522759
2570 6.566415
2571 0.000000
2572 6.800442
2573 0.000000
2574 7.437750
2575 8.449539
2576 0.000000
2577 7.224022
2578 7.723516
2579 0.000000
2580 7.178478
2581 6.465599
2582 0.000000
2583 7.879175
2584 0.000000
2585 8.505059
2586 7.804045
2587 0.000000
2588 7.453642
2589 7.437473
2590 0.000000
2591 5.301102
2592 5.985184
2593 0.000000
2594 6.258605
2595 0.000000
2596 4.782595
2597 7.156811
2598 0.000000
2599 4.844701
2600 6.698742
2601 0.000000
2602 5.961272
2603 3.851756
2604 0.000000
2605 5.413220
2606 0.000000
2607 7.698916
2608 6.491386
2609 0.000000
2610 6.728466
2611 5.765911
2612 0.000000
2613 6.031613
2614 3.737448
2615 0.000000
2616 5.524690
2617 0.000000
2618 6.934120
2619 4.691956
2620 0.000000
2621 3.767521
2622 4.555150
2623 0.000000
2624 4.792548
2625 2.339484
2626 0.000000
2627 3.518211
2628 0.000000
2629 2.345413
2630 3.118085
2631 0.000000
2632 3.445051
2633 3.057267
2634 0.000000
2635 4.387418
2636 2.620091
2637 0.000000
2638 2.871906
2639 0.000000
2640 4.061615
2641 2.098010
2642 0.000000
2643 2.606091
2644 2.904859
2645 0.000000
2646 2.460228
2647 2.954567
2648 0.000000
2649 4.971640
2650 0.000000
2651 3.785045
2652 3.288644
2653 0.000000
2654 4.346903
2655 2.442277
2656 0.000000
2657 3.610627
2658 2.803018
2659 0.000000
2660 2.942850
2661 0.000000
2662 3.264625
2663 3.028034
2664 0.000000
2665 2.946373
2666 2.845390
2667 0.000000
2668 2.486943
2669 2.621893
2670 0.000000
2671 2.528270
2672 0.000000
2673 2.397850
2674 3.783311
2675 0.000000
2676 3.092561
2677 2.569657
2678 0.000000
2679 3.627170
2680 3.589399
2681 0.000000
2682 3.118725
2683 0.000000
2684 2.617266
2685 2.305904
2686 0.000000
2687 4.583828
2688 2.608704
2689 0.000000
2690 2.787020
2691 2.549164
2692 0.000000
2693 2.608321
2694 0.000000
2695 3.745177
2696 3.096151
2697 0.000000
2698 3.899999
2699 4.565395
2700 0.000000
2701 3.682396
2702 3.599716
2703 0.000000
2704 4.358032
2705 0.000000
2706 7.726991
2707 18.063353
2708 0.000000
2709 7.356908
2710 5.754227
2711 0.000000
2712 5.803602
2713 4.776718
2714 0.000000
2715 5.168543
2716 0.000000
2717 2.764746
2718 3.136840
2719 0.000000
2720 5.636186
2721 2.234483
2722 0.000000
2723 3.621789
2724 4.233613
2725 0.000000
2726 3.672092
2727 0.000000
2728 2.488377
2729 1.954946
2730 0.000000
2731 2.705026
2732 3.096764
2733 0.000000
2734 3.299439
2735 2.939346
2736 0.000000
2737 2.873111
2738 0.000000
2739 3.785434
2740 3.070942
2741 0.000000
2742 2.093551
2743 6.343410
2744 0.000000
2745 3.935221
2746 3.301301
2747 0.000000
2748 2.603401
2749 0.000000
2750 2.070338
2751 2.194867
2752 0.000000
2753 2.109615
2754 2.963334
2755 0.000000
2756 3.008657
2757 2.282286
2758 0.000000
2759 5.030611
2760 0.000000
2761 4.368488
2762 2.344664
2763 0.000000
2764 3.256600
2765 2.656438
2766 0.000000
2767 3.308184
2768 6.114854
2769 0.000000
2770 6.104825
2771 0.000000
2772 2.749948
2773 2.473131
2774 0.000000
2775 2.725195
2776 3.028799
2777 0.000000
2778 3.799090
2779 3.477539
2780 0.000000
2781 6.422872
2782 0.000000
2783 4.515935
2784 3.949962
2785 0.000000
2786 4.620982
2787 5.179424
2788 0.000000
2789 4.121216
2790 5.788620
2791 0.000000
2792 5.112873
2793 0.000000
2794 4.986142
2795 6.314059
2796 0.000000
2797 5.763803
2798 2.183174
2799 0.000000
2800 2.606071
2801 3.311940
2802 0.000000
2803 4.987597
2804 0.000000
2805 4.557532
2806 4.932721
2807 0.000000
2808 6.170821
2809 3.885536
2810 0.000000
2811 4.961923
2812 2.632107
2813 0.000000
2814 3.060450
2815 0.000000
2816 5.143132
2817 3.334562
2818 0.000000
2819 3.514171
2820 4.139673
2821 0.000000
2822 3.385484
2823 2.687562
2824 0.000000
2825 3.514396
2826 0.000000
2827 2.671576
2828 3.483360
2829 0.000000
2830 3.959555
2831 2.365655
2832 0.000000
2833 4.648268
2834 6.987975
2835 0.000000
2836 2.872888
2837 0.000000
2838 3.005429
2839 3.213139
2840 0.000000
2841 2.667974
2842 3.040394
2843 0.000000
2844 2.721983
2845 2.686319
2846 0.000000
2847 2.991472
2848 0.000000
2849 2.752044
2850 2.493516
2851 0.000000
2852 3.030228
2853 2.459566
2854 0.000000
2855 2.793202
2856 3.423899
2857 0.000000
2858 3.375789
2859 0.000000
2860 2.813084
2861 2.783362
2862 0.000000
2863 2.926635
2864 4.969851
2865 0.000000
2866 3.391489
2867 3.357913
2868 0.000000
2869 4.497864
2870 0.000000
2871 3.864534
2872 3.342345
2873 0.000000
2874 3.847248
2875 2.449899
2876 0.000000
2877 2.428423
2878 3.186432
2879 0.000000
2880 3.406549
2881 0.000000
2882 2.920395
2883 3.526021
2884 0.000000
2885 2.791568
2886 2.557012
2887 0.000000
2888 2.510073
2889 0.000000
2890 2.782265
2891 2.284726
2892 0.000000
2893 2.484169
2894 2.839587
2895 0.000000
2896 3.460037
2897 2.181059
2898 0.000000
2899 3.396593
2900 0.000000
2901 2.643913
2902 2.429036
2903 0.000000
2904 3.080009
2905 2.922766
2906 0.000000
2907 2.196774
2908 2.736745
2909 0.000000
2910 3.306718
2911 0.000000
2912 2.724660
2913 3.268974
2914 0.000000
2915 2.550686
2916 3.176512
2917 0.000000
2918 2.148337
2919 1.985072
2920 0.000000
2921 2.782609
2922 0.000000
2923 2.570522
2924 2.719390
2925 0.000000
2926 4.965241
2927 2.981775
2928 0.000000
2929 3.702784
2930 3.224013
2931 0.000000
2932 2.219128
2933 0.000000
2934 3.698108
2935 4.039956
2936 0.000000
2937 2.675324
2938 2.876048
2939 0.000000
2940 2.153496
2941 2.437978
2942 0.000000
2943 2.114566
2944 0.000000
2945 2.745630
2946 3.454636
2947 0.000000
2948 4.468227
2949 3.349015
2950 0.000000
2951 4.811461
2952 8.718228
2953 0.000000
2954 19.303568
2955 0.000000
2956 4.507138
2957 5.809153
2958 0.000000
2959 4.624919
2960 3.124957
2961 0.000000
2962 2.728161
2963 2.596353
2964 0.000000
2965 4.947890
2966 0.000000
2967 5.628038
2968 4.227737
2969 0.000000
2970 5.461343
2971 4.710408
2972 0.000000
2973 5.150751
2974 2.377259
2975 0.000000
2976 2.478417
2977 0.000000
2978 4.795670
2979 5.826718
2980 0.000000
2981 3.942126
2982 5.885364
2983 0.000000
2984 2.603421
2985 3.502397
2986 0.000000
2987 4.406485
2988 0.000000
2989 2.543750
2990 2.108773
2991 0.000000
2992 3.648715
2993 2.817638
2994 0.000000
2995 3.846959
2996 5.017980
2997 0.000000
2998 3.226111
2999 0.000000
3000 3.242732
3001 2.099250
3002 0.000000
3003 2.582998
3004 4.876441
3005 0.000000
3006 2.709517
3007 2.309815
3008 0.000000
3009 4.183104
3010 0.000000
3011 2.985945
3012 2.448440
3013 0.000000
3014 3.255098
3015 2.499014
3016 0.000000
3017 3.119378
3018 5.509933
3019 0.000000
3020 2.586180
3021 0.000000
3022 1.986377
3023 2.691388
3024 0.000000
3025 3.314177
3026 4.049483
3027 0.000000
3028 3.624400
3029 2.953276
3030 0.000000
3031 2.905727
3032 0.000000
3033 3.839209
3034 3.546126
3035 0.000000
3036 2.300376
3037 2.675522
3038 0.000000
3039 2.868366
3040 2.711330
3041 0.000000
3042 3.274173
3043 0.000000
3044 3.701063
3045 2.695209
3046 0.000000
3047 2.439521
3048 2.326975
3049 0.000000
3050 2.731623
3051 2.464517
3052 0.000000
3053 3.442904
3054 0.000000
3055 4.046156
3056 5.147386
3057 0.000000
3058 4.979825
3059 4.546982
3060 0.000000
3061 2.447870
3062 2.640843
3063 0.000000
3064 3.180940
3065 0.000000
3066 2.602322
3067 3.502109
3068 0.000000
3069 3.998328
3070 4.095037
3071 0.000000
3072 2.367419
3073 2.545587
3074 0.000000
3075 2.834563
3076 0.000000
3077 3.485606
3078 3.702780
3079 0.000000
3080 2.787452
3081 2.705716
3082 0.000000
3083 3.954848
3084 2.054769
3085 0.000000
3086 2.465299
3087 0.000000
3088 1.983527
3089 3.039420
3090 0.000000
3091 3.072352
3092 4.289131
3093 0.000000
3094 4.503959
3095 2.860147
3096 0.000000
3097 2.545860
3098 0.000000
3099 3.918884
3100 3.873552
3101 0.000000
3102 2.702343
3103 3.830317
3104 0.000000
3105 2.159028
3106 3.962186
3107 0.000000
3108 3.582391
3109 0.000000
3110 3.347155
3111 2.491830
3112 0.000000
3113 3.831594
3114 2.689996
3115 0.000000
3116 3.555467
3117 2.906932
3118 0.000000
3119 3.596873
3120 0.000000
3121 3.165142
3122 2.303259
3123 0.000000
3124 2.491816
3125 2.507064
3126 0.000000
3127 2.610876
3128 2.855926
3129 0.000000
3130 3.672058
3131 0.000000
3132 3.008945
3133 4.667104
3134 0.000000
3135 3.099528
3136 3.760696
3137 0.000000
3138 2.883460
3139 2.552067
3140 0.000000
3141 3.215345
3142 0.000000
3143 3.101947
3144 2.086091
3145 0.000000
3146 4.562514
3147 2.470234
3148 0.000000
3149 2.900275
3150 4.172302
3151 0.000000
3152 4.858693
3153 0.000000
3154 4.712102
3155 4.759731
3156 0.000000
3157 4.900903
3158 4.129811
3159 0.000000
3160 2.062142
3161 3.034726
3162 0.000000
3163 2.810106
3164 0.000000
3165 2.445454
3166 4.559263
3167 0.000000
3168 3.103968
3169 5.112200
3170 0.000000
3171 2.187708
3172 2.311556
3173 0.000000
3174 2.477034
3175 0.000000
3176 2.938692
3177 1.996511
3178 0.000000
3179 4.639582
3180 4.878815
3181 0.000000
3182 3.772885
3183 3.062385
3184 0.000000
3185 2.864088
3186 0.000000
3187 4.497882
3188 5.367014
3189 0.000000
3190 4.950135
3191 3.595739
3192 0.000000
3193 4.117763
3194 3.140256
3195 0.000000
3196 3.065879
3197 0.000000
3198 4.172664
3199 4.349260
3200 0.000000
3201 4.094771
3202 3.137459
3203 0.000000
3204 3.048801
3205 3.232260
3206 0.000000
3207 4.494106
3208 0.000000
3209 6.341803
3210 6.899014
3211 0.000000
3212 5.646412
3213 2.981821
3214 0.000000
3215 4.563458
3216 3.522295
3217 0.000000
3218 4.954289
3219 0.000000
3220 4.779681
3221 5.333834
3222 0.000000
3223 5.120667
3224 5.922702
3225 0.000000
3226 11.915369
3227 20.823444
3228 0.000000
3229 4.893275
3230 0.000000
3231 4.119688
3232 3.348253
3233 0.000000
3234 3.703094
3235 3.807154
3236 0.000000
3237 3.272625
3238 4.506324
3239 0.000000
3240 3.267625
3241 0.000000
3242 2.825213
3243 4.302644
3244 0.000000
3245 4.330817
3246 5.540709
3247 0.000000
3248 4.844505
3249 4.817452
3250 0.000000
3251 4.594260
3252 0.000000
3253 6.870449
3254 5.944693
3255 0.000000
3256 4.916641
3257 4.427303
3258 0.000000
3259 4.830654
3260 4.331073
3261 0.000000
3262 3.231384
3263 0.000000
3264 6.046724
3265 4.154604
3266 0.000000
3267 7.331627
3268 5.208001
3269 0.000000
3270 4.960037
3271 2.991513
3272 0.000000
3273 3.762184
3274 0.000000
3275 4.518904
3276 6.834806
3277 0.000000
3278 6.700911
3279 2.913006
3280 0.000000
3281 2.686302
3282 4.379207
3283 0.000000
3284 4.693223
3285 0.000000
3286 3.886627
3287 3.281047
3288 0.000000
3289 3.931549
3290 4.340391
3291 0.000000
3292 3.786425
3293 4.339096
3294 0.000000
3295 3.245926
3296 0.000000
3297 3.024474
3298 3.330074
3299 0.000000
3300 2.767301
3301 3.798381
3302 0.000000
3303 3.323316
3304 3.699413
3305 0.000000
3306 3.817165
3307 0.000000
3308 4.279067
3309 3.464150
3310 0.000000
3311 4.583086
3312 4.128193
3313 0.000000
3314 2.602796
3315 3.730831
3316 0.000000
3317 2.795210
3318 0.000000
3319 3.766152
3320 4.901609
3321 0.000000
3322 4.465410
3323 3.043516
3324 0.000000
3325 3.888029
3326 2.828673
3327 0.000000
3328 3.182327
3329 0.000000
3330 4.927860
3331 3.107249
3332 0.000000
3333 3.291017
3334 2.479648
3335 0.000000
3336 3.361384
3337 2.981717
3338 0.000000
3339 3.822092
3340 0.000000
3341 4.143824
3342 3.768347
3343 0.000000
3344 4.340509
3345 3.615864
3346 0.000000
3347 2.607231
3348 4.694492
3349 0.000000
3350 3.465141
3351 0.000000
3352 3.805936
3353 5.842748
3354 0.000000
3355 3.705098
3356 4.030405
3357 0.000000
3358 2.992753
3359 3.045271
3360 0.000000
3361 3.557191
3362 0.000000
3363 3.886196
3364 4.798277
3365 0.000000
3366 4.273261
3367 4.245352
3368 0.000000
3369 4.202307
3370 4.167298
3371 0.000000
3372 3.850294
3373 0.000000
3374 5.703272
3375 3.531256
3376 0.000000
3377 4.783985
3378 3.424648
3379 0.000000
3380 3.530164
3381 3.277646
3382 0.000000
3383 4.002586
3384 0.000000
3385 3.128136
3386 3.443432
3387 0.000000
3388 3.105329
3389 2.796961
3390 0.000000
3391 4.109054
3392 4.736468
3393 0.000000
3394 5.702454
3395 0.000000
3396 7.819151
3397 8.754750
3398 0.000000
3399 5.057697
3400 6.262842
3401 0.000000
3402 4.208486
3403 0.000000
3404 3.356814
3405 5.367308
3406 0.000000
3407 2.936551
3408 5.169536
3409 0.000000
3410 5.163398
3411 2.599153
3412 0.000000
3413 5.075080
3414 0.000000
3415 6.995947
3416 5.700605
3417 0.000000
3418 8.595959
3419 14.483721
3420 0.000000
3421 20.132508
3422 7.382909
3423 0.000000
3424 7.299804
3425 0.000000
3426 7.111641
3427 3.451889
3428 0.000000
3429 7.402275
3430 3.375080
3431 0.000000
3432 4.403685
3433 4.496359
3434 0.000000
3435 3.639777
3436 0.000000
3437 6.511152
3438 4.766025
3439 0.000000
3440 4.273407
3441 4.631332
3442 0.000000
3443 3.331332
3444 2.738868
3445 0.000000
3446 4.421463
3447 0.000000
3448 2.937163
3449 4.178116
3450 0.000000
3451 3.390296
3452 3.540662
3453 0.000000
3454 4.527911
3455 2.543686
3456 0.000000
3457 5.165975
3458 0.000000
3459 4.074590
3460 6.211629
3461 0.000000
3462 6.024157
3463 4.629818
3464 0.000000
3465 3.567007
3466 3.792131
3467 0.000000
3468 3.739919
3469 0.000000
3470 4.118323
3471 3.089688
3472 0.000000
3473 2.327051
3474 4.097459
3475 0.000000
3476 2.955760
3477 4.081150
3478 0.000000
3479 3.319374
3480 0.000000
3481 2.306277
3482 4.254676
3483 0.000000
3484 2.524996
3485 2.528637
3486 0.000000
3487 2.675363
3488 2.483071
3489 0.000000
3490 3.783839
3491 0.000000
3492 2.293366
3493 1.895081
3494 0.000000
3495 2.909056
3496 2.385886
3497 0.000000
3498 3.833170
3499 2.357495
3500 0.000000
3501 2.477163
3502 0.000000
3503 2.400020
3504 3.465211
3505 0.000000
3506 2.628833
3507 3.313071
3508 0.000000
3509 2.609744
3510 3.899594
3511 0.000000
3512 4.756224
3513 0.000000
3514 3.662323
3515 5.174463
3516 0.000000
3517 3.035193
3518 2.503746
3519 0.000000
3520 2.880227
3521 1.918904
3522 0.000000
3523 2.832240
3524 0.000000
3525 3.879265
3526 2.699334
3527 0.000000
3528 2.793361
3529 3.252764
3530 0.000000
3531 2.873772
3532 3.512150
3533 0.000000
3534 3.709297
3535 0.000000
3536 3.249744
3537 4.078901
3538 0.000000
3539 4.151151
3540 2.965724
3541 0.000000
3542 3.224389
3543 3.061025
3544 0.000000
3545 3.911952
3546 0.000000
3547 3.318917
3548 3.408109
3549 0.000000
3550 4.236729
3551 3.027506
3552 0.000000
3553 2.135784
3554 2.864752
3555 0.000000
3556 3.732944
3557 0.000000
3558 5.087032
3559 3.777928
3560 0.000000
3561 3.469899
3562 3.565136
3563 0.000000
3564 4.276979
3565 5.073488
3566 0.000000
3567 4.454941
3568 0.000000
3569 3.256521
3570 3.367067
3571 0.000000
3572 2.904811
3573 2.278694
3574 0.000000
3575 3.352051
3576 3.129870
3577 0.000000
3578 4.449512
3579 0.000000
3580 4.520173
3581 3.506768
3582 0.000000
3583 2.947121
3584 2.985312
3585 0.000000
3586 3.521492
3587 2.972422
3588 0.000000
3589 3.329308
3590 0.000000
3591 2.760598
3592 3.287729
3593 0.000000
3594 2.438309
3595 2.088797
3596 0.000000
3597 2.181255
3598 2.374734
3599 0.000000
3600 2.987260
3601 0.000000
3602 3.239748
3603 2.747324
3604 0.000000
3605 3.746829
3606 2.852380
3607 0.000000
3608 2.853273
3609 3.095928
3610 0.000000
3611 3.711047
3612 0.000000
3613 3.007561
3614 2.893213
3615 0.000000
3616 3.590584
3617 3.021408
3618 0.000000
3619 2.768512
3620 4.656739
3621 0.000000
3622 5.294133
3623 0.000000
3624 6.395200
3625 3.415966
3626 0.000000
3627 3.916175
3628 3.268438
3629 0.000000
3630 2.372425
3631 2.407043
3632 0.000000
3633 4.265568
3634 0.000000
3635 2.826566
3636 3.213636
3637 0.000000
3638 3.816050
3639 3.561989
3640 0.000000
3641 3.638697
3642 3.810611
3643 0.000000
3644 4.267456
3645 0.000000
3646 3.129058
3647 5.042029
3648 0.000000
3649 4.511405
3650 4.309991
3651 0.000000
3652 4.507311
3653 4.807343
3654 0.000000
3655 4.663089
3656 0.000000
3657 4.527650
3658 5.079816
3659 0.000000
3660 3.443581
3661 3.419261
3662 0.000000
3663 2.466113
3664 3.151436
3665 0.000000
3666 2.628337
3667 0.000000
3668 3.715593
3669 3.127348
3670 0.000000
3671 4.156100
3672 2.423218
3673 0.000000
3674 3.692921
3675 3.067524
3676 0.000000
3677 3.499056
3678 0.000000
3679 3.401656
3680 5.319483
3681 0.000000
3682 4.476633
3683 4.901487
3684 0.000000
3685 3.986158
3686 5.194799
3687 0.000000
3688 5.053339
3689 0.000000
3690 5.006601
3691 4.859646
3692 0.000000
3693 3.722854
3694 3.209100
3695 0.000000
3696 2.447365
3697 2.779625
3698 0.000000
3699 2.780940
3700 0.000000
3701 4.701966
3702 2.436618
3703 0.000000
3704 2.386423
3705 4.098271
3706 0.000000
3707 2.614268
3708 3.359178
3709 0.000000
3710 2.563403
3711 0.000000
3712 2.922781
3713 3.315173
3714 0.000000
3715 2.896423
3716 2.330847
3717 0.000000
3718 3.332623
3719 4.033629
3720 0.000000
3721 3.058689
3722 0.000000
3723 2.935376
3724 3.428977
3725 0.000000
3726 2.733967
3727 2.338597
3728 0.000000
3729 2.498349
3730 0.000000
3731 2.841504
3732 3.805815
3733 0.000000
3734 3.199762
3735 3.823029
3736 0.000000
3737 2.986913
3738 3.094488
3739 0.000000
3740 4.367724
3741 0.000000
3742 3.920734
3743 5.952270
3744 0.000000
3745 3.764256
3746 3.719920
3747 0.000000
3748 4.403648
3749 5.862068
3750 0.000000
3751 3.755469
3752 0.000000
3753 5.083673
3754 3.423759
3755 0.000000
3756 5.150076
3757 5.766684
3758 0.000000
3759 6.229588
3760 4.959786
3761 0.000000
3762 4.928164
3763 0.000000
3764 4.937792
3765 4.469305
3766 0.000000
3767 3.549112
3768 3.821094
3769 0.000000
3770 3.977030
3771 2.962805
3772 0.000000
3773 3.423435
3774 0.000000
3775 3.475291
3776 2.994602
3777 0.000000
3778 3.692879
3779 3.692783
3780 0.000000
3781 3.212989
3782 3.329998
3783 0.000000
3784 3.175651
3785 0.000000
3786 3.369113
3787 5.380263
3788 0.000000
3789 3.619533
3790 5.555301
3791 0.000000
3792 3.399161
3793 4.147477
3794 0.000000
3795 3.965213
3796 0.000000
3797 4.578376
3798 7.030051
3799 0.000000
3800 11.421525
3801 19.131842
3802 0.000000
3803 8.629391
3804 5.325251
3805 0.000000
3806 4.000172
3807 0.000000
3808 3.452209
3809 4.059754
3810 0.000000
3811 3.740352
3812 4.147770
3813 0.000000
3814 4.180068
3815 3.762442
3816 0.000000
3817 4.884148
3818 0.000000
3819 5.532191
3820 4.602200
3821 0.000000
3822 3.891939
3823 4.085467
3824 0.000000
3825 3.186692
3826 4.707154
3827 0.000000
3828 4.708440
3829 0.000000
3830 4.854428
3831 5.062991
3832 0.000000
3833 6.741974
3834 7.166982
3835 0.000000
3836 7.144639
3837 7.734669
3838 0.000000
3839 9.464972
3840 0.000000
3841 10.677204
3842 12.261589
3843 0.000000
3844 12.645928
3845 12.136416
3846 0.000000
3847 11.502843
3848 8.062251
3849 0.000000
3850 7.387734
3851 0.000000
3852 4.949990
3853 3.534210
3854 0.000000
3855 2.820964
3856 3.770492
3857 0.000000
3858 3.515510
3859 4.124935
3860 0.000000
3861 4.657150
3862 0.000000
3863 3.411887
3864 3.931624
3865 0.000000
3866 3.286536
3867 4.320550
3868 0.000000
3869 5.867748
3870 8.133119
3871 0.000000
3872 8.725475
3873 0.000000
3874 8.728742
3875 8.428228
3876 0.000000
3877 7.469848
3878 7.340543
3879 0.000000
3880 6.748923
3881 7.188017
3882 0.000000
3883 7.549644
3884 0.000000
3885 8.070173
3886 8.760721
3887 0.000000
3888 8.602487
3889 6.483596
3890 0.000000
3891 4.624787
3892 3.729477
3893 0.000000
3894 4.141915
3895 0.000000
3896 3.696386
3897 4.796060
3898 0.000000
3899 5.149015
3900 5.546714
3901 0.000000
3902 4.142227
3903 3.388670
3904 0.000000
3905 3.280586
3906 0.000000
3907 5.227724
3908 5.341977
3909 0.000000
3910 5.784519
3911 3.529707
3912 0.000000
3913 2.780011
3914 2.940754
3915 0.000000
3916 4.114460
3917 0.000000
3918 5.040210
3919 3.827775
3920 0.000000
3921 3.887566
3922 3.888846
3923 0.000000
3924 3.500050
3925 4.811082
3926 0.000000
3927 3.671182
3928 0.000000
3929 3.714115
3930 3.470533
3931 0.000000
3932 5.961158
3933 3.970630
3934 0.000000
3935 4.001593
3936 3.508326
3937 0.000000
3938 4.841356
3939 0.000000
3940 4.649985
3941 4.865492
3942 0.000000
3943 4.478306
3944 3.736085
3945 0.000000
3946 3.717655
3947 4.624852
3948 0.000000
3949 4.149129
3950 0.000000
3951 5.510885
3952 4.798160
3953 0.000000
3954 4.080803
3955 4.283704
3956 0.000000
3957 5.532176
3958 4.526549
3959 0.000000
3960 3.467675
3961 0.000000
3962 4.836670
3963 5.944650
3964 0.000000
3965 5.795823
3966 4.615896
3967 0.000000
3968 6.042207
3969 5.772770
3970 0.000000
3971 6.502173
3972 0.000000
3973 7.798761
3974 30.417792
3975 0.000000
3976 29.348041
3977 8.202310
3978 0.000000
3979 6.986538
3980 5.541571
3981 0.000000
3982 4.843650
3983 0.000000
3984 4.888071
3985 5.363559
3986 0.000000
3987 5.464224
3988 2.926370
3989 0.000000
3990 4.841713
3991 2.983775
3992 0.000000
3993 6.590714
3994 0.000000
3995 4.722283
3996 2.952950
3997 0.000000
3998 6.072044
3999 4.042232
4000 0.000000
4001 5.492146
4002 5.902166
4003 0.000000
4004 3.659030
4005 0.000000
4006 5.568141
4007 2.942053
4008 0.000000
4009 4.508960
4010 3.473292
4011 0.000000
4012 2.945955
4013 3.790338
4014 0.000000
4015 5.456500
4016 0.000000
4017 2.575392
4018 4.225781
4019 0.000000
4020 3.570902
4021 3.063733
4022 0.000000
4023 4.912555
4024 3.991343
4025 0.000000
4026 5.221221
4027 0.000000
4028 6.155803
4029 6.867465
4030 0.000000
4031 6.589624
4032 4.480589
4033 0.000000
4034 4.586591
4035 4.312667
4036 0.000000
4037 4.582909
4038 0.000000
4039 5.160505
4040 3.001135
4041 0.000000
4042 5.071938
4043 5.882137
4044 0.000000
4045 5.930107
4046 0.000000
4047 5.117436
4048 5.226748
4049 0.000000
4050 3.632730
4051 5.876066
4052 0.000000
4053 4.884887
4054 4.384201
4055 0.000000
4056 6.122664
4057 0.000000
4058 6.440443
4059 7.382434
4060 0.000000
4061 5.699757
4062 5.689367
4063 0.000000
4064 6.490112
4065 6.655049
4066 0.000000
4067 7.523078
4068 0.000000
4069 7.611611
4070 7.959986
4071 0.000000
4072 8.189738
4073 7.119165
4074 0.000000
4075 7.391472
4076 7.853882
4077 0.000000
4078 7.538156
4079 0.000000
4080 8.091540
4081 7.929816
4082 0.000000
4083 7.600598
4084 7.334941
4085 0.000000
4086 6.620088
4087 6.031431
4088 0.000000
4089 7.317185
4090 0.000000
4091 7.822178
4092 8.200545
4093 0.000000
4094 7.611476
4095 8.120916
4096 0.000000
4097 7.834897
4098 8.504471
4099 0.000000
4100 8.126032
4101 0.000000
4102 8.501207
4103 7.678453
4104 0.000000
4105 8.734880
4106 8.578384
4107 0.000000
4108 7.536980
4109 7.011633
4110 0.000000
4111 7.532476
4112 0.000000
4113 6.850284
4114 8.816899
4115 0.000000
4116 8.554963
4117 8.488665
4118 0.000000
4119 7.364819
4120 5.584231
4121 0.000000
4122 6.591920
4123 0.000000
4124 7.584456
4125 8.145990
4126 0.000000
4127 7.673754
4128 7.535748
4129 0.000000
4130 7.001233
4131 6.866942
4132 0.000000
4133 7.842650
4134 0.000000
4135 8.850576
4136 9.405275
4137 0.000000
4138 8.277554
4139 7.444164
4140 0.000000
4141 7.137632
4142 7.196893
4143 0.000000
4144 7.729681
4145 0.000000
4146 8.388460
4147 8.382400
4148 0.000000
4149 8.363261
4150 8.227066
4151 0.000000
4152 8.305605
4153 8.861375
4154 0.000000
4155 9.226894
4156 0.000000
4157 9.199730
4158 7.909297
4159 0.000000
4160 6.608466
4161 7.912032
4162 0.000000
4163 8.021020
4164 8.327154
4165 0.000000
4166 9.885100
4167 0.000000
4168 9.765764
4169 8.623531
4170 0.000000
4171 6.990323
4172 6.266674
4173 0.000000
4174 7.755106
4175 7.246592
4176 0.000000
4177 8.150653
4178 0.000000
4179 8.893697
4180 7.057966
4181 0.000000
4182 6.329963
4183 6.006933
4184 0.000000
4185 5.391771
4186 6.013629
4187 0.000000
4188 5.364119
4189 0.000000
4190 6.305634
4191 4.913603
4192 0.000000
4193 5.057336
4194 6.218501
4195 0.000000
4196 5.283440
4197 4.418113
4198 0.000000
4199 15.205238
4200 0.000000
4201 7.948176
4202 7.974636
4203 0.000000
4204 4.779722
4205 4.332112
4206 0.000000
4207 3.926872
4208 2.791418
4209 0.000000
4210 3.626965
4211 0.000000
4212 3.838140
4213 2.269005
4214 0.000000
4215 3.451091
4216 4.693530
4217 0.000000
4218 2.002046
4219 2.820335
4220 0.000000
4221 5.236663
4222 0.000000
4223 3.873025
4224 3.842939
4225 0.000000
4226 3.226702
4227 2.335883
4228 0.000000
4229 4.179637
4230 2.195684
4231 0.000000
4232 2.402421
4233 0.000000
4234 2.173477
4235 1.910249
4236 0.000000
4237 3.315525
4238 2.332513
4239 0.000000
4240 1.879058
4241 2.105709
4242 0.000000
4243 2.832683
4244 0.000000
4245 3.763801
4246 2.027415
4247 0.000000
4248 4.151518
4249 3.280133
4250 0.000000
4251 2.267822
4252 2.445647
4253 0.000000
4254 2.535668
4255 0.000000
4256 2.700938
4257 2.860543
4258 0.000000
4259 3.074239
4260 2.326300
4261 0.000000
4262 3.967286
4263 3.400772
4264 0.000000
4265 3.106708
4266 0.000000
4267 2.597555
4268 3.097890
4269 0.000000
4270 6.085699
4271 4.866497
4272 0.000000
4273 5.769400
4274 4.815215
4275 0.000000
4276 2.856666
4277 0.000000
4278 5.680361
4279 4.472679
4280 0.000000
4281 5.605991
4282 6.657766
4283 0.000000
4284 4.365364
4285 2.491546
4286 0.000000
4287 2.714539
4288 0.000000
4289 2.722934
4290 3.939513
4291 0.000000
4292 3.070870
4293 2.921405
4294 0.000000
4295 2.869927
4296 2.939987
4297 0.000000
4298 4.559230
4299 0.000000
4300 2.444545
4301 2.619475
4302 0.000000
4303 3.056800
4304 2.135757
4305 0.000000
4306 2.555173
4307 4.155698
4308 0.000000
4309 3.972915
4310 0.000000
4311 2.624235
4312 2.748487
4313 0.000000
4314 2.596717
4315 3.131252
4316 0.000000
4317 4.950497
4318 3.042703
4319 0.000000
4320 4.029200
4321 0.000000
4322 4.260777
4323 2.458001
4324 0.000000
4325 3.140283
4326 3.430435
4327 0.000000
4328 3.588297
4329 2.820598
4330 0.000000
4331 7.262271
4332 0.000000
4333 6.755051
4334 5.218438
4335 0.000000
4336 4.063356
4337 2.996019
4338 0.000000
4339 2.877857
4340 3.303986
4341 0.000000
4342 4.476817
4343 0.000000
4344 7.520380
4345 3.606020
4346 0.000000
4347 2.548651
4348 2.261410
4349 0.000000
4350 3.089136
4351 3.664581
4352 0.000000
4353 6.135301
4354 0.000000
4355 4.026692
4356 2.574804
4357 0.000000
4358 3.537000
4359 2.947908
4360 0.000000
4361 2.388628
4362 2.533223
4363 0.000000
4364 2.795554
4365 0.000000
4366 2.940456
4367 4.522822
4368 0.000000
4369 2.113934
4370 3.030877
4371 0.000000
4372 2.741150
4373 3.959485
4374 0.000000
4375 2.323217
4376 0.000000
4377 5.184748
4378 2.747957
4379 0.000000
4380 2.643074
4381 3.875570
4382 0.000000
4383 2.850575
4384 5.393897
4385 0.000000
4386 5.703416
4387 0.000000
4388 3.302845
4389 4.620433
4390 0.000000
4391 3.458165
4392 5.487025
4393 0.000000
4394 4.842199
4395 0.000000
4396 6.113244
4397 5.375153
4398 0.000000
4399 3.280851
4400 6.312257
4401 0.000000
4402 4.280562
4403 5.391659
4404 0.000000
4405 4.893559
4406 0.000000
4407 4.487647
4408 5.893191
4409 0.000000
4410 5.054701
4411 7.554412
4412 0.000000
4413 4.852890
4414 5.844798
4415 0.000000
4416 4.072172
4417 0.000000
4418 3.638915
4419 6.914072
4420 0.000000
4421 4.835263
4422 4.108588
4423 0.000000
4424 5.031325
4425 2.190109
4426 0.000000
4427 3.985997
4428 0.000000
4429 3.798067
4430 2.778531
4431 0.000000
4432 2.784635
4433 3.623695
4434 0.000000
4435 3.507292
4436 3.725064
4437 0.000000
4438 2.906334
4439 0.000000
4440 2.872611
4441 3.198405
4442 0.000000
4443 5.028418
4444 6.421162
4445 0.000000
4446 2.401171
4447 2.200825
4448 0.000000
4449 3.359656
4450 0.000000
4451 3.647301
4452 4.795928
4453 0.000000
4454 5.501482
4455 6.588592
4456 0.000000
4457 3.897509
4458 3.520098
4459 0.000000
4460 4.004752
4461 0.000000
4462 4.495083
4463 3.153225
4464 0.000000
4465 5.412027
4466 4.439264
4467 0.000000
4468 5.534253
4469 3.485759
4470 0.000000
4471 3.677646
4472 0.000000
4473 2.526127
4474 4.580744
4475 0.000000
4476 5.195441
4477 5.206686
4478 0.000000
4479 2.683763
4480 3.193965
4481 0.000000
4482 3.597541
4483 0.000000
4484 5.249089
4485 4.967748
4486 0.000000
4487 2.679588
4488 3.032696
4489 0.000000
4490 2.217073
4491 2.344609
4492 0.000000
4493 3.131036
4494 0.000000
4495 4.007550
4496 2.281142
4497 0.000000
4498 5.241507
4499 3.288210
4500 0.000000
4501 3.411503
4502 5.080846
4503 0.000000
4504 6.841014
4505 0.000000
4506 6.455458
4507 5.048328
4508 0.000000
4509 5.385763
4510 3.529542
4511 0.000000
4512 6.500538
4513 4.947785
4514 0.000000
4515 7.527126
4516 0.000000
4517 5.514093
4518 6.390471
4519 0.000000
4520 8.337052
4521 7.697130
4522 0.000000
4523 6.933864
4524 5.720676
4525 0.000000
4526 7.235130
4527 0.000000
4528 7.637461
4529 4.723380
4530 0.000000
4531 6.978151
4532 3.642920
4533 0.000000
4534 3.359719
4535 2.591910
4536 0.000000
4537 5.222766
4538 0.000000
4539 5.442450
4540 2.373329
4541 0.000000
4542 3.773625
4543 4.698788
4544 0.000000
4545 2.616675
4546 2.335459
4547 0.000000
4548 2.865310
4549 0.000000
4550 4.074746
4551 5.936993
4552 0.000000
4553 3.104658
4554 2.798985
4555 0.000000
4556 2.549423
4557 3.651258
4558 0.000000
4559 4.324219
4560 0.000000
4561 2.397090
4562 4.878008
4563 0.000000
4564 4.113433
4565 2.062683
4566 0.000000
4567 2.718120
4568 3.770668
4569 0.000000
4570 4.378281
4571 0.000000
4572 2.317304
4573 2.298958
4574 0.000000
4575 7.177418
4576 3.136006
4577 0.000000
4578 3.555791
4579 4.756805
4580 0.000000
4581 6.181437
4582 0.000000
4583 5.978201
4584 5.126013
4585 0.000000
4586 7.487126
4587 7.470237
4588 0.000000
4589 29.343166
4590 22.774798
4591 0.000000
4592 3.232121
4593 0.000000
4594 2.786471
4595 2.585237
4596 0.000000
4597 3.477962
4598 2.361966
4599 0.000000
4600 2.085760
4601 2.406282
4602 0.000000
4603 3.338565
4604 0.000000
4605 2.268216
4606 2.413532
4607 0.000000
4608 3.579951
4609 2.725891
4610 0.000000
4611 2.417694
4612 2.502911
4613 0.000000
4614 3.390595
4615 0.000000
4616 2.133126
4617 2.069721
4618 0.000000
4619 2.872155
4620 1.989465
4621 0.000000
4622 1.996945
4623 2.199553
4624 0.000000
4625 3.087760
4626 0.000000
4627 2.628296
4628 2.090157
4629 0.000000
4630 2.976293
4631 2.111232
4632 0.000000
4633 1.972693
4634 1.930771
4635 0.000000
4636 3.194102
4637 0.000000
4638 1.979765
4639 2.056756
4640 0.000000
4641 2.930924
4642 2.387057
4643 0.000000
4644 2.330389
4645 2.732689
4646 0.000000
4647 3.133273
4648 0.000000
4649 2.914830
4650 3.035419
4651 0.000000
4652 3.470639
4653 2.894994
4654 0.000000
4655 2.570050
4656 2.528976
4657 0.000000
4658 2.971724
4659 0.000000
4660 2.370638
4661 2.576805
4662 0.000000
4663 3.174813
4664 2.091234
4665 0.000000
4666 2.100675
4667 2.456112
4668 0.000000
4669 2.665492
4670 0.000000
4671 2.236889
4672 2.469742
4673 0.000000
4674 2.887017
4675 2.073660
4676 0.000000
4677 2.168707
4678 2.429516
4679 0.000000
4680 2.900879
4681 0.000000
4682 2.222637
4683 2.474365
4684 0.000000
4685 2.711506
4686 2.326854
4687 0.000000
4688 2.351902
4689 2.788505
4690 0.000000
4691 2.873521
4692 0.000000
4693 2.700927
4694 2.570247
4695 0.000000
4696 2.656060
4697 2.182773
4698 0.000000
4699 2.084858
4700 2.381775
4701 0.000000
4702 2.369436
4703 0.000000
4704 1.877554
4705 2.278190
4706 0.000000
4707 2.660074
4708 2.237543
4709 0.000000
4710 1.818885
4711 2.454014
4712 0.000000
4713 2.172409
4714 0.000000
4715 1.907922
4716 2.436154
4717 0.000000
4718 2.981021
4719 2.146268
4720 0.000000
4721 2.380591
4722 3.100435
4723 0.000000
4724 2.957320
4725 0.000000
4726 2.786760
4727 3.288769
4728 0.000000
4729 3.046610
4730 2.410334
4731 0.000000
4732 2.206488
4733 2.932107
4734 0.000000
4735 2.147984
4736 0.000000
4737 2.055968
4738 2.801474
4739 0.000000
4740 2.708381
4741 2.536308
4742 0.000000
4743 2.587014
4744 3.037019
4745 0.000000
4746 2.363144
4747 0.000000
4748 2.599367
4749 2.864509
4750 0.000000
4751 2.515531
4752 1.986554
4753 0.000000
4754 2.156067
4755 2.637615
4756 0.000000
4757 2.072333
4758 0.000000
4759 1.985358
4760 3.142977
4761 0.000000
4762 2.321545
4763 2.139769
4764 0.000000
4765 2.134704
4766 2.978656
4767 0.000000
4768 2.095603
4769 0.000000
4770 2.164347
4771 2.532475
4772 0.000000
4773 2.345290
4774 2.141704
4775 0.000000
4776 2.230423
4777 2.961373
4778 0.000000
4779 2.679736
4780 0.000000
4781 2.151208
4782 2.979896
4783 0.000000
4784 2.088776
4785 1.990486
4786 0.000000
4787 2.142740
4788 2.856086
4789 0.000000
4790 2.253502
4791 0.000000
4792 2.413027
4793 3.119898
4794 0.000000
4795 2.348452
4796 2.129180
4797 0.000000
4798 2.181512
4799 2.788579
4800 0.000000
4801 2.222659
4802 0.000000
4803 2.105085
4804 3.638553
4805 0.000000
4806 2.228396
4807 2.127234
4808 0.000000
4809 2.154442
4810 2.301799
4811 0.000000
4812 1.923323
4813 0.000000
4814 1.966040
4815 3.094520
4816 0.000000
4817 1.832282
4818 1.860763
4819 0.000000
4820 2.366053
4821 2.531214
4822 0.000000
4823 1.755889
4824 0.000000
4825 2.117876
4826 3.034072
4827 0.000000
4828 1.645995
4829 1.782731
4830 0.000000
4831 1.654612
4832 1.800550
4833 0.000000
4834 1.891561
4835 0.000000
4836 1.889230
4837 2.270667
4838 0.000000
4839 1.731368
4840 1.551284
4841 0.000000
4842 1.515992
4843 1.798280
4844 0.000000
4845 1.520636
4846 0.000000
4847 1.567750
4848 1.985420
4849 0.000000
4850 1.606388
4851 1.498585
4852 0.000000
4853 1.964376
4854 0.000000
4855 1.524346
4856 1.625422
4857 0.000000
4858 1.692925
4859 1.473053
4860 0.000000
4861 1.826475
4862 1.557202
4863 0.000000
4864 2.036934
4865 0.000000
4866 2.191266
4867 2.149285
4868 0.000000
4869 1.856212
4870 1.823760
4871 0.000000
4872 1.993064
4873 1.951191
4874 0.000000
4875 2.799226
4876 0.000000
4877 2.124254
4878 2.196831
4879 0.000000
4880 2.334285
4881 2.429604
4882 0.000000
4883 1.792883
4884 1.651042
4885 0.000000
4886 2.219459
4887 0.000000
4888 1.783372
4889 1.773513
4890 0.000000
4891 2.167018
4892 2.759290
4893 0.000000
4894 2.179076
4895 2.247796
4896 0.000000
4897 2.088306
4898 0.000000
4899 1.646461
4900 1.687675
4901 0.000000
4902 2.095979
4903 2.151550
4904 0.000000
4905 1.766712
4906 1.679284
4907 0.000000
4908 2.405258
4909 0.000000
4910 1.899324
4911 4.575629
4912 0.000000
4913 3.069218
4914 1.956777
4915 0.000000
4916 1.829255
4917 1.992356
4918 0.000000
4919 2.746450
4920 0.000000
4921 2.331023
4922 2.101326
4923 0.000000
4924 2.395035
4925 2.178201
4926 0.000000
4927 2.181867
4928 2.034751
4929 0.000000
4930 2.985349
4931 0.000000
4932 1.787126
4933 1.892790
4934 0.000000
4935 2.033218
4936 1.864827
4937 0.000000
4938 1.832752
4939 1.859171
4940 0.000000
4941 2.435090
4942 0.000000
4943 1.973850
4944 1.746387
4945 0.000000
4946 2.135164
4947 1.776002
4948 0.000000
4949 1.719452
4950 1.951602
4951 0.000000
4952 2.864822
4953 0.000000
4954 1.922519
4955 1.931845
4956 0.000000
4957 2.130249
4958 2.077753
4959 0.000000
4960 1.779737
4961 1.759183
4962 0.000000
4963 2.524509
4964 0.000000
4965 1.970311
4966 2.020081
4967 0.000000
4968 2.814784
4969 2.315797
4970 0.000000
4971 2.562714
4972 2.247465
4973 0.000000
4974 2.740522
4975 0.000000
4976 2.680201
4977 2.381835
4978 0.000000
4979 2.431048
4980 1.874008
4981 0.000000
4982 1.877154
4983 1.800427
4984 0.000000
4985 2.594650
4986 0.000000
4987 1.824809
4988 1.892075
4989 0.000000
4990 2.191625
4991 1.918782
4992 0.000000
4993 1.821747
4994 1.775564
4995 0.000000
4996 3.287447
4997 0.000000
4998 1.878295
4999 1.852501
5000 0.000000
5001 2.411373
5002 1.777804
5003 0.000000
5004 1.703114
5005 1.708747
5006 0.000000
5007 2.600091
5008 0.000000
5009 1.836649
5010 1.907320
5011 0.000000
5012 2.746176
5013 2.201107
5014 0.000000
5015 2.046291
5016 2.024253
5017 0.000000
5018 3.305595
5019 0.000000
5020 2.535142
5021 2.125694
5022 0.000000
5023 2.859954
5024 1.826130
5025 0.000000
5026 1.969542
5027 2.031118
5028 0.000000
5029 3.057595
5030 0.000000
5031 2.401480
5032 2.402246
5033 0.000000
5034 2.944825
5035 2.476191
5036 0.000000
5037 2.491595
5038 2.578674
5039 0.000000
5040 2.915020
5041 0.000000
5042 2.458024
5043 2.431952
5044 0.000000
5045 3.140251
5046 2.220170
5047 0.000000
5048 2.389915
5049 2.365427
5050 0.000000
5051 2.741311
5052 0.000000
5053 2.207066
5054 2.150046
5055 0.000000
5056 3.061692
5057 2.058961
5058 0.000000
5059 2.131768
5060 2.206454
5061 0.000000
5062 2.700286
5063 0.000000
5064 2.213927
5065 2.252999
5066 0.000000
5067 2.876082
5068 2.049038
5069 0.000000
5070 2.023345
5071 2.455947
5072 0.000000
5073 2.365909
5074 0.000000
5075 2.187170
5076 2.386027
5077 0.000000
5078 3.124772
5079 2.182276
5080 0.000000
5081 2.122249
5082 2.346371
5083 0.000000
5084 2.445125
5085 0.000000
5086 2.238785
5087 2.455233
5088 0.000000
5089 2.536399
5090 1.947897
5091 0.000000
5092 2.006566
5093 2.667288
5094 0.000000
5095 2.441140
5096 0.000000
5097 1.980244
5098 2.231054
5099 0.000000
5100 2.536565
5101 1.918490
5102 0.000000
5103 1.852368
5104 2.351500
5105 0.000000
5106 2.326703
5107 0.000000
5108 2.042811
5109 2.398441
5110 0.000000
5111 2.616395
5112 2.271347
5113 0.000000
5114 2.151136
5115 2.490008
5116 0.000000
5117 2.616420
5118 0.000000
5119 2.373647
5120 2.749393
5121 0.000000
5122 2.555054
5123 1.931138
5124 0.000000
5125 1.907214
5126 2.387406
5127 0.000000
5128 2.008687
5129 0.000000
5130 1.896817
5131 2.479053
5132 0.000000
5133 2.132683
5134 2.068815
5135 0.000000
5136 1.943405
5137 2.559790
5138 0.000000
5139 1.974612
5140 0.000000
5141 1.934311
5142 2.536573
5143 0.000000
5144 2.197653
5145 1.865030
5146 0.000000
5147 1.906718
5148 2.551235
5149 0.000000
5150 2.300377
5151 0.000000
5152 1.908963
5153 2.600851
5154 0.000000
5155 2.169921
5156 2.029152
5157 0.000000
5158 2.088246
5159 2.831458
5160 0.000000
5161 2.174776
5162 0.000000
5163 2.100600
5164 2.738214
5165 0.000000
5166 2.666580
5167 2.386416
5168 0.000000
5169 2.458326
5170 3.029202
5171 0.000000
5172 2.836260
5173 0.000000
5174 2.784086
5175 3.348067
5176 0.000000
5177 2.343164
5178 1.964686
5179 0.000000
5180 1.900836
5181 2.642348
5182 0.000000
5183 2.243751
5184 0.000000
5185 2.188345
5186 2.980962
5187 0.000000
5188 2.612560
5189 16.036056
5190 0.000000
5191 4.600879
5192 4.004446
5193 0.000000
5194 5.221529
5195 0.000000
5196 3.009739
5197 4.552535
5198 0.000000
5199 3.174391
5200 2.480565
5201 0.000000
5202 2.280524
5203 2.512772
5204 0.000000
5205 4.033546
5206 0.000000
5207 3.188076
5208 3.897880
5209 0.000000
5210 3.069788
5211 3.714836
5212 0.000000
5213 2.582808
5214 3.775550
5215 0.000000
5216 4.550320
5217 0.000000
5218 5.223905
5219 5.967063
5220 0.000000
5221 4.265454
5222 5.633747
5223 0.000000
5224 4.692199
5225 4.905015
5226 0.000000
5227 5.336377
5228 0.000000
5229 4.995452
5230 4.730394
5231 0.000000
5232 3.273031
5233 3.645196
5234 0.000000
5235 4.344180
5236 3.581161
5237 0.000000
5238 6.160303
5239 0.000000
5240 5.048616
5241 4.662038
5242 0.000000
5243 2.990421
5244 3.411154
5245 0.000000
5246 3.444506
5247 2.486726
5248 0.000000
5249 2.949451
5250 0.000000
5251 2.757111
5252 3.100346
5253 0.000000
5254 2.486764
5255 3.853414
5256 0.000000
5257 2.896139
5258 3.406738
5259 0.000000
5260 2.049828
5261 0.000000
5262 3.667274
5263 2.781047
5264 0.000000
5265 3.736669
5266 3.189272
5267 0.000000
5268 2.508931
5269 2.282054
5270 0.000000
5271 1.947062
5272 0.000000
5273 2.324008
5274 3.423658
5275 0.000000
5276 3.037202
5277 1.888643
5278 0.000000
5279 2.035789
5280 2.320980
5281 0.000000
5282 2.478938
5283 0.000000
5284 2.587751
5285 2.518222
5286 0.000000
5287 1.791217
5288 4.304541
5289 0.000000
5290 3.236432
5291 2.217000
5292 0.000000
5293 2.229747
5294 0.000000
5295 2.408901
5296 2.922790
5297 0.000000
5298 2.697821
5299 2.332311
5300 0.000000
5301 2.519803
5302 2.615124
5303 0.000000
5304 3.253354
5305 0.000000
5306 1.786548
5307 2.083076
5308 0.000000
5309 1.765888
5310 2.082767
5311 0.000000
5312 2.656666
5313 2.781661
5314 0.000000
5315 1.973655
5316 0.000000
5317 2.074743
5318 1.981900
5319 0.000000
5320 3.020598
5321 3.581949
5322 0.000000
5323 3.434161
5324 0.000000
5325 2.481027
5326 2.048101
5327 0.000000
5328 2.409934
5329 3.885459
5330 0.000000
5331 3.095727
5332 2.204892
5333 0.000000
5334 2.517556
5335 0.000000
5336 2.677663
5337 3.767196
5338 0.000000
5339 2.591418
5340 2.796410
5341 0.000000
5342 2.275426
5343 1.879130
5344 0.000000
5345 2.377609
5346 0.000000
5347 1.895427
5348 3.006820
5349 0.000000
5350 4.016063
5351 2.515141
5352 0.000000
5353 2.167546
5354 3.713061
5355 0.000000
5356 3.190640
5357 0.000000
5358 3.386868
5359 2.129045
5360 0.000000
5361 2.115137
5362 2.176244
5363 0.000000
5364 2.228563
5365 2.411269
5366 0.000000
5367 3.126734
5368 0.000000
5369 2.011934
5370 3.990486
5371 0.000000
5372 2.608459
5373 3.639412
5374 0.000000
5375 2.482969
5376 3.217593
5377 0.000000
5378 4.566026
5379 0.000000
5380 2.848509
5381 3.103059
5382 0.000000
5383 2.976398
5384 4.371653
5385 0.000000
5386 3.543761
5387 2.997963
5388 0.000000
5389 4.145789
5390 0.000000
5391 4.529014
5392 4.603911
5393 0.000000
5394 4.610358
5395 4.850100
5396 0.000000
5397 4.037682
5398 4.138741
5399 0.000000
5400 3.830377
5401 0.000000
5402 4.898566
5403 3.447816
5404 0.000000
5405 3.563167
5406 3.466710
5407 0.000000
5408 3.281544
5409 3.133720
5410 0.000000
5411 3.418488
5412 0.000000
5413 3.946416
5414 3.221703
5415 0.000000
5416 3.234247
5417 2.616222
5418 0.000000
5419 2.974567
5420 1.864585
5421 0.000000
5422 2.333656
5423 0.000000
5424 2.408255
5425 4.074746
5426 0.000000
5427 2.446636
5428 3.009115
5429 0.000000
5430 2.109240
5431 2.299722
5432 0.000000
5433 2.421821
5434 0.000000
5435 2.010925
5436 2.349453
5437 0.000000
5438 3.352652
5439 2.449113
5440 0.000000
5441 1.894197
5442 2.419138
5443 0.000000
5444 3.421669
5445 0.000000
5446 3.028060
5447 2.085268
5448 0.000000
5449 3.096434
5450 2.150481
5451 0.000000
5452 3.771559
5453 3.968796
5454 0.000000
5455 5.041949
5456 0.000000
5457 2.767039
5458 3.020939
5459 0.000000
5460 3.067642
5461 2.271701
5462 0.000000
5463 3.158272
5464 2.842489
5465 0.000000
5466 3.272482
5467 0.000000
5468 1.803821
5469 2.318679
5470 0.000000
5471 2.605159
5472 1.683479
5473 0.000000
5474 2.241429
5475 2.242968
5476 0.000000
5477 2.409787
5478 0.000000
5479 3.762864
5480 2.271376
5481 0.000000
5482 1.826776
5483 1.852375
5484 0.000000
5485 2.289750
5486 2.983307
5487 0.000000
5488 2.154925
5489 0.000000
5490 4.487076
5491 4.403248
5492 0.000000
5493 2.278797
5494 2.714711
5495 0.000000
5496 4.067380
5497 2.360640
5498 0.000000
5499 2.208188
5500 0.000000
5501 1.822746
5502 4.518361
5503 0.000000
5504 3.687788
5505 2.298024
5506 0.000000
5507 1.858711
5508 2.225602
5509 0.000000
5510 2.349954
5511 0.000000
5512 1.954290
5513 2.533027
5514 0.000000
5515 2.483704
5516 2.963055
5517 0.000000
5518 3.445473
5519 3.055328
5520 0.000000
5521 3.186579
5522 0.000000
5523 3.010164
5524 2.324372
5525 0.000000
5526 2.745228
5527 2.350899
5528 0.000000
5529 2.356410
5530 2.384210
5531 0.000000
5532 2.384901
5533 0.000000
5534 2.036089
5535 2.064734
5536 0.000000
5537 1.922353
5538 2.445361
5539 0.000000
5540 3.370737
5541 2.278308
5542 0.000000
5543 2.288022
5544 0.000000
5545 2.357372
5546 3.033895
5547 0.000000
5548 3.606515
5549 2.752864
5550 0.000000
5551 2.283578
5552 2.839924
5553 0.000000
5554 2.498220
5555 0.000000
5556 2.360711
5557 3.486154
5558 0.000000
5559 2.564770
5560 2.173909
5561 0.000000
5562 3.431150
5563 3.198834
5564 0.000000
5565 2.296780
5566 0.000000
5567 2.891827
5568 4.794789
5569 0.000000
5570 3.038816
5571 2.325447
5572 0.000000
5573 2.796690
5574 3.268594
5575 0.000000
5576 4.301957
5577 0.000000
5578 2.942909
5579 3.713505
5580 0.000000
5581 4.979003
5582 3.554279
5583 0.000000
5584 4.174250
5585 3.332458
5586 0.000000
5587 3.858198
5588 0.000000
5589 4.303923
5590 4.287736
5591 0.000000
5592 4.055680
5593 2.235949
5594 0.000000
5595 3.169153
5596 3.754716
5597 0.000000
5598 4.747962
5599 0.000000
5600 4.267146
5601 5.261307
5602 0.000000
5603 5.916194
5604 4.222099
5605 0.000000
5606 4.087997
5607 4.782089
5608 0.000000
5609 4.005895
5610 0.000000
5611 4.940179
5612 3.407108
5613 0.000000
5614 3.810411
5615 5.171078
5616 0.000000
5617 3.283773
5618 3.994004
5619 0.000000
5620 4.014135
5621 0.000000
5622 4.620901
5623 5.366035
5624 0.000000
5625 4.747723
5626 4.601491
5627 0.000000
5628 4.245709
5629 4.411929
5630 0.000000
5631 3.812510
5632 0.000000
5633 2.922200
5634 4.249461
5635 0.000000
5636 4.511999
5637 4.130645
5638 0.000000
5639 3.941712
5640 4.397752
5641 0.000000
5642 5.279950
5643 0.000000
5644 4.240426
5645 3.910340
5646 0.000000
5647 3.387165
5648 3.409619
5649 0.000000
5650 4.003748
5651 3.815273
5652 0.000000
5653 4.091641
5654 0.000000
5655 4.447172
5656 5.737367
5657 0.000000
5658 4.143064
5659 4.483617
5660 0.000000
5661 2.615279
5662 3.752539
5663 0.000000
5664 4.891060
5665 0.000000
5666 4.767936
5667 3.996790
5668 0.000000
5669 3.162021
5670 3.160678
5671 0.000000
5672 3.669320
5673 4.663622
5674 0.000000
5675 3.905008
5676 0.000000
5677 3.244364
